0 Slope Brick Curved 2 x 3 x 0.667 with Fin and 2 Studs
0 Name: 47456.dat
0 Author: Paul Izquierdo Rojas [pir]
0 !LDRAW_ORG Unofficial_Part
0 !LICENSE Licensed under CC BY 2.0 and CC BY 4.0 : see CAreadme.txt

0 BFC CERTIFY CCW

0 !HISTORY 2007-11-01 [mikeheide] Added missing egdelines, corrected four 1-4edge.dat
0 !HISTORY 2009-09-03 [PTadmin] Official Update 2009-02
0 !HISTORY 2018-05-13 [cwdee] Correct description
0 !HISTORY 2018-12-08 [PTadmin] Official Update 2018-02
0 !HISTORY 2024-01-04 [GeraldLasser] Closed Gaps and Subfiled Common Geometry for Use with 79897

1 16 0 0 0 1 0 0 0 1 0 0 0 1 s\47456s01.dat
1 16 0 0 0 1 0 0 0 1 0 0 0 1 s\47456s03.dat

1 16 0 0 0 0 0 1 0 1 0 -1 0 0 stug-2x1.dat

0 // Bottom
4 16 20 16 -50 -20 16 -50 -16 16 -46 16 16 -46
4 16 20 16 10 16 16 6 -16 16 6 -20 16 10
4 16 -20 16 10 -16 16 6 -16 16 -46 -20 16 -50
4 16 20 16 10 20 16 -50 16 16 -46 16 16 6
1 16 0 12.5 6 -16 0 0 0 0 3.5 0 1 0 rect3.dat
1 16 0 14 -46 16 0 0 0 0 2 0 -1 0 rect3.dat
2 24 16 16 6 16 16 -46
2 24 -16 16 -46 -16 16 6
1 16 0 16 -20 20 0 0 0 1 0 0 0 30 recte4.dat

3 16 16 16 -46 16 12 -46 16 10 -26
3 16 16 16 -46 16 10 -26 16 9 -10
3 16 16 16 -46 16 9 -10 16 16 6
3 16 16 16 6 16 9 -10 16 9 -6
3 16 16 16 6 16 9 -6 16 9 0
3 16 16 16 6 16 9 0 16 9 6
2 24 16 9 0 16 9 6
2 24 16 9 0 16 9 -6
2 24 16 9 -6 16 9 -10
2 24 16 9 -10 16 10 -26
2 24 16 10 -26 16 12 -46

3 16 -16 12 -46 -16 16 -46 -16 10 -26
3 16 -16 10 -26 -16 16 -46 -16 9 -10
3 16 -16 9 -10 -16 16 -46 -16 16 6
3 16 -16 9 -10 -16 16 6 -16 9 -6
3 16 -16 9 -6 -16 16 6 -16 9 0
3 16 -16 9 0 -16 16 6 -16 9 6
2 24 -16 9 6 -16 9 0
2 24 -16 9 -6 -16 9 0
2 24 -16 9 -10 -16 9 -6
2 24 -16 10 -26 -16 9 -10
2 24 -16 12 -46 -16 10 -26

0 // Side
4 16 -20 16 10 -20 8 10 20 8 10 20 16 10

2 24 20 11 -50 20 16 -50
2 24 20 11 -50 20 10.083 -40.016
2 24 20 10.083 -40.016 20 9.333 -30.022
2 24 20 9.333 -30.022 20 8.749 -20.022
2 24 20 8.749 -20.022 20 8.333 -10.014
2 24 20 8.333 -10.014 20 8 0
2 24 20 8 10 20 16 10
3 16 20 11 -50 20 16 -50 20 10.083 -40.016
4 16 20 10.083 -40.016 20 16 -50 20 8.749 -20.022 20 9.333 -30.022
4 16 20 8.333 -10.014 20 8.749 -20.022 20 16 -50 20 16 10
4 16 20 8.333 -10.014 20 16 10 20 8 10 20 8 0

2 24 -20 16 -50 -20 11 -50
2 24 -20 10.083 -40.016 -20 11 -50
2 24 -20 9.333 -30.022 -20 10.083 -40.016
2 24 -20 8.749 -20.022 -20 9.333 -30.022
2 24 -20 8.333 -10.014 -20 8.749 -20.022
2 24 -20 8 0 -20 8.333 -10.014
2 24 -20 16 10 -20 8 10
3 16 -20 16 -50 -20 11 -50 -20 10.083 -40.016
4 16 -20 8.749 -20.022 -20 16 -50 -20 10.083 -40.016 -20 9.333 -30.022
4 16 -20 16 -50 -20 8.749 -20.022 -20 8.333 -10.014 -20 16 10
4 16 -20 8 10 -20 16 10 -20 8.333 -10.014 -20 8 0
