0 Torus Outside  1 x 1.6667 x 1.0
0 Name: r01o1666.dat
0 Author: Gerald Lasser [GeraldLasser]
0 !LDRAW_ORG Unofficial_Primitive
0 !LICENSE Licensed under CC BY 4.0 : see CAreadme.txt

0 BFC CERTIFY CCW

0 // Major Radius: 3
0 // Tube(Minor) Radius: 5
0 // Segments(Sweep): 16/16 = 1.00
0 // 1 9 0 0 0 1 0 0 0 1 0 0 0 1 4-4edge.dat
0 // 1 12 1 0 0 1.6667 0 0 0 0 1.6667 0 1 0 4-4edge.dat

4 16 1 1.6667 0 0.9239 1.6667 0.3827 1.5132 1.5398 0.6268 1.6378 1.5398 0
4 16 1.6378 1.5398 0 1.5132 1.5398 0.6268 2.0127 1.1785 0.8337 2.1785 1.1785 0
4 16 2.1785 1.1785 0 2.0127 1.1785 0.8337 2.3466 0.6378 0.972 2.5398 0.6378 0
4 16 2.5398 0.6378 0 2.3466 0.6378 0.972 2.4637 0 1.0205 2.6667 0 0
4 16 0.9239 1.6667 0.3827 0.7071 1.6667 0.7071 1.1581 1.5398 1.1581 1.5132 1.5398 0.6268
4 16 1.5132 1.5398 0.6268 1.1581 1.5398 1.1581 1.5404 1.1785 1.5404 2.0127 1.1785 0.8337
4 16 2.0127 1.1785 0.8337 1.5404 1.1785 1.5404 1.7959 0.6378 1.7959 2.3466 0.6378 0.972
4 16 2.3466 0.6378 0.972 1.7959 0.6378 1.7959 1.8856 0 1.8856 2.4637 0 1.0205
4 16 0.7071 1.6667 0.7071 0.3827 1.6667 0.9239 0.6268 1.5398 1.5132 1.1581 1.5398 1.1581
4 16 1.1581 1.5398 1.1581 0.6268 1.5398 1.5132 0.8337 1.1785 2.0127 1.5404 1.1785 1.5404
4 16 1.5404 1.1785 1.5404 0.8337 1.1785 2.0127 0.972 0.6378 2.3466 1.7959 0.6378 1.7959
4 16 1.7959 0.6378 1.7959 0.972 0.6378 2.3466 1.0205 0 2.4637 1.8856 0 1.8856
4 16 0.3827 1.6667 0.9239 0 1.6667 1 0 1.5398 1.6378 0.6268 1.5398 1.5132
4 16 0.6268 1.5398 1.5132 0 1.5398 1.6378 0 1.1785 2.1785 0.8337 1.1785 2.0127
4 16 0.8337 1.1785 2.0127 0 1.1785 2.1785 0 0.6378 2.5398 0.972 0.6378 2.3466
4 16 0.972 0.6378 2.3466 0 0.6378 2.5398 0 0 2.6667 1.0205 0 2.4637
4 16 0 1.6667 1 -0.3827 1.6667 0.9239 -0.6268 1.5398 1.5132 0 1.5398 1.6378
4 16 0 1.5398 1.6378 -0.6268 1.5398 1.5132 -0.8337 1.1785 2.0127 0 1.1785 2.1785
4 16 0 1.1785 2.1785 -0.8337 1.1785 2.0127 -0.972 0.6378 2.3466 0 0.6378 2.5398
4 16 0 0.6378 2.5398 -0.972 0.6378 2.3466 -1.0205 0 2.4637 0 0 2.6667
4 16 -0.3827 1.6667 0.9239 -0.7071 1.6667 0.7071 -1.1581 1.5398 1.1581 -0.6268 1.5398 1.5132
4 16 -0.6268 1.5398 1.5132 -1.1581 1.5398 1.1581 -1.5404 1.1785 1.5404 -0.8337 1.1785 2.0127
4 16 -0.8337 1.1785 2.0127 -1.5404 1.1785 1.5404 -1.7959 0.6378 1.7959 -0.972 0.6378 2.3466
4 16 -0.972 0.6378 2.3466 -1.7959 0.6378 1.7959 -1.8856 0 1.8856 -1.0205 0 2.4637
4 16 -0.7071 1.6667 0.7071 -0.9239 1.6667 0.3827 -1.5132 1.5398 0.6268 -1.1581 1.5398 1.1581
4 16 -1.1581 1.5398 1.1581 -1.5132 1.5398 0.6268 -2.0127 1.1785 0.8337 -1.5404 1.1785 1.5404
4 16 -1.5404 1.1785 1.5404 -2.0127 1.1785 0.8337 -2.3466 0.6378 0.972 -1.7959 0.6378 1.7959
4 16 -1.7959 0.6378 1.7959 -2.3466 0.6378 0.972 -2.4637 0 1.0205 -1.8856 0 1.8856
4 16 -0.9239 1.6667 0.3827 -1 1.6667 0 -1.6378 1.5398 0 -1.5132 1.5398 0.6268
4 16 -1.5132 1.5398 0.6268 -1.6378 1.5398 0 -2.1785 1.1785 0 -2.0127 1.1785 0.8337
4 16 -2.0127 1.1785 0.8337 -2.1785 1.1785 0 -2.5398 0.6378 0 -2.3466 0.6378 0.972
4 16 -2.3466 0.6378 0.972 -2.5398 0.6378 0 -2.6667 0 0 -2.4637 0 1.0205
4 16 -1 1.6667 0 -0.9239 1.6667 -0.3827 -1.5132 1.5398 -0.6268 -1.6378 1.5398 0
4 16 -1.6378 1.5398 0 -1.5132 1.5398 -0.6268 -2.0127 1.1785 -0.8337 -2.1785 1.1785 0
4 16 -2.1785 1.1785 0 -2.0127 1.1785 -0.8337 -2.3466 0.6378 -0.972 -2.5398 0.6378 0
4 16 -2.5398 0.6378 0 -2.3466 0.6378 -0.972 -2.4637 0 -1.0205 -2.6667 0 0
4 16 -0.9239 1.6667 -0.3827 -0.7071 1.6667 -0.7071 -1.1581 1.5398 -1.1581 -1.5132 1.5398 -0.6268
4 16 -1.5132 1.5398 -0.6268 -1.1581 1.5398 -1.1581 -1.5404 1.1785 -1.5404 -2.0127 1.1785 -0.8337
4 16 -2.0127 1.1785 -0.8337 -1.5404 1.1785 -1.5404 -1.7959 0.6378 -1.7959 -2.3466 0.6378 -0.972
4 16 -2.3466 0.6378 -0.972 -1.7959 0.6378 -1.7959 -1.8856 0 -1.8856 -2.4637 0 -1.0205
4 16 -0.7071 1.6667 -0.7071 -0.3827 1.6667 -0.9239 -0.6268 1.5398 -1.5132 -1.1581 1.5398 -1.1581
4 16 -1.1581 1.5398 -1.1581 -0.6268 1.5398 -1.5132 -0.8337 1.1785 -2.0127 -1.5404 1.1785 -1.5404
4 16 -1.5404 1.1785 -1.5404 -0.8337 1.1785 -2.0127 -0.972 0.6378 -2.3466 -1.7959 0.6378 -1.7959
4 16 -1.7959 0.6378 -1.7959 -0.972 0.6378 -2.3466 -1.0205 0 -2.4637 -1.8856 0 -1.8856
4 16 -0.3827 1.6667 -0.9239 0 1.6667 -1 0 1.5398 -1.6378 -0.6268 1.5398 -1.5132
4 16 -0.6268 1.5398 -1.5132 0 1.5398 -1.6378 0 1.1785 -2.1785 -0.8337 1.1785 -2.0127
4 16 -0.8337 1.1785 -2.0127 0 1.1785 -2.1785 0 0.6378 -2.5398 -0.972 0.6378 -2.3466
4 16 -0.972 0.6378 -2.3466 0 0.6378 -2.5398 0 0 -2.6667 -1.0205 0 -2.4637
4 16 0 1.6667 -1 0.3827 1.6667 -0.9239 0.6268 1.5398 -1.5132 0 1.5398 -1.6378
4 16 0 1.5398 -1.6378 0.6268 1.5398 -1.5132 0.8337 1.1785 -2.0127 0 1.1785 -2.1785
4 16 0 1.1785 -2.1785 0.8337 1.1785 -2.0127 0.972 0.6378 -2.3466 0 0.6378 -2.5398
4 16 0 0.6378 -2.5398 0.972 0.6378 -2.3466 1.0205 0 -2.4637 0 0 -2.6667
4 16 0.3827 1.6667 -0.9239 0.7071 1.6667 -0.7071 1.1581 1.5398 -1.1581 0.6268 1.5398 -1.5132
4 16 0.6268 1.5398 -1.5132 1.1581 1.5398 -1.1581 1.5404 1.1785 -1.5404 0.8337 1.1785 -2.0127
4 16 0.8337 1.1785 -2.0127 1.5404 1.1785 -1.5404 1.7959 0.6378 -1.7959 0.972 0.6378 -2.3466
4 16 0.972 0.6378 -2.3466 1.7959 0.6378 -1.7959 1.8856 0 -1.8856 1.0205 0 -2.4637
4 16 0.7071 1.6667 -0.7071 0.9239 1.6667 -0.3827 1.5132 1.5398 -0.6268 1.1581 1.5398 -1.1581
4 16 1.1581 1.5398 -1.1581 1.5132 1.5398 -0.6268 2.0127 1.1785 -0.8337 1.5404 1.1785 -1.5404
4 16 1.5404 1.1785 -1.5404 2.0127 1.1785 -0.8337 2.3466 0.6378 -0.972 1.7959 0.6378 -1.7959
4 16 1.7959 0.6378 -1.7959 2.3466 0.6378 -0.972 2.4637 0 -1.0205 1.8856 0 -1.8856
4 16 0.9239 1.6667 -0.3827 1 1.6667 0 1.6378 1.5398 0 1.5132 1.5398 -0.6268
4 16 1.5132 1.5398 -0.6268 1.6378 1.5398 0 2.1785 1.1785 0 2.0127 1.1785 -0.8337
4 16 2.0127 1.1785 -0.8337 2.1785 1.1785 0 2.5398 0.6378 0 2.3466 0.6378 -0.972
4 16 2.3466 0.6378 -0.972 2.5398 0.6378 0 2.6667 0 0 2.4637 0 -1.0205
0 // conditional lines
5 24 0.9239 1.6667 0.3827 1 1.6667 0 1.5132 1.5398 0.6268 0.3346 1.6667 0.1386
5 24 1.5132 1.5398 0.6268 1.6378 1.5398 0 0.9239 1.6667 0.3827 2.0127 1.1785 0.8337
5 24 0.9239 1.6667 0.3827 1.5132 1.5398 0.6268 1 1.6667 0 0.7071 1.6667 0.7071
5 24 2.0127 1.1785 0.8337 2.1785 1.1785 0 1.5132 1.5398 0.6268 2.3466 0.6378 0.972
5 24 1.5132 1.5398 0.6268 2.0127 1.1785 0.8337 1.6378 1.5398 0 1.1581 1.5398 1.1581
5 24 2.3466 0.6378 0.972 2.5398 0.6378 0 2.0127 1.1785 0.8337 2.4637 0 1.0205
5 24 2.0127 1.1785 0.8337 2.3466 0.6378 0.972 2.1785 1.1785 0 1.5404 1.1785 1.5404
5 24 2.3466 0.6378 0.972 2.4637 0 1.0205 2.5398 0.6378 0 1.7959 0.6378 1.7959
5 24 2.4637 0 1.0205 2.6667 0 0 2.3466 0.6378 0.972 2.4637 -0.6378 1.0205
5 24 0.7071 1.6667 0.7071 0.9239 1.6667 0.3827 1.1581 1.5398 1.1581 0.2561 1.6667 0.2561
5 24 1.1581 1.5398 1.1581 1.5132 1.5398 0.6268 0.7071 1.6667 0.7071 1.5404 1.1785 1.5404
5 24 0.7071 1.6667 0.7071 1.1581 1.5398 1.1581 0.9239 1.6667 0.3827 0.3827 1.6667 0.9239
5 24 1.5404 1.1785 1.5404 2.0127 1.1785 0.8337 1.1581 1.5398 1.1581 1.7959 0.6378 1.7959
5 24 1.1581 1.5398 1.1581 1.5404 1.1785 1.5404 1.5132 1.5398 0.6268 0.6268 1.5398 1.5132
5 24 1.7959 0.6378 1.7959 2.3466 0.6378 0.972 1.5404 1.1785 1.5404 1.8856 0 1.8856
5 24 1.5404 1.1785 1.5404 1.7959 0.6378 1.7959 2.0127 1.1785 0.8337 0.8337 1.1785 2.0127
5 24 1.7959 0.6378 1.7959 1.8856 0 1.8856 2.3466 0.6378 0.972 0.972 0.6378 2.3466
5 24 1.8856 0 1.8856 2.4637 0 1.0205 1.7959 0.6378 1.7959 1.8856 -0.6378 1.8856
5 24 0.3827 1.6667 0.9239 0.7071 1.6667 0.7071 0.6268 1.5398 1.5132 0.1386 1.6667 0.3346
5 24 0.6268 1.5398 1.5132 1.1581 1.5398 1.1581 0.3827 1.6667 0.9239 0.8337 1.1785 2.0127
5 24 0.3827 1.6667 0.9239 0.6268 1.5398 1.5132 0.7071 1.6667 0.7071 0 1.6667 1
5 24 0.8337 1.1785 2.0127 1.5404 1.1785 1.5404 0.6268 1.5398 1.5132 0.972 0.6378 2.3466
5 24 0.6268 1.5398 1.5132 0.8337 1.1785 2.0127 1.1581 1.5398 1.1581 0 1.5398 1.6378
5 24 0.972 0.6378 2.3466 1.7959 0.6378 1.7959 0.8337 1.1785 2.0127 1.0205 0 2.4637
5 24 0.8337 1.1785 2.0127 0.972 0.6378 2.3466 1.5404 1.1785 1.5404 0 1.1785 2.1785
5 24 0.972 0.6378 2.3466 1.0205 0 2.4637 1.7959 0.6378 1.7959 0 0.6378 2.5398
5 24 1.0205 0 2.4637 1.8856 0 1.8856 0.972 0.6378 2.3466 1.0205 -0.6378 2.4637
5 24 0 1.6667 1 0.3827 1.6667 0.9239 0 1.5398 1.6378 0 1.6667 0.3622
5 24 0 1.5398 1.6378 0.6268 1.5398 1.5132 0 1.6667 1 0 1.1785 2.1785
5 24 0 1.6667 1 0 1.5398 1.6378 0.3827 1.6667 0.9239 -0.3827 1.6667 0.9239
5 24 0 1.1785 2.1785 0.8337 1.1785 2.0127 0 1.5398 1.6378 0 0.6378 2.5398
5 24 0 1.5398 1.6378 0 1.1785 2.1785 0.6268 1.5398 1.5132 -0.6268 1.5398 1.5132
5 24 0 0.6378 2.5398 0.972 0.6378 2.3466 0 1.1785 2.1785 0 0 2.6667
5 24 0 1.1785 2.1785 0 0.6378 2.5398 0.8337 1.1785 2.0127 -0.8337 1.1785 2.0127
5 24 0 0.6378 2.5398 0 0 2.6667 0.972 0.6378 2.3466 -0.972 0.6378 2.3466
5 24 0 0 2.6667 1.0205 0 2.4637 0 0.6378 2.5398 0 -0.6378 2.6667
5 24 -0.3827 1.6667 0.9239 0 1.6667 1 -0.6268 1.5398 1.5132 -0.1386 1.6667 0.3346
5 24 -0.6268 1.5398 1.5132 0 1.5398 1.6378 -0.3827 1.6667 0.9239 -0.8337 1.1785 2.0127
5 24 -0.3827 1.6667 0.9239 -0.6268 1.5398 1.5132 0 1.6667 1 -0.7071 1.6667 0.7071
5 24 -0.8337 1.1785 2.0127 0 1.1785 2.1785 -0.6268 1.5398 1.5132 -0.972 0.6378 2.3466
5 24 -0.6268 1.5398 1.5132 -0.8337 1.1785 2.0127 0 1.5398 1.6378 -1.1581 1.5398 1.1581
5 24 -0.972 0.6378 2.3466 0 0.6378 2.5398 -0.8337 1.1785 2.0127 -1.0205 0 2.4637
5 24 -0.8337 1.1785 2.0127 -0.972 0.6378 2.3466 0 1.1785 2.1785 -1.5404 1.1785 1.5404
5 24 -0.972 0.6378 2.3466 -1.0205 0 2.4637 0 0.6378 2.5398 -1.7959 0.6378 1.7959
5 24 -1.0205 0 2.4637 0 0 2.6667 -0.972 0.6378 2.3466 -1.0205 -0.6378 2.4637
5 24 -0.7071 1.6667 0.7071 -0.3827 1.6667 0.9239 -1.1581 1.5398 1.1581 -0.2561 1.6667 0.2561
5 24 -1.1581 1.5398 1.1581 -0.6268 1.5398 1.5132 -0.7071 1.6667 0.7071 -1.5404 1.1785 1.5404
5 24 -0.7071 1.6667 0.7071 -1.1581 1.5398 1.1581 -0.3827 1.6667 0.9239 -0.9239 1.6667 0.3827
5 24 -1.5404 1.1785 1.5404 -0.8337 1.1785 2.0127 -1.1581 1.5398 1.1581 -1.7959 0.6378 1.7959
5 24 -1.1581 1.5398 1.1581 -1.5404 1.1785 1.5404 -0.6268 1.5398 1.5132 -1.5132 1.5398 0.6268
5 24 -1.7959 0.6378 1.7959 -0.972 0.6378 2.3466 -1.5404 1.1785 1.5404 -1.8856 0 1.8856
5 24 -1.5404 1.1785 1.5404 -1.7959 0.6378 1.7959 -0.8337 1.1785 2.0127 -2.0127 1.1785 0.8337
5 24 -1.7959 0.6378 1.7959 -1.8856 0 1.8856 -0.972 0.6378 2.3466 -2.3466 0.6378 0.972
5 24 -1.8856 0 1.8856 -1.0205 0 2.4637 -1.7959 0.6378 1.7959 -1.8856 -0.6378 1.8856
5 24 -0.9239 1.6667 0.3827 -0.7071 1.6667 0.7071 -1.5132 1.5398 0.6268 -0.3346 1.6667 0.1386
5 24 -1.5132 1.5398 0.6268 -1.1581 1.5398 1.1581 -0.9239 1.6667 0.3827 -2.0127 1.1785 0.8337
5 24 -0.9239 1.6667 0.3827 -1.5132 1.5398 0.6268 -0.7071 1.6667 0.7071 -1 1.6667 0
5 24 -2.0127 1.1785 0.8337 -1.5404 1.1785 1.5404 -1.5132 1.5398 0.6268 -2.3466 0.6378 0.972
5 24 -1.5132 1.5398 0.6268 -2.0127 1.1785 0.8337 -1.1581 1.5398 1.1581 -1.6378 1.5398 0
5 24 -2.3466 0.6378 0.972 -1.7959 0.6378 1.7959 -2.0127 1.1785 0.8337 -2.4637 0 1.0205
5 24 -2.0127 1.1785 0.8337 -2.3466 0.6378 0.972 -1.5404 1.1785 1.5404 -2.1785 1.1785 0
5 24 -2.3466 0.6378 0.972 -2.4637 0 1.0205 -1.7959 0.6378 1.7959 -2.5398 0.6378 0
5 24 -2.4637 0 1.0205 -1.8856 0 1.8856 -2.3466 0.6378 0.972 -2.4637 -0.6378 1.0205
5 24 -1 1.6667 0 -0.9239 1.6667 0.3827 -1.6378 1.5398 0 -0.3622 1.6667 0
5 24 -1.6378 1.5398 0 -1.5132 1.5398 0.6268 -1 1.6667 0 -2.1785 1.1785 0
5 24 -1 1.6667 0 -1.6378 1.5398 0 -0.9239 1.6667 0.3827 -0.9239 1.6667 -0.3827
5 24 -2.1785 1.1785 0 -2.0127 1.1785 0.8337 -1.6378 1.5398 0 -2.5398 0.6378 0
5 24 -1.6378 1.5398 0 -2.1785 1.1785 0 -1.5132 1.5398 0.6268 -1.5132 1.5398 -0.6268
5 24 -2.5398 0.6378 0 -2.3466 0.6378 0.972 -2.1785 1.1785 0 -2.6667 0 0
5 24 -2.1785 1.1785 0 -2.5398 0.6378 0 -2.0127 1.1785 0.8337 -2.0127 1.1785 -0.8337
5 24 -2.5398 0.6378 0 -2.6667 0 0 -2.3466 0.6378 0.972 -2.3466 0.6378 -0.972
5 24 -2.6667 0 0 -2.4637 0 1.0205 -2.5398 0.6378 0 -2.6667 -0.6378 0
5 24 -0.9239 1.6667 -0.3827 -1 1.6667 0 -1.5132 1.5398 -0.6268 -0.3346 1.6667 -0.1386
5 24 -1.5132 1.5398 -0.6268 -1.6378 1.5398 0 -0.9239 1.6667 -0.3827 -2.0127 1.1785 -0.8337
5 24 -0.9239 1.6667 -0.3827 -1.5132 1.5398 -0.6268 -1 1.6667 0 -0.7071 1.6667 -0.7071
5 24 -2.0127 1.1785 -0.8337 -2.1785 1.1785 0 -1.5132 1.5398 -0.6268 -2.3466 0.6378 -0.972
5 24 -1.5132 1.5398 -0.6268 -2.0127 1.1785 -0.8337 -1.6378 1.5398 0 -1.1581 1.5398 -1.1581
5 24 -2.3466 0.6378 -0.972 -2.5398 0.6378 0 -2.0127 1.1785 -0.8337 -2.4637 0 -1.0205
5 24 -2.0127 1.1785 -0.8337 -2.3466 0.6378 -0.972 -2.1785 1.1785 0 -1.5404 1.1785 -1.5404
5 24 -2.3466 0.6378 -0.972 -2.4637 0 -1.0205 -2.5398 0.6378 0 -1.7959 0.6378 -1.7959
5 24 -2.4637 0 -1.0205 -2.6667 0 0 -2.3466 0.6378 -0.972 -2.4637 -0.6378 -1.0205
5 24 -0.7071 1.6667 -0.7071 -0.9239 1.6667 -0.3827 -1.1581 1.5398 -1.1581 -0.2561 1.6667 -0.2561
5 24 -1.1581 1.5398 -1.1581 -1.5132 1.5398 -0.6268 -0.7071 1.6667 -0.7071 -1.5404 1.1785 -1.5404
5 24 -0.7071 1.6667 -0.7071 -1.1581 1.5398 -1.1581 -0.9239 1.6667 -0.3827 -0.3827 1.6667 -0.9239
5 24 -1.5404 1.1785 -1.5404 -2.0127 1.1785 -0.8337 -1.1581 1.5398 -1.1581 -1.7959 0.6378 -1.7959
5 24 -1.1581 1.5398 -1.1581 -1.5404 1.1785 -1.5404 -1.5132 1.5398 -0.6268 -0.6268 1.5398 -1.5132
5 24 -1.7959 0.6378 -1.7959 -2.3466 0.6378 -0.972 -1.5404 1.1785 -1.5404 -1.8856 0 -1.8856
5 24 -1.5404 1.1785 -1.5404 -1.7959 0.6378 -1.7959 -2.0127 1.1785 -0.8337 -0.8337 1.1785 -2.0127
5 24 -1.7959 0.6378 -1.7959 -1.8856 0 -1.8856 -2.3466 0.6378 -0.972 -0.972 0.6378 -2.3466
5 24 -1.8856 0 -1.8856 -2.4637 0 -1.0205 -1.7959 0.6378 -1.7959 -1.8856 -0.6378 -1.8856
5 24 -0.3827 1.6667 -0.9239 -0.7071 1.6667 -0.7071 -0.6268 1.5398 -1.5132 -0.1386 1.6667 -0.3346
5 24 -0.6268 1.5398 -1.5132 -1.1581 1.5398 -1.1581 -0.3827 1.6667 -0.9239 -0.8337 1.1785 -2.0127
5 24 -0.3827 1.6667 -0.9239 -0.6268 1.5398 -1.5132 -0.7071 1.6667 -0.7071 0 1.6667 -1
5 24 -0.8337 1.1785 -2.0127 -1.5404 1.1785 -1.5404 -0.6268 1.5398 -1.5132 -0.972 0.6378 -2.3466
5 24 -0.6268 1.5398 -1.5132 -0.8337 1.1785 -2.0127 -1.1581 1.5398 -1.1581 0 1.5398 -1.6378
5 24 -0.972 0.6378 -2.3466 -1.7959 0.6378 -1.7959 -0.8337 1.1785 -2.0127 -1.0205 0 -2.4637
5 24 -0.8337 1.1785 -2.0127 -0.972 0.6378 -2.3466 -1.5404 1.1785 -1.5404 0 1.1785 -2.1785
5 24 -0.972 0.6378 -2.3466 -1.0205 0 -2.4637 -1.7959 0.6378 -1.7959 0 0.6378 -2.5398
5 24 -1.0205 0 -2.4637 -1.8856 0 -1.8856 -0.972 0.6378 -2.3466 -1.0205 -0.6378 -2.4637
5 24 0 1.6667 -1 -0.3827 1.6667 -0.9239 0 1.5398 -1.6378 0 1.6667 -0.3622
5 24 0 1.5398 -1.6378 -0.6268 1.5398 -1.5132 0 1.6667 -1 0 1.1785 -2.1785
5 24 0 1.6667 -1 0 1.5398 -1.6378 -0.3827 1.6667 -0.9239 0.3827 1.6667 -0.9239
5 24 0 1.1785 -2.1785 -0.8337 1.1785 -2.0127 0 1.5398 -1.6378 0 0.6378 -2.5398
5 24 0 1.5398 -1.6378 0 1.1785 -2.1785 -0.6268 1.5398 -1.5132 0.6268 1.5398 -1.5132
5 24 0 0.6378 -2.5398 -0.972 0.6378 -2.3466 0 1.1785 -2.1785 0 0 -2.6667
5 24 0 1.1785 -2.1785 0 0.6378 -2.5398 -0.8337 1.1785 -2.0127 0.8337 1.1785 -2.0127
5 24 0 0.6378 -2.5398 0 0 -2.6667 -0.972 0.6378 -2.3466 0.972 0.6378 -2.3466
5 24 0 0 -2.6667 -1.0205 0 -2.4637 0 0.6378 -2.5398 0 -0.6378 -2.6667
5 24 0.3827 1.6667 -0.9239 0 1.6667 -1 0.6268 1.5398 -1.5132 0.1386 1.6667 -0.3346
5 24 0.6268 1.5398 -1.5132 0 1.5398 -1.6378 0.3827 1.6667 -0.9239 0.8337 1.1785 -2.0127
5 24 0.3827 1.6667 -0.9239 0.6268 1.5398 -1.5132 0 1.6667 -1 0.7071 1.6667 -0.7071
5 24 0.8337 1.1785 -2.0127 0 1.1785 -2.1785 0.6268 1.5398 -1.5132 0.972 0.6378 -2.3466
5 24 0.6268 1.5398 -1.5132 0.8337 1.1785 -2.0127 0 1.5398 -1.6378 1.1581 1.5398 -1.1581
5 24 0.972 0.6378 -2.3466 0 0.6378 -2.5398 0.8337 1.1785 -2.0127 1.0205 0 -2.4637
5 24 0.8337 1.1785 -2.0127 0.972 0.6378 -2.3466 0 1.1785 -2.1785 1.5404 1.1785 -1.5404
5 24 0.972 0.6378 -2.3466 1.0205 0 -2.4637 0 0.6378 -2.5398 1.7959 0.6378 -1.7959
5 24 1.0205 0 -2.4637 0 0 -2.6667 0.972 0.6378 -2.3466 1.0205 -0.6378 -2.4637
5 24 0.7071 1.6667 -0.7071 0.3827 1.6667 -0.9239 1.1581 1.5398 -1.1581 0.2561 1.6667 -0.2561
5 24 1.1581 1.5398 -1.1581 0.6268 1.5398 -1.5132 0.7071 1.6667 -0.7071 1.5404 1.1785 -1.5404
5 24 0.7071 1.6667 -0.7071 1.1581 1.5398 -1.1581 0.3827 1.6667 -0.9239 0.9239 1.6667 -0.3827
5 24 1.5404 1.1785 -1.5404 0.8337 1.1785 -2.0127 1.1581 1.5398 -1.1581 1.7959 0.6378 -1.7959
5 24 1.1581 1.5398 -1.1581 1.5404 1.1785 -1.5404 0.6268 1.5398 -1.5132 1.5132 1.5398 -0.6268
5 24 1.7959 0.6378 -1.7959 0.972 0.6378 -2.3466 1.5404 1.1785 -1.5404 1.8856 0 -1.8856
5 24 1.5404 1.1785 -1.5404 1.7959 0.6378 -1.7959 0.8337 1.1785 -2.0127 2.0127 1.1785 -0.8337
5 24 1.7959 0.6378 -1.7959 1.8856 0 -1.8856 0.972 0.6378 -2.3466 2.3466 0.6378 -0.972
5 24 1.8856 0 -1.8856 1.0205 0 -2.4637 1.7959 0.6378 -1.7959 1.8856 -0.6378 -1.8856
5 24 0.9239 1.6667 -0.3827 0.7071 1.6667 -0.7071 1.5132 1.5398 -0.6268 0.3346 1.6667 -0.1386
5 24 1.5132 1.5398 -0.6268 1.1581 1.5398 -1.1581 0.9239 1.6667 -0.3827 2.0127 1.1785 -0.8337
5 24 0.9239 1.6667 -0.3827 1.5132 1.5398 -0.6268 0.7071 1.6667 -0.7071 1 1.6667 0
5 24 2.0127 1.1785 -0.8337 1.5404 1.1785 -1.5404 1.5132 1.5398 -0.6268 2.3466 0.6378 -0.972
5 24 1.5132 1.5398 -0.6268 2.0127 1.1785 -0.8337 1.1581 1.5398 -1.1581 1.6378 1.5398 0
5 24 2.3466 0.6378 -0.972 1.7959 0.6378 -1.7959 2.0127 1.1785 -0.8337 2.4637 0 -1.0205
5 24 2.0127 1.1785 -0.8337 2.3466 0.6378 -0.972 1.5404 1.1785 -1.5404 2.1785 1.1785 0
5 24 2.3466 0.6378 -0.972 2.4637 0 -1.0205 1.7959 0.6378 -1.7959 2.5398 0.6378 0
5 24 2.4637 0 -1.0205 1.8856 0 -1.8856 2.3466 0.6378 -0.972 2.4637 -0.6378 -1.0205
5 24 1 1.6667 0 0.9239 1.6667 -0.3827 1.6378 1.5398 0 0.3622 1.6667 0
5 24 1.6378 1.5398 0 1.5132 1.5398 -0.6268 1 1.6667 0 2.1785 1.1785 0
5 24 1 1.6667 0 1.6378 1.5398 0 0.9239 1.6667 -0.3827 0.9239 1.6667 0.3827
5 24 2.1785 1.1785 0 2.0127 1.1785 -0.8337 1.6378 1.5398 0 2.5398 0.6378 0
5 24 1.6378 1.5398 0 2.1785 1.1785 0 1.5132 1.5398 -0.6268 1.5132 1.5398 0.6268
5 24 2.5398 0.6378 0 2.3466 0.6378 -0.972 2.1785 1.1785 0 2.6667 0 0
5 24 2.1785 1.1785 0 2.5398 0.6378 0 2.0127 1.1785 -0.8337 2.0127 1.1785 0.8337
5 24 2.5398 0.6378 0 2.6667 0 0 2.3466 0.6378 -0.972 2.3466 0.6378 0.972
5 24 2.6667 0 0 2.4637 0 -1.0205 2.5398 0.6378 0 2.6667 -0.6378 0
0 // Build by LDPartEditor (PrimGen 2.X)
