0 ~Slope Brick 45  6 x  8 Double Inverted with Open Centre and  4 Holes - Quarter
0 Name: s\5117s02.dat
0 Author: Gerald Lasser [GeraldLasser]
0 !LDRAW_ORG Unofficial_Subpart
0 !LICENSE Licensed under CC BY 4.0 : see CAreadme.txt

0 BFC CERTIFY CCW

1 16 30 24 -70 1 0 0 0 1 0 0 0 1 s\5117s03.dat
1 16 0 0 0 1 0 0 0 1 0 0 0 1 s\5118s04.dat

1 16 32.5 20 -40 -4.5 0 0 0 3.5 0 0 0 1.5 box3u5p.dat
1 16 32.5 20 -20 -4.5 0 0 0 3.5 0 0 0 1.5 box3u5p.dat

1 16 28 20 -60 -1.5 0 0 0 3.5 0 0 0 1.5 boxjcyl4.dat
1 16 32.5 21.75 -60 4.5 0 0 0 1.75 0 0 0 1.5 box2-9.dat

1 16 50 0 -30 1 0 0 0 1 0 0 0 1 stud2a.dat
1 16 50 0 -10 1 0 0 0 1 0 0 0 1 stud2a.dat
1 16 50 0 -30 1 0 0 0 3 0 0 0 1 stud2s2e.dat
1 16 50 3 -30 1 0 0 0 6 0 0 0 1 stud2s2.dat
1 16 50 0 -10 1 0 0 0 3 0 0 0 1 stud2s2e.dat
1 16 50 3 -10 1 0 0 0 6 0 0 0 1 stud2s2.dat

2 24 51.33945 7.66055 -53.23365 50 9 -53.5
2 24 53.5 5.5 -50 53.23365 5.76635 -48.66055
2 24 55.5434 3.4566 -47.7038 56 3 -50
2 24 52.2962 6.7038 -44.4566 50 9 -44
2 24 43 0 -57 43 0 -1.5
2 24 57 0 -1.5 43 0 -1.5
2 24 57 0 -77 57 0 -1.5
3 16 40 0 -60 43 0 -57 43 0 -1.5
3 16 57 0 -1.5 57 0 -77 60 0 -80
2 24 57 0 -1.5 57 2 -1.5
4 16 57 0 -77 57 0 -1.5 57 2 -1.5 57 2 -77
2 24 57 2 -1.5 43 16 -1.5
4 16 57 2 -1.5 43 16 -1.5 43 16 -57 50 9 -57
3 16 57 2 -1.5 50 9 -57 57 2 -77
4 16 43 0 -1.5 43 0 -57 43 16 -57 43 16 -1.5
2 24 43 0 -1.5 43 16 -1.5
2 24 43 16 -57 43 16 -1.5
2 24 57 2 -77 57 2 -1.5
4 16 57 0 -1.5 43 0 -1.5 43 16 -1.5 57 2 -1.5

0 // Fillets
2 24 48.5 0 -44.2983 50 0 -44
2 24 50 0 -44 51.5 0 -44.2983
2 24 48.5 0 -35.7017 50 0 -36
2 24 50 0 -36 51.5 0 -35.7017
1 16 48.5 5.25 -40 0 1 0 0 0 -5.25 -4.2983 0 0 rect.dat
4 16 50 0 -36 48.5 0 -35.7017 48.5 0 -44.2983 50 0 -44
4 16 50 0 -44 51.5 0 -44.2983 51.5 0 -35.7017 50 0 -36
1 16 51.5 3.75 -40 0 -1 0 3.75 0 0 0 0 4.2983 rect.dat

2 24 50 0 -24 51.5 0 -24.2983
2 24 48.5 0 -15.7017 50 0 -16
2 24 50 0 -16 51.5 0 -15.7017
2 24 48.5 0 -24.2983 50 0 -24
1 16 48.5 5.25 -20 0 1 0 0 0 -5.25 -4.2983 0 0 rect.dat
4 16 50 0 -16 48.5 0 -15.7017 48.5 0 -24.2983 50 0 -24
4 16 50 0 -24 51.5 0 -24.2983 51.5 0 -15.7017 50 0 -16
1 16 51.5 3.75 -20 0 -1 0 3.75 0 0 0 0 4.2983 rect.dat
