0 ~Slope 45° 6 x 8 Double with 4 x 8 Cutout - Quater Long Underpiece
0 Name: s\5120s03.dat
0 Author: Attila Tamas Zimler [atzimler]
0 !LDRAW_ORG Unofficial_Subpart
0 !LICENSE Licensed under CC BY 4.0 : see CAreadme.txt

0 BFC CERTIFY CCW

0 !HISTORY 2024-01-05 {LEGO Instructions App} Original part shape
0 !HISTORY 2024-01-05 [atzimler] File preparation for LDraw Parts Tracker

4 16 -5.618 0 -1.25 -5.618 4.868 -1.25 -2.809 4.115 -1.25 -2.809 0 -1.25
4 16 -2.809 0 -1.25 -2.809 4.115 -1.25 0 3.708 -1.25 0 0 -1.25
4 16 -5.618 0 0 -5.618 4.868 0 -5.618 4.868 -1.25 -5.618 0 -1.25
4 16 0 0 0 -2.809 0 0 -2.809 0 -1.25 0 0 -1.25
4 16 -2.809 0 -1.25 -2.809 0 0 -5.618 0 0 -5.618 0 -1.25
4 16 -5.618 4.868 -1.25 -5.618 4.868 0 -2.809 4.115 0 -2.809 4.115 -1.25
4 16 0 3.708 -1.25 -2.809 4.115 -1.25 -2.809 4.115 0 0 3.708 0

2 24 -5.618 4.868 -1.25 -2.809 4.115 -1.25
2 24 -5.618 0 -1.25 -5.618 4.868 -1.25
2 24 -2.809 4.115 -1.25 0 3.708 -1.25
2 24 -2.809 0 -1.25 0 0 -1.25
2 24 -5.618 4.868 0 -5.618 4.868 -1.25
2 24 -5.618 0 -1.25 -2.809 0 -1.25
2 24 -5.618 0 0 -5.618 0 -1.25
