0 ~Animal Reindeer Neck Pattern
0 Name: s\51538p01s04.dat
0 Author: Fredrik Hareide [fhareide]
0 !LDRAW_ORG Unofficial_Subpart
0 !LICENSE Licensed under CC BY 4.0 : see CAreadme.txt

0 BFC CERTIFY CCW

0 // White

4 15 2.7 -17.823 -60.666 4.533 -23.383 -61.436 4.718 -25.163 -61.729 0 -13.906 -60.283
3 15 0 -13.906 -60.283 4.718 -25.163 -61.729 0 -25.059 -62.013
4 15 0 -36.607 -62.256 0 -25.059 -62.013 4.718 -25.163 -61.729 4.967 -31.447 -61.839
3 15 0 -36.607 -62.256 4.822 -33.842 -61.896 5.223 -37.898 -61.952
3 15 0 -36.607 -62.256 5.223 -37.898 -61.952 0 -40.909 -62.516
4 15 0 -40.909 -62.516 5.223 -37.898 -61.952 5.307 -38.442 -61.95 5.003 -41.903 -62.022
3 15 5.346 -38.001 -61.739 5.223 -37.898 -61.952 5.372 -37.707 -61.729
4 15 5.238 -23.239 -60.882 5.314 -24.656 -60.941 4.718 -25.163 -61.729 4.873 -22.676 -61.271
3 15 5.346 -38.001 -61.739 5.307 -38.442 -61.95 5.223 -37.898 -61.952
3 15 5.314 -24.656 -60.941 5.287 -25.925 -60.988 4.718 -25.163 -61.729
3 15 5.287 -25.925 -60.988 4.967 -31.447 -61.839 4.718 -25.163 -61.729
4 15 5.456 -36.756 -61.542 5.372 -37.707 -61.729 5.223 -37.898 -61.952 5.049 -33.504 -61.875
4 15 0 -13.906 -60.283 .601 -12.777 -59.792 1.191 -13.176 -59.873 1.578 -13.909 -60.104
4 15 0 -13.906 -60.283 1.578 -13.909 -60.104 1.946 -14.931 -60.242 2.7 -17.823 -60.666
4 15 3.535 -17.354 -60.485 2.7 -17.823 -60.666 2.883 -17.171 -60.529 3.209 -17.09 -60.476
4 15 2.7 -17.823 -60.666 3.535 -17.354 -60.485 3.718 -18.006 -60.579 4.228 -20.247 -60.916
3 15 4.228 -20.247 -60.916 4.533 -23.383 -61.436 2.7 -17.823 -60.666
4 15 4.533 -23.383 -61.436 4.741 -22.737 -61.297 4.873 -22.676 -61.271 4.718 -25.163 -61.729
4 15 4.822 -33.842 -61.896 4.927 -33.562 -61.884 5.049 -33.504 -61.875 5.223 -37.898 -61.952
3 15 4.822 -33.842 -61.896 0 -36.607 -62.256 4.967 -31.447 -61.839
3 15 5.238 -23.239 -60.882 4.873 -22.676 -61.271 5.075 -22.73 -61.028
4 15 5.049 -33.504 -61.875 5.262 -33.598 -61.583 5.371 -34.18 -61.472 5.456 -36.756 -61.542
3 15 0 -12.69 -59.818 .601 -12.777 -59.792 0 -13.906 -60.283

0 // Main_Colour
4 16 5.075 -22.73 -61.028 4.873 -22.676 -61.271 5.418 -13.916 -59.656 11.636 -19.278 -52.572
4 16 5.314 -24.656 -60.941 11.636 -19.278 -52.572 9.822 -32.005 -55.072 5.287 -25.925 -60.988
4 16 9.822 -32.005 -55.072 5.262 -33.598 -61.583 4.967 -31.447 -61.839 5.287 -25.925 -60.988
4 16 5.372 -37.707 -61.729 9.822 -32.005 -55.072 9.344 -41.342 -54.814 5.346 -38.001 -61.739
4 16 5.346 -38.001 -61.739 9.344 -41.342 -54.814 5.878 -42.12 -61.935 5.307 -38.442 -61.95
3 16 9.688 -46.095 -53.679 5.878 -42.12 -61.935 9.344 -41.342 -54.814
3 16 6.757 -4.708 -55.738 5.418 -13.916 -59.656 0 -4.335 -56.68
4 16 1.191 -13.176 -59.873 .601 -12.777 -59.792 0 -5.333 -57.056 5.418 -13.916 -59.656
3 16 15.24 -11.475 -48.499 5.418 -13.916 -59.656 6.757 -4.708 -55.738
3 16 15.24 -11.475 -48.499 11.636 -19.278 -52.572 5.418 -13.916 -59.656
3 16 4.927 -33.562 -61.884 4.967 -31.447 -61.839 5.049 -33.504 -61.875
3 16 5.418 -13.916 -59.656 3.718 -18.006 -60.579 3.535 -17.354 -60.485
3 16 0 -40.909 -62.516 5.003 -41.903 -62.022 5.878 -42.12 -61.935
3 16 0 -5.333 -57.056 0 -12.69 -59.818 0 -13.906 -60.283
3 16 5.878 -42.12 -61.935 5.003 -41.903 -62.022 5.307 -38.442 -61.95
3 16 5.238 -23.239 -60.882 11.636 -19.278 -52.572 5.314 -24.656 -60.941
3 16 5.075 -22.73 -61.028 11.636 -19.278 -52.572 5.238 -23.239 -60.882
3 16 5.372 -37.707 -61.729 5.456 -36.756 -61.542 9.822 -32.005 -55.072
3 16 5.456 -36.756 -61.542 5.371 -34.18 -61.472 9.822 -32.005 -55.072
3 16 5.262 -33.598 -61.583 5.049 -33.504 -61.875 4.967 -31.447 -61.839
3 16 9.822 -32.005 -55.072 5.371 -34.18 -61.472 5.262 -33.598 -61.583
3 16 0 -4.335 -56.68 5.418 -13.916 -59.656 0 -5.333 -57.056
3 16 1.578 -13.909 -60.104 1.191 -13.176 -59.873 5.418 -13.916 -59.656
3 16 0 -12.69 -59.818 0 -5.333 -57.056 .601 -12.777 -59.792
3 16 4.927 -33.562 -61.884 4.822 -33.842 -61.896 4.967 -31.447 -61.839
4 16 4.228 -20.247 -60.916 5.418 -13.916 -59.656 4.873 -22.676 -61.271 4.741 -22.737 -61.297
3 16 4.533 -23.383 -61.436 4.228 -20.247 -60.916 4.741 -22.737 -61.297
4 16 1.946 -14.931 -60.242 1.578 -13.909 -60.104 5.418 -13.916 -59.656 3.209 -17.09 -60.476
3 16 2.883 -17.171 -60.529 2.7 -17.823 -60.666 1.946 -14.931 -60.242
3 16 3.209 -17.09 -60.476 2.883 -17.171 -60.529 1.946 -14.931 -60.242
3 16 5.418 -13.916 -59.656 4.228 -20.247 -60.916 3.718 -18.006 -60.579
3 16 3.535 -17.354 -60.485 3.209 -17.09 -60.476 5.418 -13.916 -59.656

0 // Edge_Colour
2 24 9.822 -32.005 -55.072 9.344 -41.342 -54.814
2 24 9.688 -46.095 -53.679 5.878 -42.12 -61.935
2 24 5.223 -37.898 -61.952 5.307 -38.442 -61.95
2 24 4.967 -31.447 -61.839 5.049 -33.504 -61.875
2 24 4.718 -25.163 -61.729 4.967 -31.447 -61.839
2 24 5.418 -13.916 -59.656 4.873 -22.676 -61.271
2 24 0 -25.059 -62.013 0 -13.906 -60.283
2 24 5.049 -33.504 -61.875 5.223 -37.898 -61.952
2 24 5.307 -38.442 -61.95 5.878 -42.12 -61.935
2 24 4.873 -22.676 -61.271 4.718 -25.163 -61.729
2 24 11.636 -19.278 -52.572 9.822 -32.005 -55.072
2 24 9.344 -41.342 -54.814 9.688 -46.095 -53.679
2 24 0 -5.333 -57.056 0 -4.335 -56.68
2 24 0 -40.909 -62.516 0 -36.607 -62.256
2 24 5.418 -13.916 -59.656 6.757 -4.708 -55.738
2 24 0 -36.607 -62.256 0 -25.059 -62.013
2 24 5.878 -42.12 -61.935 0 -40.909 -62.516
2 24 0 -13.906 -60.283 0 -5.333 -57.056

5 24 9.344 -41.342 -54.814 5.878 -42.12 -61.935 5.223 -37.898 -61.952 9.688 -46.095 -53.679
5 24 0 -40.909 -62.516 5.223 -37.898 -61.952 0 -36.607 -62.256 5.878 -42.12 -61.935
5 24 11.636 -19.278 -52.572 5.418 -13.916 -59.656 15.24 -11.475 -48.499 4.718 -25.163 -61.729
5 24 5.418 -13.916 -59.656 15.24 -11.475 -48.499 6.757 -4.708 -55.738 11.636 -19.278 -52.572
5 24 5.223 -37.898 -61.952 9.344 -41.342 -54.814 5.878 -42.12 -61.935 9.822 -32.005 -55.072
5 24 5.223 -37.898 -61.952 9.822 -32.005 -55.072 4.718 -25.163 -61.729 9.344 -41.342 -54.814
5 24 4.718 -25.163 -61.729 9.822 -32.005 -55.072 5.223 -37.898 -61.952 11.636 -19.278 -52.572
5 24 4.718 -25.163 -61.729 11.636 -19.278 -52.572 5.418 -13.916 -59.656 9.822 -32.005 -55.072
5 24 0 -4.335 -56.68 5.418 -13.916 -59.656 6.757 -4.708 -55.738 0 -13.906 -60.283
5 24 5.418 -13.916 -59.656 0 -13.906 -60.283 0 -4.335 -56.68 4.718 -25.163 -61.729
5 24 0 -13.906 -60.283 4.718 -25.163 -61.729 5.418 -13.916 -59.656 0 -25.059 -62.013
5 24 0 -25.059 -62.013 4.718 -25.163 -61.729 0 -36.607 -62.256 0 -13.906 -60.283
5 24 0 -36.607 -62.256 5.223 -37.898 -61.952 0 -40.909 -62.516 4.718 -25.163 -61.729
