0 ~Animal Reindeer Nose Pattern
0 Name: s\51538p01s03.dat
0 Author: Fredrik Hareide [fhareide]
0 !LDRAW_ORG Unofficial_Subpart
0 !LICENSE Licensed under CC BY 4.0 : see CAreadme.txt

0 BFC CERTIFY CCW

0 // Black

4 0 3.842 -45.554 -89.907 3.566 -45.82 -90.001 3.237 -45.969 -90.072 3.666 -44.02 -89.54
4 0 4.057 -45.04 -89.479 3.842 -45.554 -89.907 3.666 -44.02 -89.54 4.186 -44.392 -89.097
3 0 4.129 -44.056 -89.125 4.186 -44.392 -89.097 3.666 -44.02 -89.54
4 0 3.666 -44.02 -89.54 3.656 -42.982 -88.773 4.033 -43.575 -88.856 4.129 -44.056 -89.125
3 0 0.764 -41.767 -88.277 1.95 -42.088 -88.35 1.807 -42.577 -88.731
4 0 3.656 -42.982 -88.773 3.666 -44.02 -89.54 2.807 -43.353 -89.166 3.185 -42.703 -88.632
3 0 2.353 -43.702 -89.413 0 -44.427 -90.005 2.016 -43.61 -89.374
4 0 3.237 -45.969 -90.072 2.793 -46.171 -90.101 2.244 -46.207 -90.118 0 -44.427 -90.005
3 0 0 -44.427 -90.005 3.666 -44.02 -89.54 3.237 -45.969 -90.072
4 0 1.767 -43.244 -89.156 0 -44.427 -90.005 0 -41.696 -88.272 .764 -41.767 -88.277
3 0 1.807 -42.577 -88.731 1.767 -43.244 -89.156 0.764 -41.767 -88.277
3 0 2.807 -43.353 -89.166 3.666 -44.02 -89.54 2.719 -43.505 -89.267
3 0 2.719 -43.505 -89.267 3.666 -44.02 -89.54 2.353 -43.702 -89.413
3 0 1.767 -43.244 -89.156 2.016 -43.61 -89.374 0 -44.427 -90.005
3 0 3.666 -44.02 -89.54 0 -44.427 -90.005 2.353 -43.702 -89.413
3 0 0 -46.303 -90.179 0 -44.427 -90.005 2.244 -46.207 -90.118

0 // White
3 15 3.636 -41.044 -87.342 0 -41.206 -87.962 0 -39.153 -84.873
3 15 3.933 -39.452 -84.143 3.636 -41.044 -87.342 0 -39.153 -84.873
4 15 1.95 -42.088 -88.35 3.636 -41.044 -87.342 3.185 -42.703 -88.632 1.807 -42.577 -88.731
4 15 4.683 -43.381 -88.091 4.033 -43.575 -88.856 3.656 -42.982 -88.773 4.701 -42.267 -87.241
3 15 4.701 -42.267 -87.241 3.636 -41.044 -87.342 4.735 -41.528 -86.835
4 15 3.636 -41.044 -87.342 3.933 -39.452 -84.143 4.745 -40.365 -84.757 4.735 -41.528 -86.835
3 15 4.186 -44.392 -89.097 4.129 -44.056 -89.125 4.388 -44.076 -88.892
4 15 2.719 -43.505 -89.267 2.016 -43.61 -89.374 1.767 -43.244 -89.156 2.807 -43.353 -89.166
3 15 0 -41.696 -88.272 0 -41.206 -87.962 .764 -41.767 -88.277
4 15 .764 -41.767 -88.277 0 -41.206 -87.962 3.636 -41.044 -87.342 1.95 -42.088 -88.35
3 15 3.185 -42.703 -88.632 3.636 -41.044 -87.342 3.656 -42.982 -88.773
3 15 1.807 -42.577 -88.731 3.185 -42.703 -88.632 2.807 -43.353 -89.166
3 15 3.656 -42.982 -88.773 3.636 -41.044 -87.342 4.701 -42.267 -87.241
4 15 4.033 -43.575 -88.856 4.683 -43.381 -88.091 4.388 -44.076 -88.892 4.129 -44.056 -89.125
3 15 1.767 -43.244 -89.156 1.807 -42.577 -88.731 2.807 -43.353 -89.166
3 15 2.353 -43.702 -89.413 2.016 -43.61 -89.374 2.719 -43.505 -89.267

0 // Main_Colour
4 16 6.603 -46.122 -87.038 4.186 -44.392 -89.097 4.388 -44.076 -88.892 6.412 -44.234 -87.078
3 16 3.928 -46.302 -90.086 3.237 -45.969 -90.072 3.566 -45.82 -90.001
3 16 6.412 -44.234 -87.078 4.388 -44.076 -88.892 4.683 -43.381 -88.091
4 16 6.446 -42.28 -86.045 6.412 -44.234 -87.078 4.701 -42.267 -87.241 4.735 -41.528 -86.835
4 16 4.057 -45.04 -89.479 6.603 -46.122 -87.038 3.928 -46.302 -90.086 3.842 -45.554 -89.907
3 16 6.446 -42.28 -86.045 4.735 -41.528 -86.835 4.745 -40.365 -84.757
4 16 2.244 -46.207 -90.118 2.793 -46.171 -90.101 3.928 -46.302 -90.086 0 -46.764 -90.222
3 16 3.566 -45.82 -90.001 3.842 -45.554 -89.907 3.928 -46.302 -90.086
3 16 4.683 -43.381 -88.091 4.701 -42.267 -87.241 6.412 -44.234 -87.078
3 16 4.186 -44.392 -89.097 6.603 -46.122 -87.038 4.057 -45.04 -89.479
3 16 0 -46.764 -90.222 0 -46.303 -90.179 2.244 -46.207 -90.118
3 16 2.793 -46.171 -90.101 3.237 -45.969 -90.072 3.928 -46.302 -90.086

5 24 6.446 -42.28 -86.045 3.933 -39.452 -84.143 6.625 -40.641 -83.805 3.636 -41.044 -87.342
5 24 3.666 -44.02 -89.54 3.636 -41.044 -87.342 0 -41.206 -87.962 6.412 -44.234 -87.078
5 24 0 -41.206 -87.962 3.636 -41.044 -87.342 0 -39.153 -84.873 3.666 -44.02 -89.54
5 24 3.666 -44.02 -89.54 6.603 -46.122 -87.038 3.928 -46.302 -90.086 6.412 -44.234 -87.078
5 24 3.928 -46.302 -90.086 3.666 -44.02 -89.54 0 -44.427 -90.005 6.603 -46.122 -87.038
5 24 0 -44.427 -90.005 3.928 -46.302 -90.086 3.666 -44.02 -89.54 0 -46.764 -90.222
5 24 6.412 -44.234 -87.078 3.636 -41.044 -87.342 3.666 -44.02 -89.54 6.446 -42.28 -86.045
5 24 3.636 -41.044 -87.342 3.933 -39.452 -84.143 0 -39.153 -84.873 6.446 -42.28 -86.045
5 24 0 -44.427 -90.005 3.666 -44.02 -89.54 0 -41.206 -87.962 3.928 -46.302 -90.086
5 24 0 -41.206 -87.962 3.666 -44.02 -89.54 3.636 -41.044 -87.342 0 -44.427 -90.005
5 24 6.412 -44.234 -87.078 3.666 -44.02 -89.54 6.603 -46.122 -87.038 3.636 -41.044 -87.342
5 24 6.446 -42.28 -86.045 3.636 -41.044 -87.342 6.412 -44.234 -87.078 3.933 -39.452 -84.143
5 24 3.636 -41.044 -87.342 0 -39.153 -84.873 0 -41.206 -87.962 3.933 -39.452 -84.143
3 16 4.745 -40.365 -84.757 6.625 -40.641 -83.805 6.446 -42.28 -86.045
3 16 6.625 -40.641 -83.805 4.745 -40.365 -84.757 3.933 -39.452 -84.143
