0 ~Minifig Head Sesame Street Ernie
0 Name: s\70538s00.dat
0 Author: Fredrik Hareide [fhareide]
0 !LDRAW_ORG Unofficial_Subpart
0 !LICENSE Licensed under CC BY 4.0 : see CAreadme.txt

0 BFC CERTIFY CCW

1 16 0 0 0 1 0 0 0 1 0 0 0 1 s\70538s01.dat
1 16 0 0 0 -1 0 0 0 1 0 0 0 1 s\70538s01.dat

3 16 -2.405 -29.67 -11.865 -2.839 -30.893 -9.489 -4.791 -29.868 -10.668
3 16 -2.405 -29.67 -11.865 -1.022 -30.443 -10.838 -2.839 -30.893 -9.489
4 16 0.168 -30.097 -11.534 -1.022 -30.443 -10.838 -2.405 -29.67 -11.865 0 -29.249 -12.871
4 16 0.168 -30.097 -11.534 0 -29.249 -12.871 2.405 -29.67 -11.865 1.031 -30.567 -10.663
3 16 2.663 -31.094 -9.246 1.031 -30.567 -10.663 2.405 -29.67 -11.865
4 16 -8.223 -28.842 -10.043 -6.24 -29.613 -10.243 -6.791 -30.371 -8.026 -7.828 -29.923 -8.053
3 16 2.663 -31.094 -9.246 2.405 -29.67 -11.865 4.791 -29.868 -10.668
3 16 2.663 -31.094 -9.246 4.791 -29.868 -10.668 4.808 -31.086 -8.138
3 16 -4.824 -31.082 -8.059 -6.791 -30.371 -8.026 -6.24 -29.613 -10.243
3 16 4.808 -31.086 -8.138 4.791 -29.868 -10.668 6.24 -29.613 -10.243
3 16 4.808 -31.086 -8.138 6.24 -29.613 -10.243 6.803 -30.604 -7.548
3 16 -4.824 -31.082 -8.059 -6.24 -29.613 -10.243 -3.887 -30.952 -8.909
3 16 -3.887 -30.952 -8.909 -4.791 -29.868 -10.668 -2.839 -30.893 -9.489
3 16 -3.887 -30.952 -8.909 -6.24 -29.613 -10.243 -4.791 -29.868 -10.668
4 16 -14.997 -25.54 -0.821 -16.826 -23.066 -1.377 -16.532 -23.331 -3.492 -14.56 -25.956 -2.932
3 16 -14.94 -25.313 -5.021 -14.56 -25.956 -2.932 -16.532 -23.331 -3.492
3 16 -10.115 -28.874 -7.595 -8.223 -28.842 -10.043 -7.828 -29.923 -8.053
3 16 -11.403 -28.011 -7.579 -10.115 -28.874 -7.595 -10.821 -28.72 -6.792
3 16 -12.031 -28.001 -6.009 -11.403 -28.011 -7.579 -10.821 -28.72 -6.792
3 16 -11.403 -28.011 -7.579 -12.031 -28.001 -6.009 -12.525 -27.394 -6.448
3 16 -12.525 -27.394 -6.448 -12.031 -28.001 -6.009 -13.549 -26.81 -5.381
3 16 -13.308 -27.058 -5.067 -13.549 -26.81 -5.381 -12.031 -28.001 -6.009
3 16 16.532 -23.331 -3.492 16.826 -23.066 -1.377 15.431 -25.12 -0.361
3 16 15.431 -25.12 -0.361 16.826 -23.066 -1.377 16.857 -23.07 -0.155
4 16 14.94 -25.313 -5.021 16.532 -23.331 -3.492 15.431 -25.12 -0.361 14.119 -26.599 -2.813
3 16 16.857 -23.07 -0.155 15.341 -24.967 0.5 15.431 -25.12 -0.361
3 16 14.119 -26.599 -2.813 13.549 -26.81 -5.381 14.94 -25.313 -5.021
3 16 13.328 -27.385 -3.132 13.549 -26.81 -5.381 14.119 -26.599 -2.813
3 16 13.549 -26.81 -5.381 13.328 -27.385 -3.132 12.525 -27.394 -6.448
3 16 12.525 -27.394 -6.448 10.869 -28.948 -5.978 11.403 -28.011 -7.579
3 16 11.388 -28.854 -4.733 10.869 -28.948 -5.978 12.525 -27.394 -6.448
3 16 10.869 -28.948 -5.978 9.425 -29.58 -6.791 11.403 -28.011 -7.579
3 16 11.403 -28.011 -7.579 9.425 -29.58 -6.791 8.223 -28.842 -10.043
3 16 9.425 -29.58 -6.791 6.803 -30.604 -7.548 8.223 -28.842 -10.043
3 16 8.223 -28.842 -10.043 6.803 -30.604 -7.548 6.24 -29.613 -10.243
4 16 15.061 -24.669 1.959 16.728 -22.6 1.374 16.649 -21.527 3.565 14.375 -24.464 4.172
3 16 16.649 -21.527 3.565 13.498 -24.35 6.11 14.375 -24.464 4.172
3 16 16.649 -21.527 3.565 14.079 -21.173 8.285 13.498 -24.35 6.11
3 16 12.869 -22.384 8.985 13.498 -24.35 6.11 14.079 -21.173 8.285
3 16 0 -20.47 14.993 2.31 -22.206 14.423 3.86 -20.127 14.708
4 16 7.186 -23.229 12.572 3.86 -20.127 14.708 4.152 -22.734 13.869 5.86 -23.684 12.947
3 16 8.636 -20.056 13.121 3.86 -20.127 14.708 7.186 -23.229 12.572
3 16 9.929 -23.999 10.402 11.834 -20.658 10.793 8.636 -20.056 13.121
3 16 7.186 -23.229 12.572 9.929 -23.999 10.402 8.636 -20.056 13.121
3 16 11.834 -20.658 10.793 9.929 -23.999 10.402 12.869 -22.384 8.985
3 16 14.079 -21.173 8.285 11.834 -20.658 10.793 12.869 -22.384 8.985
3 16 9.929 -23.999 10.402 10.701 -24.305 9.587 12.869 -22.384 8.985
3 16 -14.079 -21.173 8.285 -16.649 -21.527 3.565 -13.599 -24.272 5.934
3 16 -14.079 -21.173 8.285 -13.599 -24.272 5.934 -13.277 -23.417 7.418
3 16 -11.834 -20.658 10.793 -14.079 -21.173 8.285 -13.277 -23.417 7.418
3 16 -16.649 -21.527 3.565 -13.705 -25.171 4.487 -13.599 -24.272 5.934
3 16 -16.649 -21.527 3.565 -16.728 -22.6 1.374 -13.705 -25.171 4.487
3 16 -16.728 -22.6 1.374 -13.87 -25.76 3.191 -13.705 -25.171 4.487
3 16 -16.728 -22.6 1.374 -16.857 -23.07 -0.155 -13.87 -25.76 3.191
3 16 -16.857 -23.07 -0.155 -14.108 -26.07 1.84 -13.87 -25.76 3.191
3 16 1.771 -22.345 14.43 2.31 -22.206 14.423 0 -20.47 14.993
3 16 -1.931 -22.922 14.17 -3.86 -20.127 14.708 -3.578 -23.777 13.51
3 16 4.152 -22.734 13.869 3.86 -20.127 14.708 2.31 -22.206 14.423
3 16 0 -20.47 14.993 -1.931 -22.922 14.17 1.771 -22.345 14.43
3 16 -3.578 -23.777 13.51 -3.86 -20.127 14.708 -5.371 -25.318 12.192
3 16 -1.931 -22.922 14.17 0.817 -24.603 13.475 1.771 -22.345 14.43
3 16 -8.975 -23.434 11.459 -3.86 -20.127 14.708 -8.636 -20.056 13.121
3 16 -3.86 -20.127 14.708 -8.975 -23.434 11.459 -5.371 -25.318 12.192
3 16 -8.975 -23.434 11.459 -8.636 -20.056 13.121 -10.425 -23.445 10.439
3 16 -8.636 -20.056 13.121 -11.834 -20.658 10.793 -10.425 -23.445 10.439
3 16 -11.834 -20.658 10.793 -10.707 -25.554 8.377 -10.425 -23.445 10.439
3 16 -10.707 -25.554 8.377 -11.834 -20.658 10.793 -12.408 -23.968 7.98
3 16 -11.834 -20.658 10.793 -13.277 -23.417 7.418 -12.408 -23.968 7.98
3 16 -16.826 -23.066 -1.377 -14.997 -25.54 -0.821 -16.857 -23.07 -0.155
3 16 -14.475 -26.088 0.142 -16.857 -23.07 -0.155 -14.997 -25.54 -0.821
3 16 -14.475 -26.088 0.142 -14.108 -26.07 1.84 -16.857 -23.07 -0.155
4 16 12.525 -27.394 -6.448 13.328 -27.385 -3.132 12.542 -28.122 -3.138 11.388 -28.854 -4.733
3 16 11.388 -28.854 -4.733 12.542 -28.122 -3.138 11.836 -28.767 -3.326
3 16 16.728 -22.6 1.374 15.341 -24.967 0.5 16.857 -23.07 -0.155
3 16 15.061 -24.669 1.959 15.341 -24.967 0.5 16.728 -22.6 1.374
3 16 14.423 -26.301 -1.697 14.119 -26.599 -2.813 15.431 -25.12 -0.361
3 16 -14.94 -25.313 -5.021 -13.549 -26.81 -5.381 -13.308 -27.058 -5.067
3 16 -8.223 -28.842 -10.043 -10.115 -28.874 -7.595 -11.403 -28.011 -7.579
3 16 -14.56 -25.956 -2.932 -14.94 -25.313 -5.021 -13.308 -27.058 -5.067
3 16 -3.86 -20.127 14.708 -1.931 -22.922 14.17 0 -20.47 14.993
5 24 0 -29.249 -12.871 0 -28.514 -13.933 1.38 -28.486 -13.902 -1.38 -28.486 -13.902
5 24 -2.839 -30.893 -9.489 -4.791 -29.868 -10.668 -3.887 -30.952 -8.909 -2.405 -29.67 -11.865
5 24 2.405 -29.67 -11.865 0 -29.249 -12.871 0.168 -30.097 -11.534 1.38 -28.486 -13.902
5 24 11.834 -20.658 10.793 14.079 -21.173 8.285 15.338 -18.657 8.236 12.869 -22.384 8.985
5 24 -12.031 -28.001 -6.009 -11.403 -28.011 -7.579 -10.821 -28.72 -6.792 -13.549 -26.81 -5.381
5 24 8.636 -20.056 13.121 9.929 -23.999 10.402 7.186 -23.229 12.572 11.834 -20.658 10.793
5 24 12.525 -27.394 -6.448 13.549 -26.81 -5.381 12.721 -26.482 -8.517 13.328 -27.385 -3.132
5 24 8.223 -28.842 -10.043 6.803 -30.604 -7.548 9.425 -29.58 -6.791 6.24 -29.613 -10.243
5 24 14.079 -21.173 8.285 13.498 -24.35 6.11 16.649 -21.527 3.565 12.869 -22.384 8.985
5 24 -8.636 -20.056 13.121 -8.975 -23.434 11.459 -3.86 -20.127 14.708 -10.425 -23.445 10.439
5 24 13.328 -27.385 -3.132 12.525 -27.394 -6.448 12.542 -28.122 -3.138 13.549 -26.81 -5.381
5 24 12.869 -22.384 8.985 11.834 -20.658 10.793 9.929 -23.999 10.402 14.079 -21.173 8.285
5 24 8.636 -20.056 13.121 11.834 -20.658 10.793 12.526 -17.624 11.349 9.929 -23.999 10.402
5 24 16.649 -21.527 3.565 14.375 -24.464 4.172 13.498 -24.35 6.11 15.061 -24.669 1.959
5 24 16.649 -21.527 3.565 16.728 -22.6 1.374 17.985 -20.913 1.95 15.061 -24.669 1.959
5 24 8.223 -28.842 -10.043 6.24 -29.613 -10.243 6.803 -30.604 -7.548 7.727 -28.525 -11.193
5 24 7.186 -23.229 12.572 8.636 -20.056 13.121 9.929 -23.999 10.402 3.86 -20.127 14.708
5 24 13.549 -26.81 -5.381 13.328 -27.385 -3.132 12.525 -27.394 -6.448 14.119 -26.599 -2.813
5 24 16.826 -23.066 -1.377 16.532 -23.331 -3.492 18.623 -21.034 -1.987 15.431 -25.12 -0.361
5 24 0 -3.196 -13.05 0 -2.096 -13.292 -3.288 -2.318 -13.136 3.288 -2.318 -13.136
5 24 -1.931 -22.922 14.17 1.771 -22.345 14.43 0 -20.47 14.993 0.817 -24.603 13.475
5 24 -7.828 -29.923 -8.053 -8.223 -28.842 -10.043 -6.791 -30.371 -8.026 -10.115 -28.874 -7.595
5 24 -14.997 -25.54 -0.821 -16.826 -23.066 -1.377 -16.532 -23.331 -3.492 -16.857 -23.07 -0.155
5 24 -14.079 -21.173 8.285 -13.599 -24.272 5.934 -13.277 -23.417 7.418 -16.649 -21.527 3.565
5 24 0 -13.702 -9.142 -0.001 -12.902 -8.304 -3.861 -13.682 -8.998 3.861 -13.682 -8.998
5 24 -10.707 -25.554 8.377 -11.834 -20.658 10.793 -10.425 -23.445 10.439 -12.408 -23.968 7.98
5 24 -10.115 -28.874 -7.595 -8.223 -28.842 -10.043 -11.403 -28.011 -7.579 -7.828 -29.923 -8.053
5 24 11.403 -28.011 -7.579 9.425 -29.58 -6.791 10.869 -28.948 -5.978 8.223 -28.842 -10.043
5 24 2.663 -31.094 -9.246 4.791 -29.868 -10.668 4.808 -31.086 -8.138 2.405 -29.67 -11.865
5 24 -3.86 -20.127 14.708 -8.975 -23.434 11.459 -8.636 -20.056 13.121 -5.371 -25.318 12.192
5 24 4.791 -29.868 -10.668 6.24 -29.613 -10.243 6.217 -29.186 -11.264 4.808 -31.086 -8.138
5 24 16.532 -23.331 -3.492 14.94 -25.313 -5.021 16.347 -22.774 -6.785 15.431 -25.12 -0.361
5 24 16.857 -23.07 -0.155 16.826 -23.066 -1.377 17.971 -21.999 -0.514 15.431 -25.12 -0.361
5 24 -6.24 -29.613 -10.243 -3.887 -30.952 -8.909 -4.824 -31.082 -8.059 -4.791 -29.868 -10.668
5 24 -14.94 -25.313 -5.021 -13.549 -26.81 -5.381 -12.721 -26.482 -8.517 -13.308 -27.058 -5.067
5 24 -13.549 -26.81 -5.381 -12.031 -28.001 -6.009 -11.403 -28.011 -7.579 -13.308 -27.058 -5.067
5 24 14.079 -21.173 8.285 12.869 -22.384 8.985 13.498 -24.35 6.11 11.834 -20.658 10.793
5 24 -8.223 -28.842 -10.043 -6.24 -29.613 -10.243 -6.791 -30.371 -8.026 -7.727 -28.525 -11.193
5 24 6.24 -29.613 -10.243 4.808 -31.086 -8.138 4.791 -29.868 -10.668 6.803 -30.604 -7.548
5 24 -3.86 -20.127 14.708 -5.371 -25.318 12.192 -3.578 -23.777 13.51 -8.975 -23.434 11.459
5 24 -11.834 -20.658 10.793 -10.425 -23.445 10.439 -10.707 -25.554 8.377 -8.636 -20.056 13.121
5 24 0 -15.319 -18.425 0 -13.702 -9.142 2.229 -15.29 -18.175 -2.229 -15.29 -18.175
5 24 -3.86 -20.127 14.708 -3.578 -23.777 13.51 -1.931 -22.922 14.17 -5.371 -25.318 12.192
5 24 11.403 -28.011 -7.579 12.525 -27.394 -6.448 12.721 -26.482 -8.517 10.869 -28.948 -5.978
5 24 -16.857 -23.07 -0.155 -14.475 -26.088 0.142 -14.997 -25.54 -0.821 -14.108 -26.07 1.84
5 24 -11.403 -28.011 -7.579 -8.223 -28.842 -10.043 -10.383 -27.027 -10.98 -10.115 -28.874 -7.595
5 24 0 -1.773 10.05 0 -4.019 12.009 -4.247 -4.007 11.454 4.247 -4.007 11.454
5 24 -6.24 -29.613 -10.243 -6.791 -30.371 -8.026 -8.223 -28.842 -10.043 -4.824 -31.082 -8.059
5 24 -6.24 -29.613 -10.243 -4.824 -31.082 -8.059 -6.791 -30.371 -8.026 -3.887 -30.952 -8.909
5 24 13.498 -24.35 6.11 16.649 -21.527 3.565 14.375 -24.464 4.172 14.079 -21.173 8.285
5 24 -13.705 -25.171 4.487 -16.728 -22.6 1.374 -13.87 -25.76 3.191 -16.649 -21.527 3.565
5 24 -16.728 -22.6 1.374 -13.87 -25.76 3.191 -16.857 -23.07 -0.155 -13.705 -25.171 4.487
5 24 6.24 -29.613 -10.243 6.803 -30.604 -7.548 8.223 -28.842 -10.043 4.808 -31.086 -8.138
5 24 -14.997 -25.54 -0.821 -16.857 -23.07 -0.155 -14.475 -26.088 0.142 -16.826 -23.066 -1.377
5 24 15.431 -25.12 -0.361 14.119 -26.599 -2.813 14.94 -25.313 -5.021 14.423 -26.301 -1.697
5 24 0 -20.47 14.993 1.771 -22.345 14.43 2.31 -22.206 14.423 -1.931 -22.922 14.17
5 24 -14.079 -21.173 8.285 -16.649 -21.527 3.565 -13.599 -24.272 5.934 -17.301 -18.708 5.15
5 24 -16.857 -23.07 -0.155 -14.108 -26.07 1.84 -13.87 -25.76 3.191 -14.475 -26.088 0.142
5 24 9.929 -23.999 10.402 12.869 -22.384 8.985 11.834 -20.658 10.793 10.701 -24.305 9.587
5 24 -1.931 -22.922 14.17 -3.86 -20.127 14.708 -3.578 -23.777 13.51 0 -20.47 14.993
5 24 -10.425 -23.445 10.439 -8.636 -20.056 13.121 -11.834 -20.658 10.793 -8.975 -23.434 11.459
5 24 12.542 -28.122 -3.138 11.388 -28.854 -4.733 12.525 -27.394 -6.448 11.836 -28.767 -3.326
5 24 -13.277 -23.417 7.418 -14.079 -21.173 8.285 -13.599 -24.272 5.934 -11.834 -20.658 10.793
5 24 14.119 -26.599 -2.813 13.549 -26.81 -5.381 13.328 -27.385 -3.132 14.94 -25.313 -5.021
5 24 16.728 -22.6 1.374 16.857 -23.07 -0.155 15.341 -24.967 0.5 17.937 -21.643 0.908
5 24 4.791 -29.868 -10.668 4.808 -31.086 -8.138 2.663 -31.094 -9.246 6.24 -29.613 -10.243
5 24 10.869 -28.948 -5.978 12.525 -27.394 -6.448 11.388 -28.854 -4.733 11.403 -28.011 -7.579
5 24 0 -17 15.536 0 -20.47 14.993 -3.86 -20.127 14.708 3.86 -20.127 14.708
5 24 3.86 -20.127 14.708 4.152 -22.734 13.869 2.31 -22.206 14.423 7.186 -23.229 12.572
5 24 16.728 -22.6 1.374 15.341 -24.967 0.5 16.857 -23.07 -0.155 15.061 -24.669 1.959
5 24 -2.405 -29.67 -11.865 -2.839 -30.893 -9.489 -1.022 -30.443 -10.838 -4.791 -29.868 -10.668
5 24 0 -2.096 -13.292 0 -1.105 -12.355 -3.288 -2.318 -13.136 3.288 -2.318 -13.136
5 24 0 -1.105 -12.355 0 -0.401 -10.14 -3.067 -0.483 -9.898 3.067 -0.483 -9.898
5 24 0 -15.504 -19.209 0 -15.319 -18.425 2.225 -15.51 -19.061 -2.225 -15.51 -19.061
5 24 0 -20.47 14.993 -3.86 -20.127 14.708 0 -17 15.536 -1.931 -22.922 14.17
5 24 16.857 -23.07 -0.155 15.341 -24.967 0.5 15.431 -25.12 -0.361 16.728 -22.6 1.374
5 24 0 -17.36 -20.344 0 -16.223 -20.07 -1.622 -17.691 -20.27 1.622 -17.691 -20.27
5 24 -16.649 -21.527 3.565 -13.705 -25.171 4.487 -16.728 -22.6 1.374 -13.599 -24.272 5.934
5 24 14.079 -21.173 8.285 16.649 -21.527 3.565 13.498 -24.35 6.11 17.301 -18.708 5.15
5 24 -3.86 -20.127 14.708 -8.636 -20.056 13.121 -8.975 -23.434 11.459 -4.287 -16.813 15.083
5 24 9.929 -23.999 10.402 11.834 -20.658 10.793 12.869 -22.384 8.985 8.636 -20.056 13.121
5 24 12.525 -27.394 -6.448 11.388 -28.854 -4.733 10.869 -28.948 -5.978 12.542 -28.122 -3.138
5 24 -16.532 -23.331 -3.492 -14.56 -25.956 -2.932 -14.997 -25.54 -0.821 -14.94 -25.313 -5.021
5 24 0 -0.401 -10.14 0 -0.002 -8.242 1.796 -0.001 -8.043 -1.796 -0.001 -8.043
5 24 -16.649 -21.527 3.565 -13.599 -24.272 5.934 -14.079 -21.173 8.285 -13.705 -25.171 4.487
5 24 11.403 -28.011 -7.579 8.223 -28.842 -10.043 9.425 -29.58 -6.791 10.383 -27.027 -10.98
5 24 -16.857 -23.07 -0.155 -16.826 -23.066 -1.377 -17.971 -21.999 -0.514 -14.997 -25.54 -0.821
5 24 -6.24 -29.613 -10.243 -4.791 -29.868 -10.668 -6.217 -29.186 -11.264 -3.887 -30.952 -8.909
5 24 -13.87 -25.76 3.191 -16.857 -23.07 -0.155 -14.108 -26.07 1.84 -16.728 -22.6 1.374
5 24 -11.834 -20.658 10.793 -12.408 -23.968 7.98 -10.707 -25.554 8.377 -13.277 -23.417 7.418
5 24 -13.308 -27.058 -5.067 -14.94 -25.313 -5.021 -13.549 -26.81 -5.381 -14.56 -25.956 -2.932
5 24 -16.532 -23.331 -3.492 -14.94 -25.313 -5.021 -16.347 -22.774 -6.785 -14.56 -25.956 -2.932
5 24 -16.649 -21.527 3.565 -16.728 -22.6 1.374 -17.985 -20.913 1.95 -13.705 -25.171 4.487
5 24 16.857 -23.07 -0.155 15.431 -25.12 -0.361 15.341 -24.967 0.5 16.826 -23.066 -1.377
5 24 10.869 -28.948 -5.978 11.403 -28.011 -7.579 12.525 -27.394 -6.448 9.425 -29.58 -6.791
5 24 -4.791 -29.868 -10.668 -2.405 -29.67 -11.865 -2.839 -30.893 -9.489 -3.242 -29.267 -12.555
5 24 0 -13.874 15.623 0 -17 15.536 -4.287 -16.813 15.083 4.287 -16.813 15.083
5 24 14.94 -25.313 -5.021 13.549 -26.81 -5.381 14.119 -26.599 -2.813 12.721 -26.482 -8.517
5 24 -13.308 -27.058 -5.067 -13.549 -26.81 -5.381 -14.94 -25.313 -5.021 -12.031 -28.001 -6.009
5 24 -11.403 -28.011 -7.579 -10.821 -28.72 -6.792 -10.115 -28.874 -7.595 -12.031 -28.001 -6.009
5 24 2.31 -22.206 14.423 3.86 -20.127 14.708 0 -20.47 14.993 4.152 -22.734 13.869
5 24 0 -20.47 14.993 2.31 -22.206 14.423 1.771 -22.345 14.43 3.86 -20.127 14.708
5 24 0 -0.028 8.136 0 -1.773 10.05 -3.086 -0.033 7.524 3.086 -0.033 7.524
5 24 0 -20.47 14.993 3.86 -20.127 14.708 0 -17 15.536 2.31 -22.206 14.423
5 24 -11.834 -20.658 10.793 -14.079 -21.173 8.285 -15.338 -18.657 8.236 -13.277 -23.417 7.418
5 24 -4.791 -29.868 -10.668 -3.887 -30.952 -8.909 -2.839 -30.893 -9.489 -6.24 -29.613 -10.243
5 24 15.431 -25.12 -0.361 16.532 -23.331 -3.492 14.94 -25.313 -5.021 16.826 -23.066 -1.377
5 24 -16.728 -22.6 1.374 -16.857 -23.07 -0.155 -13.87 -25.76 3.191 -17.937 -21.643 0.908
5 24 0 -9.786 14.82 0 -13.874 15.623 -4.607 -13.937 14.996 4.607 -13.937 14.996
5 24 0 -28.514 -13.933 0 -26.941 -15.806 -1.38 -28.486 -13.902 1.38 -28.486 -13.902
5 24 7.186 -23.229 12.572 3.86 -20.127 14.708 4.152 -22.734 13.869 8.636 -20.056 13.121
5 24 -14.94 -25.313 -5.021 -14.56 -25.956 -2.932 -16.532 -23.331 -3.492 -13.308 -27.058 -5.067
5 24 0 0 6 0 -0.028 8.136 3.086 -0.033 7.524 -3.086 -0.033 7.524
5 24 9.425 -29.58 -6.791 8.223 -28.842 -10.043 11.403 -28.011 -7.579 6.803 -30.604 -7.548
5 24 1.031 -30.567 -10.663 2.405 -29.67 -11.865 2.663 -31.094 -9.246 0.168 -30.097 -11.534
5 24 15.431 -25.12 -0.361 16.826 -23.066 -1.377 16.532 -23.331 -3.492 16.857 -23.07 -0.155
5 24 0.168 -30.097 -11.534 0 -29.249 -12.871 -2.405 -29.67 -11.865 2.405 -29.67 -11.865
5 24 0 -20.47 14.993 -1.931 -22.922 14.17 1.771 -22.345 14.43 -3.86 -20.127 14.708
5 24 4.791 -29.868 -10.668 2.405 -29.67 -11.865 3.242 -29.267 -12.555 2.663 -31.094 -9.246
5 24 -1.022 -30.443 -10.838 -2.405 -29.67 -11.865 -2.839 -30.893 -9.489 0.168 -30.097 -11.534
5 24 3.86 -20.127 14.708 8.636 -20.056 13.121 7.186 -23.229 12.572 4.287 -16.813 15.083
5 24 0 -4.019 12.009 0 -6.78 13.621 -4.604 -6.812 13.053 4.604 -6.812 13.053
5 24 0 -6.78 13.621 0 -9.786 14.82 -4.724 -9.821 14.229 4.724 -9.821 14.229
5 24 -16.826 -23.066 -1.377 -16.532 -23.331 -3.492 -14.997 -25.54 -0.821 -18.623 -21.034 -1.987
5 24 -13.277 -23.417 7.418 -11.834 -20.658 10.793 -14.079 -21.173 8.285 -12.408 -23.968 7.98
5 24 -11.403 -28.011 -7.579 -10.115 -28.874 -7.595 -10.821 -28.72 -6.792 -8.223 -28.842 -10.043
5 24 15.061 -24.669 1.959 16.728 -22.6 1.374 15.341 -24.967 0.5 16.649 -21.527 3.565
5 24 0 -16.223 -20.07 0 -15.504 -19.209 2.066 -16.439 -20.011 -2.066 -16.439 -20.011
5 24 -8.636 -20.056 13.121 -11.834 -20.658 10.793 -12.526 -17.624 11.349 -10.425 -23.445 10.439
5 24 2.405 -29.67 -11.865 2.663 -31.094 -9.246 1.031 -30.567 -10.663 4.791 -29.868 -10.668
5 24 14.94 -25.313 -5.021 14.119 -26.599 -2.813 13.549 -26.81 -5.381 15.431 -25.12 -0.361
