0 ~Minifig Head Sesame Street Bert Half
0 Name: s\70558s01.dat
0 Author: Fredrik Hareide [fhareide]
0 !LDRAW_ORG Unofficial_Subpart
0 !LICENSE Licensed under CC BY 4.0 : see CAreadme.txt

0 BFC CERTIFY CCW

0 BFC INVERTNEXT
1 16 0 -35 0 0 0 8 0 35 0 -8 0 0 2-4cylo.dat

1 16 0 -35 0 0 0 8 0 -1 0 -8 0 0 2-4disc.dat

1 16 8 -18.4 0 0 -2 0 0 0 18 -1.6 0 0 box4-12.dat
1 16 1 -18.4 -7 0 1 0 0 0 18 1 0 0 box3-12.dat
1 16 1 -18.4 7 1 0 0 0 0 18 0 -1 0 box3-12.dat

1 16 0 0 0 0 0 2 0 -1 0 -2 0 0 2-4ring4.dat

2 24 2 -35 7.602299 2 -0.4 7.602299
2 24 2 -0.4 -7.602299 0 -0.4 -8
2 24 2 -0.4 7.602299 0 -0.4 8
2 24 2 -0.4 -7.602299 2 -35 -7.602299
2 24 7.6818 -0.4 -1.6 7.6818 -35 -1.6
2 24 7.6818 -0.4 -1.6 8 -0.4 0
2 24 7.6818 -0.4 1.6 8 -0.4 0
2 24 7.6818 -0.4 1.6 7.6818 -35 1.6
2 24 7.6818 -0.4 1.6 6 -0.4 1.6
2 24 6 -0.4 1.6 6 -0.4 -1.6
2 24 6 -0.4 -1.6 7.6818 -0.4 -1.6
2 24 2 -0.4 -7.602299 2 -0.4 -6
2 24 2 -0.4 -6 0 -0.4 -6
2 24 2 -0.4 7.602299 2 -0.4 6
2 24 2 -0.4 6 0 -0.4 6
2 24 2 -35 -6 2 -35 -7.602299
2 24 0 -35 -6 2 -35 -6
2 24 6 -35 1.6 6 -35 -1.6
2 24 7.68184 -35 -1.6 6 -35 -1.6
2 24 7.68184 -35 1.6 6 -35 1.6
2 24 2 -35 6 0 -35 6
2 24 2 -35 7.602299 2 -35 6
2 24 8 -0.4 0 7.68184 -0.4 -1.6
2 24 7.68184 -35 -1.6 7.68184 -0.4 -1.6
2 24 7.68184 -0.4 1.6 8 -0.4 0
2 24 7.68184 -0.4 1.6 7.68184 -35 1.6
2 24 6 -0.4 1.6 6 -35 1.6
2 24 6 -35 -1.6 6 -0.4 -1.6
2 24 2 -0.4 -6 2 -35 -6
2 24 2 -35 6 2 -0.4 6

3 16 0 -40.845 -7.586 1.695 -43.26 -5.223 0 -43.293 -5.403
3 16 2.086 -40.694 -7.345 1.695 -43.26 -5.223 0 -40.845 -7.586
3 16 2.086 -40.694 -7.345 3.09 -43.12 -4.832 1.695 -43.26 -5.223
3 16 3.694 -40.37 -6.879 3.09 -43.12 -4.832 2.086 -40.694 -7.345
3 16 3.694 -40.37 -6.879 4.302 -42.922 -4.286 3.09 -43.12 -4.832
3 16 5.134 -40.02 -6.428 4.302 -42.922 -4.286 3.694 -40.37 -6.879
3 16 5.134 -40.02 -6.428 5.387 -42.63 -3.577 4.302 -42.922 -4.286
3 16 6.449 -39.564 -5.904 5.387 -42.63 -3.577 5.134 -40.02 -6.428
3 16 6.449 -39.564 -5.904 6.325 -42.469 -2.577 5.387 -42.63 -3.577
3 16 7.805 -38.787 -5.02 6.325 -42.469 -2.577 6.449 -39.564 -5.904
3 16 8.734 -39.535 -2.128 6.325 -42.469 -2.577 7.805 -38.787 -5.02
3 16 6.964 -42.552 -1.132 6.325 -42.469 -2.577 8.734 -39.535 -2.128
4 16 7.321 -42.577 0.586 6.964 -42.552 -1.132 8.734 -39.535 -2.128 9.166 -39.639 0.338
3 16 9.166 -39.639 0.338 8.734 -39.535 -2.128 10.279 -37.419 0.241
3 16 10.279 -37.419 0.241 8.734 -39.535 -2.128 9.9 -37.452 -2.517
3 16 9.166 -39.639 0.338 10.279 -37.419 0.241 9.25 -39.615 2.813
3 16 9.25 -39.615 2.813 10.279 -37.419 0.241 10.329 -37.336 3.015
4 16 9.471 -37.205 5.64 8.518 -39.48 5.157 9.25 -39.615 2.813 10.329 -37.336 3.015
3 16 9.471 -37.205 5.64 7.21 -39.289 7.192 8.518 -39.48 5.157
3 16 7.945 -37.054 7.877 7.21 -39.289 7.192 9.471 -37.205 5.64
3 16 7.21 -39.289 7.192 7.945 -37.054 7.877 5.012 -39.111 9.051
3 16 5.012 -39.111 9.051 7.945 -37.054 7.877 5.478 -36.902 9.842
4 16 2.88 -36.79 10.863 2.682 -38.956 10.001 5.012 -39.111 9.051 5.478 -36.902 9.842
4 16 0 -38.944 10.287 2.682 -38.956 10.001 2.88 -36.79 10.863 0 -36.719 11.159
3 16 2.682 -38.956 10.001 0 -38.944 10.287 0 -42.013 8.8
3 16 2.682 -38.956 10.001 0 -42.013 8.8 2.383 -41.992 8.499
3 16 2.383 -41.992 8.499 5.012 -39.111 9.051 2.682 -38.956 10.001
3 16 2.383 -41.992 8.499 4.295 -42.116 7.666 5.012 -39.111 9.051
3 16 4.295 -42.116 7.666 7.21 -39.289 7.192 5.012 -39.111 9.051
3 16 4.295 -42.116 7.666 5.901 -42.474 6.067 7.21 -39.289 7.192
3 16 5.901 -42.474 6.067 8.518 -39.48 5.157 7.21 -39.289 7.192
3 16 8.641 -34.553 8.532 10.374 -34.639 6.099 11.221 -31.783 6.569
3 16 10.374 -34.639 6.099 12.434 -31.793 3.467 11.221 -31.783 6.569
3 16 10.374 -34.639 6.099 11.406 -34.768 3.24 12.434 -31.793 3.467
4 16 13.684 -28.869 -0.196 12.434 -31.793 3.467 11.406 -34.768 3.24 12.558 -32.077 0.117
3 16 12.558 -32.077 0.117 11.406 -34.768 3.24 11.381 -34.961 0.18
3 16 11.381 -34.961 0.18 12.039 -32.608 -3.081 12.558 -32.077 0.117
3 16 12.558 -32.077 0.117 12.039 -32.608 -3.081 12.883 -29.635 -3.529
3 16 12.039 -32.608 -3.081 11.721 -30.18 -6.249 12.883 -29.635 -3.529
4 16 12.48 -27.22 -7.047 13.538 -26.813 -4.437 12.883 -29.635 -3.529 11.721 -30.18 -6.249
3 16 10.458 -30.486 -8.052 12.48 -27.22 -7.047 11.721 -30.18 -6.249
3 16 10.458 -30.486 -8.052 10.844 -27.405 -9.662 12.48 -27.22 -7.047
3 16 9.751 -28.676 -10.066 10.844 -27.405 -9.662 10.458 -30.486 -8.052
3 16 10.844 -27.405 -9.662 9.751 -28.676 -10.066 9.072 -27.281 -11.479
3 16 10.844 -27.405 -9.662 9.072 -27.281 -11.479 9.399 -25.991 -11.706
3 16 7.637 -26.681 -12.718 9.399 -25.991 -11.706 9.072 -27.281 -11.479
3 16 7.637 -26.681 -12.718 7.887 -25.289 -13.009 9.399 -25.991 -11.706
3 16 9.751 -28.676 -10.066 10.458 -30.486 -8.052 9.853 -30.61 -8.86
3 16 9.853 -30.61 -8.86 10.458 -30.486 -8.052 8.989 -33.602 -7.764
3 16 8.989 -33.602 -7.764 8.651 -32.939 -8.489 9.853 -30.61 -8.86
3 16 10.636 -33.104 -5.849 10.458 -30.486 -8.052 11.721 -30.18 -6.249
3 16 10.636 -33.104 -5.849 8.989 -33.602 -7.764 10.458 -30.486 -8.052
3 16 12.039 -32.608 -3.081 10.636 -33.104 -5.849 11.721 -30.18 -6.249
3 16 13.997 -24.041 -5.005 13.538 -26.813 -4.437 12.48 -27.22 -7.047
3 16 13.997 -24.041 -5.005 12.48 -27.22 -7.047 12.98 -24.222 -7.533
3 16 12.98 -24.222 -7.533 14.224 -21.316 -5.301 13.997 -24.041 -5.005
3 16 12.98 -24.222 -7.533 13.176 -21.247 -7.806 14.224 -21.316 -5.301
3 16 11.519 -24.217 -10.004 13.176 -21.247 -7.806 12.98 -24.222 -7.533
3 16 11.519 -24.217 -10.004 10.844 -27.405 -9.662 9.399 -25.991 -11.706
3 16 11.519 -24.217 -10.004 11.663 -21.39 -10.262 13.176 -21.247 -7.806
3 16 9.77 -23.734 -11.882 11.663 -21.39 -10.262 11.519 -24.217 -10.004
3 16 11.519 -24.217 -10.004 9.399 -25.991 -11.706 9.77 -23.734 -11.882
3 16 9.77 -23.734 -11.882 9.399 -25.991 -11.706 7.887 -25.289 -13.009
3 16 9.77 -23.734 -11.882 9.755 -21.33 -12.088 11.663 -21.39 -10.262
3 16 7.989 -23.345 -13.217 9.755 -21.33 -12.088 9.77 -23.734 -11.882
3 16 9.77 -23.734 -11.882 7.887 -25.289 -13.009 7.989 -23.345 -13.217
4 16 9.419 -19.032 -12.366 9.755 -21.33 -12.088 7.989 -23.345 -13.217 7.785 -21.172 -13.392
3 16 7.785 -21.172 -13.392 7.339 -19.07 -13.471 9.419 -19.032 -12.366
3 16 8.856 -16.586 -12.308 9.419 -19.032 -12.366 7.339 -19.07 -13.471
3 16 8.856 -16.586 -12.308 7.339 -19.07 -13.471 6.728 -16.632 -13.355
3 16 10.494 -16.498 -10.99 9.419 -19.032 -12.366 8.856 -16.586 -12.308
3 16 10.494 -16.498 -10.99 11.47 -18.739 -10.538 9.419 -19.032 -12.366
3 16 9.755 -21.33 -12.088 11.47 -18.739 -10.538 11.663 -21.39 -10.262
3 16 9.755 -21.33 -12.088 9.419 -19.032 -12.366 11.47 -18.739 -10.538
3 16 12.562 -16.42 -8.523 11.47 -18.739 -10.538 10.494 -16.498 -10.99
3 16 12.562 -16.42 -8.523 13.191 -18.367 -8.119 11.47 -18.739 -10.538
3 16 11.663 -21.39 -10.262 13.191 -18.367 -8.119 13.176 -21.247 -7.806
3 16 11.663 -21.39 -10.262 11.47 -18.739 -10.538 13.191 -18.367 -8.119
3 16 13.762 -15.778 -6.163 13.191 -18.367 -8.119 12.562 -16.42 -8.523
3 16 13.762 -15.778 -6.163 12.562 -16.42 -8.523 12.961 -15.523 -7.516
4 16 7.989 -23.345 -13.217 6.237 -23.212 -13.953 5.85 -21.124 -14.198 7.785 -21.172 -13.392
3 16 5.85 -21.124 -14.198 7.339 -19.07 -13.471 7.785 -21.172 -13.392
3 16 5.85 -21.124 -14.198 6.237 -23.212 -13.953 4.853 -23.337 -14.606
3 16 5.85 -21.124 -14.198 4.853 -23.337 -14.606 4.618 -21.167 -14.691
4 16 3.748 -19.535 -14.826 4.843 -18.899 -14.32 5.85 -21.124 -14.198 4.618 -21.167 -14.691
3 16 5.85 -21.124 -14.198 4.843 -18.899 -14.32 7.339 -19.07 -13.471
3 16 4.843 -18.899 -14.32 3.748 -19.535 -14.826 2.112 -18.04 -14.882
3 16 4.843 -18.899 -14.32 2.112 -18.04 -14.882 2.293 -16.677 -14.479
3 16 2.293 -16.677 -14.479 2.112 -18.04 -14.882 0 -17.568 -14.919
3 16 2.293 -16.677 -14.479 0 -17.568 -14.919 0 -16.677 -14.563
3 16 4.606 -16.632 -14.092 4.843 -18.899 -14.32 2.293 -16.677 -14.479
4 16 7.339 -19.07 -13.471 4.843 -18.899 -14.32 4.606 -16.632 -14.092 6.728 -16.632 -13.355
3 16 13.382 -13.32 -6.132 13.762 -15.778 -6.163 12.961 -15.523 -7.516
3 16 13.382 -13.32 -6.132 12.961 -15.523 -7.516 12.2877 -13.8797 -8.9279
3 16 13.762 -15.778 -6.163 13.382 -13.32 -6.132 14.041 -13.761 -3.844
3 16 13.762 -15.778 -6.163 14.041 -13.761 -3.844 14.276 -16.18 -4.531
3 16 14.315 -18.625 -5.21 13.762 -15.778 -6.163 14.276 -16.18 -4.531
3 16 14.315 -18.625 -5.21 13.191 -18.367 -8.119 13.762 -15.778 -6.163
3 16 14.315 -18.625 -5.21 13.176 -21.247 -7.806 13.191 -18.367 -8.119
3 16 14.315 -18.625 -5.21 14.224 -21.316 -5.301 13.176 -21.247 -7.806
3 16 14.796 -19.059 -2.745 14.315 -18.625 -5.21 14.276 -16.18 -4.531
4 16 14.315 -18.625 -5.21 14.796 -19.059 -2.745 14.671 -21.381 -3.018 14.224 -21.316 -5.301
3 16 13.997 -24.041 -5.005 14.224 -21.316 -5.301 14.671 -21.381 -3.018
3 16 13.997 -24.041 -5.005 14.671 -21.381 -3.018 14.448 -23.784 -2.63
3 16 14.448 -23.784 -2.63 13.538 -26.813 -4.437 13.997 -24.041 -5.005
3 16 14.448 -23.784 -2.63 14.1 -26.212 -2.027 13.538 -26.813 -4.437
3 16 14.1 -26.212 -2.027 12.883 -29.635 -3.529 13.538 -26.813 -4.437
3 16 14.1 -26.212 -2.027 13.684 -28.869 -0.196 12.883 -29.635 -3.529
3 16 12.558 -32.077 0.117 12.883 -29.635 -3.529 13.684 -28.869 -0.196
3 16 12.434 -31.793 3.467 13.684 -28.869 -0.196 13.408 -28.222 3.756
3 16 12.434 -31.793 3.467 13.408 -28.222 3.756 11.853 -28.642 7.085
3 16 12.434 -31.793 3.467 11.853 -28.642 7.085 11.221 -31.783 6.569
4 16 9.768 -28.82 9.839 9.268 -31.798 9.168 11.221 -31.783 6.569 11.853 -28.642 7.085
3 16 8.641 -34.553 8.532 11.221 -31.783 6.569 9.268 -31.798 9.168
3 16 12.117 -25.539 7.814 9.768 -28.82 9.839 11.853 -28.642 7.085
3 16 12.117 -25.539 7.814 10.139 -25.726 10.302 9.768 -28.82 9.839
3 16 12.117 -25.539 7.814 10.305 -22.592 10.595 10.139 -25.726 10.302
3 16 12.117 -25.539 7.814 12.321 -22.495 8.176 10.305 -22.592 10.595
3 16 12.321 -22.495 8.176 10.384 -19.397 10.592 10.305 -22.592 10.595
3 16 12.321 -22.495 8.176 12.523 -19.39 8.129 10.384 -19.397 10.592
4 16 10.384 -19.397 10.592 12.523 -19.39 8.129 12.624 -16.101 7.651 10.32 -16.144 10.321
4 16 10.32 -16.144 10.321 12.624 -16.101 7.651 11.659 -11.368 7.035 9.539 -11.566 9.484
3 16 14.424 -16.117 4.162 11.659 -11.368 7.035 12.624 -16.101 7.651
3 16 14.424 -16.117 4.162 13.285 -10.993 3.978 11.659 -11.368 7.035
3 16 14.741 -14.813 0.224 13.285 -10.993 3.978 14.424 -16.117 4.162
3 16 14.741 -14.813 0.224 13.491 -10.358 0.345 13.285 -10.993 3.978
3 16 13.491 -10.358 0.345 10.934 -6.691 3.584 13.285 -10.993 3.978
3 16 13.491 -10.358 0.345 11.394 -6.324 0.76 10.934 -6.691 3.584
3 16 13.285 -10.993 3.978 9.848 -7.121 6.106 11.659 -11.368 7.035
3 16 13.285 -10.993 3.978 10.934 -6.691 3.584 9.848 -7.121 6.106
3 16 12.81 -9.686 -3.284 11.394 -6.324 0.76 13.491 -10.358 0.345
3 16 12.81 -9.686 -3.284 10.981 -5.995 -2.435 11.394 -6.324 0.76
3 16 11.517 -9.064 -6.862 10.981 -5.995 -2.435 12.81 -9.686 -3.284
3 16 11.517 -9.064 -6.862 9.631 -5.443 -5.238 10.981 -5.995 -2.435
3 16 8.751 -7.858 -9.531 9.631 -5.443 -5.238 11.517 -9.064 -6.862
3 16 8.751 -7.858 -9.531 11.517 -9.064 -6.862 10.9126 -12.0424 -10.5009
3 16 8.751 -7.858 -9.531 10.9126 -12.0424 -10.5009 8.9257 -10.6594 -11.6764
3 16 6.2588 -9.6762 -12.5009 8.751 -7.858 -9.531 8.9257 -10.6594 -11.6764
3 16 6.2588 -9.6762 -12.5009 6.101 -7.069 -10.985 8.751 -7.858 -9.531
3 16 8.751 -7.858 -9.531 7.731 -5.151 -7.57 9.631 -5.443 -5.238
4 16 8.751 -7.858 -9.531 6.101 -7.069 -10.985 5.54 -4.91 -9.188 7.731 -5.151 -7.57
3 16 3.236 -6.567 -11.735 5.54 -4.91 -9.188 6.101 -7.069 -10.985
3 16 3.236 -6.567 -11.735 3.079 -4.75 -10.258 5.54 -4.91 -9.188
3 16 0 -6.242 -12.077 3.079 -4.75 -10.258 3.236 -6.567 -11.735
3 16 0 -8.611 -13.364 0 -6.242 -12.077 3.236 -6.567 -11.735
3 16 0 -8.611 -13.364 3.236 -6.567 -11.735 3.3169 -8.8915 -13.1516
3 16 3.3169 -8.8915 -13.1516 6.101 -7.069 -10.985 6.2588 -9.6762 -12.5009
3 16 3.3169 -8.8915 -13.1516 3.236 -6.567 -11.735 6.101 -7.069 -10.985
3 16 0 -6.242 -12.077 0 -4.663 -10.693 3.079 -4.75 -10.258
4 16 11.517 -9.064 -6.862 13.382 -13.32 -6.132 12.2877 -13.8797 -8.9279 10.9126 -12.0424 -10.5009
3 16 13.382 -13.32 -6.132 12.81 -9.686 -3.284 14.041 -13.761 -3.844
3 16 13.382 -13.32 -6.132 11.517 -9.064 -6.862 12.81 -9.686 -3.284
3 16 13.491 -10.358 0.345 14.041 -13.761 -3.844 12.81 -9.686 -3.284
3 16 13.491 -10.358 0.345 14.741 -14.813 0.224 14.041 -13.761 -3.844
3 16 14.041 -13.761 -3.844 14.741 -14.813 0.224 14.844 -16.929 -2.087
3 16 14.041 -13.761 -3.844 14.844 -16.929 -2.087 14.276 -16.18 -4.531
3 16 14.796 -19.059 -2.745 14.276 -16.18 -4.531 14.844 -16.929 -2.087
3 16 15.258 -17.383 -0.882 14.796 -19.059 -2.745 14.844 -16.929 -2.087
3 16 14.741 -14.813 0.224 15.258 -17.383 -0.882 14.844 -16.929 -2.087
4 16 14.671 -21.381 -3.018 14.796 -19.059 -2.745 15.258 -17.383 -0.882 15.176 -19.46 -0.981
4 16 15.176 -19.46 -0.981 14.959 -21.451 -0.94 14.448 -23.784 -2.63 14.671 -21.381 -3.018
3 16 14.959 -21.451 -0.94 14.757 -23.463 -0.765 14.448 -23.784 -2.63
3 16 14.1 -26.212 -2.027 14.448 -23.784 -2.63 14.757 -23.463 -0.765
3 16 14.1 -26.212 -2.027 14.757 -23.463 -0.765 14.418 -26.224 -0.389
3 16 14.741 -14.813 0.224 15.014 -16.047 0.764 15.258 -17.383 -0.882
3 16 14.424 -16.117 4.162 15.014 -16.047 0.764 14.741 -14.813 0.224
3 16 14.424 -16.117 4.162 14.564 -17.713 3.093 15.014 -16.047 0.764
3 16 13.573 -19.619 5.794 14.564 -17.713 3.093 14.424 -16.117 4.162
3 16 13.573 -19.619 5.794 14.3 -19.778 4.176 14.564 -17.713 3.093
4 16 13.268 -22.431 6.128 14.028 -22.379 4.485 14.3 -19.778 4.176 13.573 -19.619 5.794
3 16 13.854 -24.83 4.335 14.028 -22.379 4.485 13.268 -22.431 6.128
3 16 13.854 -24.83 4.335 13.268 -22.431 6.128 13.157 -25.114 5.73
3 16 13.408 -28.222 3.756 13.854 -24.83 4.335 13.157 -25.114 5.73
3 16 13.408 -28.222 3.756 13.793 -27.054 2.745 13.854 -24.83 4.335
3 16 14.075 -27.529 0.615 13.793 -27.054 2.745 13.408 -28.222 3.756
3 16 14.075 -27.529 0.615 13.408 -28.222 3.756 13.684 -28.869 -0.196
3 16 14.418 -26.224 -0.389 13.684 -28.869 -0.196 14.1 -26.212 -2.027
3 16 14.418 -26.224 -0.389 14.075 -27.529 0.615 13.684 -28.869 -0.196
3 16 13.573 -19.619 5.794 14.424 -16.117 4.162 12.624 -16.101 7.651
3 16 13.573 -19.619 5.794 12.624 -16.101 7.651 12.523 -19.39 8.129
4 16 12.321 -22.495 8.176 13.268 -22.431 6.128 13.573 -19.619 5.794 12.523 -19.39 8.129
4 16 13.157 -25.114 5.73 13.268 -22.431 6.128 12.321 -22.495 8.176 12.117 -25.539 7.814
3 16 11.853 -28.642 7.085 13.408 -28.222 3.756 13.157 -25.114 5.73
3 16 12.117 -25.539 7.814 11.853 -28.642 7.085 13.157 -25.114 5.73
4 16 7.321 -42.577 0.586 9.166 -39.639 0.338 9.25 -39.615 2.813 7.415 -42.528 2.61
3 16 7.415 -42.528 2.61 9.25 -39.615 2.813 8.518 -39.48 5.157
3 16 6.825 -42.589 4.454 7.415 -42.528 2.61 8.518 -39.48 5.157
3 16 6.825 -42.589 4.454 8.518 -39.48 5.157 5.901 -42.474 6.067
3 16 8.699 -16.041 -8.61 12.562 -16.42 -8.523 10.494 -16.498 -10.99
3 16 7.763 -16.429 -10.395 8.699 -16.041 -8.61 10.494 -16.498 -10.99
3 16 5.486 -15.796 -8.56 8.699 -16.041 -8.61 7.763 -16.429 -10.395
3 16 10.494 -16.498 -10.99 8.856 -16.586 -12.308 7.763 -16.429 -10.395
4 16 8.856 -16.586 -12.308 6.728 -16.632 -13.355 5.109 -16.389 -10.237 7.763 -16.429 -10.395
3 16 5.109 -16.389 -10.237 5.486 -15.796 -8.56 7.763 -16.429 -10.395
3 16 2.754 -15.625 -8.523 5.486 -15.796 -8.56 5.109 -16.389 -10.237
4 16 2.599 -16.345 -10.195 5.109 -16.389 -10.237 6.728 -16.632 -13.355 4.606 -16.632 -14.092
3 16 2.599 -16.345 -10.195 2.754 -15.625 -8.523 5.109 -16.389 -10.237
4 16 0 -16.322 -10.284 0 -15.539 -8.529 2.754 -15.625 -8.523 2.599 -16.345 -10.195
3 16 2.293 -16.677 -14.479 2.599 -16.345 -10.195 4.606 -16.632 -14.092
4 16 2.599 -16.345 -10.195 2.293 -16.677 -14.479 0 -16.677 -14.563 0 -16.322 -10.284
3 16 6.635 -35.229 -8.649 4.671 -35.738 -9.571 5.033 -34.739 -10.03
3 16 6.92 -34.428 -9.041 6.635 -35.229 -8.649 5.033 -34.739 -10.03
4 16 7.707 -35.94 -7.389 6.92 -34.428 -9.041 8.651 -32.939 -8.489 8.989 -33.602 -7.764
3 16 6.635 -35.229 -8.649 6.92 -34.428 -9.041 7.707 -35.94 -7.389
3 16 6.315 -36.171 -8.287 6.635 -35.229 -8.649 7.707 -35.94 -7.389
4 16 6.635 -35.229 -8.649 6.315 -36.171 -8.287 4.464 -36.659 -9.155 4.671 -35.738 -9.571
3 16 7.707 -35.94 -7.389 8.989 -33.602 -7.764 8.813 -36.304 -5.889
3 16 8.989 -33.602 -7.764 10.636 -33.104 -5.849 8.813 -36.304 -5.889
4 16 8.853 -37.354 -4.568 8.813 -36.304 -5.889 10.636 -33.104 -5.849 10.923 -35.235 -2.844
3 16 10.636 -33.104 -5.849 12.039 -32.608 -3.081 10.923 -35.235 -2.844
3 16 10.923 -35.235 -2.844 12.039 -32.608 -3.081 11.381 -34.961 0.18
3 16 11.381 -34.961 0.18 10.279 -37.419 0.241 10.923 -35.235 -2.844
3 16 10.279 -37.419 0.241 9.9 -37.452 -2.517 10.923 -35.235 -2.844
3 16 10.329 -37.336 3.015 10.279 -37.419 0.241 11.381 -34.961 0.18
3 16 11.406 -34.768 3.24 10.329 -37.336 3.015 11.381 -34.961 0.18
3 16 9.471 -37.205 5.64 10.329 -37.336 3.015 11.406 -34.768 3.24
3 16 10.374 -34.639 6.099 9.471 -37.205 5.64 11.406 -34.768 3.24
4 16 8.641 -34.553 8.532 7.945 -37.054 7.877 9.471 -37.205 5.64 10.374 -34.639 6.099
3 16 9.9 -37.452 -2.517 8.853 -37.354 -4.568 10.923 -35.235 -2.844
3 16 9.9 -37.452 -2.517 8.734 -39.535 -2.128 8.853 -37.354 -4.568
3 16 8.734 -39.535 -2.128 7.805 -38.787 -5.02 8.853 -37.354 -4.568
3 16 2.344 -35.571 -10.412 4.671 -35.738 -9.571 4.464 -36.659 -9.155
3 16 2.306 -37.059 -9.587 2.344 -35.571 -10.412 4.464 -36.659 -9.155
3 16 2.344 -35.571 -10.412 3.353 -34.54 -10.743 4.671 -35.738 -9.571
3 16 1.205 -33.445 -11.768 1.917 -33.296 -11.645 2.344 -35.571 -10.412
3 16 1.205 -33.445 -11.768 2.344 -35.571 -10.412 0 -35.719 -10.543
3 16 0 -33.534 -11.781 1.205 -33.445 -11.768 0 -35.719 -10.543
4 16 1.205 -33.445 -11.768 0 -33.534 -11.781 0 -31.388 -12.844 0.879 -31.34 -12.835
3 16 0.879 -31.34 -12.835 0 -31.388 -12.844 0 -29.088 -13.789
3 16 1.725 -28.804 -13.752 0.879 -31.34 -12.835 0 -29.088 -13.789
3 16 2.027 -29.069 -13.506 1.531 -31.291 -12.837 1.725 -28.804 -13.752
3 16 0.879 -31.34 -12.835 1.725 -28.804 -13.752 1.531 -31.291 -12.837
3 16 1.205 -33.445 -11.768 0.879 -31.34 -12.835 1.531 -31.291 -12.837
3 16 2.027 -29.069 -13.506 1.725 -28.804 -13.752 3.332 -27.558 -14.04
3 16 3.532 -27.762 -13.839 2.027 -29.069 -13.506 3.332 -27.558 -14.04
3 16 4.805 -26.919 -13.747 3.532 -27.762 -13.839 3.332 -27.558 -14.04
3 16 4.485 -25.526 -14.258 4.805 -26.919 -13.747 3.332 -27.558 -14.04
3 16 3.353 -34.54 -10.743 2.344 -35.571 -10.412 1.917 -33.296 -11.645
3 16 1.917 -33.296 -11.645 1.205 -33.445 -11.768 1.531 -31.291 -12.837
3 16 4.805 -26.919 -13.747 4.485 -25.526 -14.258 6.274 -26.524 -13.382
3 16 4.485 -25.526 -14.258 6.241 -25.133 -13.716 6.274 -26.524 -13.382
3 16 6.241 -25.133 -13.716 7.887 -25.289 -13.009 6.274 -26.524 -13.382
3 16 7.887 -25.289 -13.009 7.637 -26.681 -12.718 6.274 -26.524 -13.382
3 16 4.485 -25.526 -14.258 4.853 -23.337 -14.606 6.241 -25.133 -13.716
3 16 4.853 -23.337 -14.606 6.237 -23.212 -13.953 6.241 -25.133 -13.716
4 16 7.887 -25.289 -13.009 6.241 -25.133 -13.716 6.237 -23.212 -13.953 7.989 -23.345 -13.217
3 16 16.716 -24.353 3.55 16.701 -26.221 2.528 18.183 -25.141 1.998
3 16 18.623 -24.012 2.504 16.716 -24.353 3.55 18.183 -25.141 1.998
3 16 16.716 -24.353 3.55 18.623 -24.012 2.504 16.777 -22.147 3.776
3 16 18.623 -24.012 2.504 18.943 -22.137 2.794 16.777 -22.147 3.776
3 16 18.183 -25.141 1.998 16.701 -26.221 2.528 17.024 -26.743 0.85
3 16 18.455 -25.351 0.932 18.183 -25.141 1.998 17.024 -26.743 0.85
3 16 18.623 -24.012 2.504 18.183 -25.141 1.998 18.455 -25.351 0.932
3 16 18.455 -25.351 0.932 17.024 -26.743 0.85 16.754 -25.663 -0.08
3 16 17.984 -24.516 -0.195 18.455 -25.351 0.932 16.754 -25.663 -0.08
3 16 18.623 -24.012 2.504 19.395 -23.796 0.94 18.943 -22.137 2.794
3 16 19.395 -23.796 0.94 18.623 -24.012 2.504 18.455 -25.351 0.932
3 16 18.455 -25.351 0.932 17.984 -24.516 -0.195 19.395 -23.796 0.94
3 16 19.395 -23.796 0.94 19.731 -22.074 0.901 18.943 -22.137 2.794
3 16 19.395 -23.796 0.94 18.807 -23.405 -0.368 19.731 -22.074 0.901
3 16 17.984 -24.516 -0.195 18.807 -23.405 -0.368 19.395 -23.796 0.94
3 16 18.807 -23.405 -0.368 19.127 -21.878 -0.47 19.731 -22.074 0.901
4 16 18.821 -20.317 -0.503 19.439 -20.291 0.954 19.731 -22.074 0.901 19.127 -21.878 -0.47
3 16 19.439 -20.291 0.954 18.821 -20.317 -0.503 18.389 -19.432 -0.415
3 16 18.879 -18.968 1.046 19.439 -20.291 0.954 18.389 -19.432 -0.415
3 16 18.389 -19.432 -0.415 17.233 -18.217 -0.641 18.879 -18.968 1.046
3 16 17.233 -18.217 -0.641 17.348 -17.248 1.01 18.879 -18.968 1.046
3 16 18.879 -18.968 1.046 17.348 -17.248 1.01 18.263 -19.337 2.129
3 16 19.439 -20.291 0.954 18.879 -18.968 1.046 18.263 -19.337 2.129
3 16 17.348 -17.248 1.01 16.875 -18.346 2.756 18.263 -19.337 2.129
3 16 18.263 -19.337 2.129 16.875 -18.346 2.756 16.782 -20.197 3.403
3 16 18.676 -20.382 2.538 18.263 -19.337 2.129 16.782 -20.197 3.403
3 16 18.676 -20.382 2.538 19.439 -20.291 0.954 18.263 -19.337 2.129
3 16 19.439 -20.291 0.954 18.676 -20.382 2.538 19.731 -22.074 0.901
3 16 18.676 -20.382 2.538 18.943 -22.137 2.794 19.731 -22.074 0.901
3 16 18.676 -20.382 2.538 16.782 -20.197 3.403 16.777 -22.147 3.776
3 16 18.943 -22.137 2.794 18.676 -20.382 2.538 16.777 -22.147 3.776
3 16 17.348 -17.248 1.01 17.233 -18.217 -0.641 15.819 -17.539 -0.784
3 16 15.857 -16.275 0.839 17.348 -17.248 1.01 15.819 -17.539 -0.784
3 16 15.857 -16.275 0.839 15.819 -17.539 -0.784 15.258 -17.383 -0.882
3 16 15.014 -16.047 0.764 15.857 -16.275 0.839 15.258 -17.383 -0.882
3 16 15.261 -17.718 3.037 15.857 -16.275 0.839 15.014 -16.047 0.764
3 16 15.261 -17.718 3.037 16.875 -18.346 2.756 17.348 -17.248 1.01
3 16 15.857 -16.275 0.839 15.261 -17.718 3.037 17.348 -17.248 1.01
3 16 14.564 -17.713 3.093 15.261 -17.718 3.037 15.014 -16.047 0.764
3 16 15.261 -17.718 3.037 14.564 -17.713 3.093 14.927 -19.969 3.813
3 16 16.875 -18.346 2.756 15.261 -17.718 3.037 14.927 -19.969 3.813
3 16 16.782 -20.197 3.403 16.875 -18.346 2.756 14.927 -19.969 3.813
3 16 16.782 -20.197 3.403 14.927 -19.969 3.813 16.777 -22.147 3.776
3 16 14.564 -17.713 3.093 14.3 -19.778 4.176 14.927 -19.969 3.813
3 16 14.927 -19.969 3.813 14.3 -19.778 4.176 14.701 -22.295 4.11
3 16 14.927 -19.969 3.813 14.701 -22.295 4.11 16.777 -22.147 3.776
3 16 14.3 -19.778 4.176 14.028 -22.379 4.485 14.701 -22.295 4.11
3 16 14.659 -24.713 3.985 14.701 -22.295 4.11 14.028 -22.379 4.485
3 16 13.854 -24.83 4.335 14.659 -24.713 3.985 14.028 -22.379 4.485
3 16 14.659 -24.713 3.985 13.854 -24.83 4.335 14.565 -26.874 2.717
3 16 13.854 -24.83 4.335 13.793 -27.054 2.745 14.565 -26.874 2.717
3 16 13.793 -27.054 2.745 14.075 -27.529 0.615 14.565 -26.874 2.717
3 16 14.075 -27.529 0.615 15.104 -27.382 0.816 14.565 -26.874 2.717
4 16 14.075 -27.529 0.615 14.418 -26.224 -0.389 15.242 -26.197 -0.142 15.104 -27.382 0.816
3 16 14.659 -24.713 3.985 16.716 -24.353 3.55 14.701 -22.295 4.11
3 16 16.716 -24.353 3.55 16.777 -22.147 3.776 14.701 -22.295 4.11
3 16 14.659 -24.713 3.985 14.565 -26.874 2.717 16.701 -26.221 2.528
3 16 16.716 -24.353 3.55 14.659 -24.713 3.985 16.701 -26.221 2.528
4 16 16.701 -26.221 2.528 14.565 -26.874 2.717 15.104 -27.382 0.816 17.024 -26.743 0.85
3 16 15.104 -27.382 0.816 15.242 -26.197 -0.142 17.024 -26.743 0.85
3 16 17.024 -26.743 0.85 15.242 -26.197 -0.142 16.754 -25.663 -0.08
3 16 17.233 -18.217 -0.641 18.389 -19.432 -0.415 17.308 -19.976 -0.581
3 16 17.308 -19.976 -0.581 18.389 -19.432 -0.415 18.821 -20.317 -0.503
3 16 18.821 -20.317 -0.503 17.307 -21.636 -0.416 17.308 -19.976 -0.581
3 16 19.127 -21.878 -0.47 17.307 -21.636 -0.416 18.821 -20.317 -0.503
4 16 17.105 -23.297 -0.305 17.307 -21.636 -0.416 19.127 -21.878 -0.47 18.807 -23.405 -0.368
3 16 17.984 -24.516 -0.195 17.105 -23.297 -0.305 18.807 -23.405 -0.368
3 16 16.754 -25.663 -0.08 17.105 -23.297 -0.305 17.984 -24.516 -0.195
3 16 17.308 -19.976 -0.581 15.777 -19.644 -0.626 17.233 -18.217 -0.641
3 16 17.233 -18.217 -0.641 15.777 -19.644 -0.626 15.819 -17.539 -0.784
3 16 15.777 -19.644 -0.626 15.176 -19.46 -0.981 15.819 -17.539 -0.784
3 16 15.176 -19.46 -0.981 15.777 -19.644 -0.626 14.959 -21.451 -0.94
3 16 14.959 -21.451 -0.94 15.777 -19.644 -0.626 15.646 -21.513 -0.447
4 16 15.51 -23.406 -0.336 15.646 -21.513 -0.447 17.307 -21.636 -0.416 17.105 -23.297 -0.305
4 16 15.777 -19.644 -0.626 17.308 -19.976 -0.581 17.307 -21.636 -0.416 15.646 -21.513 -0.447
3 16 15.51 -23.406 -0.336 14.959 -21.451 -0.94 15.646 -21.513 -0.447
3 16 17.105 -23.297 -0.305 16.754 -25.663 -0.08 15.51 -23.406 -0.336
3 16 14.757 -23.463 -0.765 14.959 -21.451 -0.94 15.51 -23.406 -0.336
3 16 15.51 -23.406 -0.336 15.242 -26.197 -0.142 14.757 -23.463 -0.765
3 16 15.51 -23.406 -0.336 16.754 -25.663 -0.08 15.242 -26.197 -0.142
3 16 14.757 -23.463 -0.765 15.242 -26.197 -0.142 14.418 -26.224 -0.389
3 16 15.819 -17.539 -0.784 15.176 -19.46 -0.981 15.258 -17.383 -0.882
4 16 10.844 -27.405 -9.662 11.519 -24.217 -10.004 12.98 -24.222 -7.533 12.48 -27.22 -7.047
4 16 9.539 -11.566 9.484 11.659 -11.368 7.035 9.848 -7.121 6.106 8.04 -7.455 8.281
4 16 6.497 -11.672 11.57 9.539 -11.566 9.484 8.04 -7.455 8.281 5.765 -7.597 9.833
3 16 3.111 -7.709 10.952 6.497 -11.672 11.57 5.765 -7.597 9.833
3 16 3.382 -11.69 12.761 6.497 -11.672 11.57 3.111 -7.709 10.952
3 16 3.382 -11.69 12.761 6.929 -16.186 12.549 6.497 -11.672 11.57
3 16 3.572 -16.226 13.708 6.929 -16.186 12.549 3.382 -11.69 12.761
4 16 6.929 -16.186 12.549 3.572 -16.226 13.708 3.613 -19.439 13.943 7.001 -19.41 12.793
4 16 3.62 -22.655 13.932 6.977 -22.636 12.77 7.001 -19.41 12.793 3.613 -19.439 13.943
4 16 3.62 -22.655 13.932 3.588 -25.81 13.675 6.867 -25.795 12.507 6.977 -22.636 12.77
4 16 6.665 -28.859 12.023 6.867 -25.795 12.507 3.588 -25.81 13.675 3.484 -28.83 13.157
4 16 3.484 -28.83 13.157 3.306 -31.69 12.468 6.335 -31.77 11.364 6.665 -28.859 12.023
4 16 3.306 -31.69 12.468 3.088 -34.362 11.685 5.925 -34.467 10.622 6.335 -31.77 11.364
4 16 3.088 -34.362 11.685 3.306 -31.69 12.468 0 -31.652 12.814 0 -34.298 12.025
4 16 0 -28.814 13.521 0 -31.652 12.814 3.306 -31.69 12.468 3.484 -28.83 13.157
4 16 3.484 -28.83 13.157 3.588 -25.81 13.675 0 -25.797 14.013 0 -28.814 13.521
3 16 3.588 -25.81 13.675 3.62 -22.655 13.932 0 -25.797 14.013
4 16 6.335 -31.77 11.364 5.925 -34.467 10.622 8.641 -34.553 8.532 9.268 -31.798 9.168
3 16 6.665 -28.859 12.023 6.335 -31.77 11.364 9.768 -28.82 9.839
3 16 9.768 -28.82 9.839 6.335 -31.77 11.364 9.268 -31.798 9.168
3 16 6.665 -28.859 12.023 9.768 -28.82 9.839 6.867 -25.795 12.507
3 16 6.867 -25.795 12.507 9.768 -28.82 9.839 10.139 -25.726 10.302
3 16 6.867 -25.795 12.507 10.139 -25.726 10.302 6.977 -22.636 12.77
3 16 6.977 -22.636 12.77 10.139 -25.726 10.302 10.305 -22.592 10.595
4 16 6.977 -22.636 12.77 10.305 -22.592 10.595 10.384 -19.397 10.592 7.001 -19.41 12.793
4 16 7.001 -19.41 12.793 10.384 -19.397 10.592 10.32 -16.144 10.321 6.929 -16.186 12.549
3 16 6.929 -16.186 12.549 10.32 -16.144 10.321 6.497 -11.672 11.57
3 16 6.497 -11.672 11.57 10.32 -16.144 10.321 9.539 -11.566 9.484
3 16 0 -25.797 14.013 3.62 -22.655 13.932 0 -22.655 14.314
4 16 0 -19.444 14.328 0 -22.655 14.314 3.62 -22.655 13.932 3.613 -19.439 13.943
4 16 0 -19.444 14.328 3.613 -19.439 13.943 3.572 -16.226 13.708 0 -16.237 14.097
4 16 3.382 -11.69 12.761 0 -11.701 13.133 0 -16.237 14.097 3.572 -16.226 13.708
3 16 0 -11.701 13.133 3.382 -11.69 12.761 0 -7.851 11.577
3 16 0 -7.851 11.577 3.382 -11.69 12.761 3.111 -7.709 10.952
4 16 7.945 -37.054 7.877 8.641 -34.553 8.532 5.925 -34.467 10.622 5.478 -36.902 9.842
3 16 5.925 -34.467 10.622 2.88 -36.79 10.863 5.478 -36.902 9.842
3 16 3.088 -34.362 11.685 2.88 -36.79 10.863 5.925 -34.467 10.622
4 16 2.88 -36.79 10.863 3.088 -34.362 11.685 0 -34.298 12.025 0 -36.719 11.159
3 16 5.033 -34.739 -10.03 4.671 -35.738 -9.571 3.353 -34.54 -10.743
4 16 2.344 -35.571 -10.412 2.306 -37.059 -9.587 0 -37.172 -9.755 0 -35.719 -10.543

0 // Edge_Colour
2 24 9.072 -27.281 -11.479 7.637 -26.681 -12.718
2 24 12.562 -16.42 -8.523 12.961 -15.523 -7.516
2 24 5.54 -4.91 -9.188 3.079 -4.75 -10.258
2 24 15.258 -17.383 -0.882 15.014 -16.047 0.764
2 24 2.754 -15.625 -8.523 0 -15.539 -8.529
2 24 5.033 -34.739 -10.03 6.92 -34.428 -9.041
2 24 0 -29.088 -13.789 1.725 -28.804 -13.752
2 24 5.033 -34.739 -10.03 3.353 -34.54 -10.743
2 24 12.2877 -13.8797 -8.9279 10.9126 -12.0424 -10.5009
2 24 9.631 -5.443 -5.238 7.731 -5.151 -7.57
2 24 1.725 -28.804 -13.752 3.332 -27.558 -14.04
2 24 19.127 -21.878 -0.47 18.821 -20.317 -0.503
2 24 3.694 -40.37 -6.879 5.134 -40.02 -6.428
2 24 3.748 -19.535 -14.826 2.112 -18.04 -14.882
2 24 2.306 -37.059 -9.587 0 -37.172 -9.755
2 24 15.176 -19.46 -0.981 14.959 -21.451 -0.94
2 24 8.04 -7.455 8.281 5.765 -7.597 9.833
2 24 2.112 -18.04 -14.882 0 -17.568 -14.919
2 24 3.079 -4.75 -10.258 0 -4.663 -10.693
2 24 7.707 -35.94 -7.389 6.315 -36.171 -8.287
2 24 2.027 -29.069 -13.506 1.531 -31.291 -12.837
2 24 2.027 -29.069 -13.506 3.532 -27.762 -13.839
2 24 3.353 -34.54 -10.743 1.917 -33.296 -11.645
2 24 7.637 -26.681 -12.718 6.274 -26.524 -13.382
2 24 17.024 -26.743 0.85 18.455 -25.351 0.932
2 24 14.075 -27.529 0.615 15.104 -27.382 0.816
2 24 7.707 -35.94 -7.389 8.813 -36.304 -5.889
2 24 17.024 -26.743 0.85 15.104 -27.382 0.816
2 24 1.531 -31.291 -12.837 1.917 -33.296 -11.645
2 24 5.765 -7.597 9.833 3.111 -7.709 10.952
2 24 10.934 -6.691 3.584 11.394 -6.324 0.76
2 24 10.934 -6.691 3.584 9.848 -7.121 6.106
2 24 10.9126 -12.0424 -10.5009 8.9257 -10.6594 -11.6764
2 24 14.757 -23.463 -0.765 14.418 -26.224 -0.389
2 24 6.315 -36.171 -8.287 4.464 -36.659 -9.155
2 24 5.134 -40.02 -6.428 6.449 -39.564 -5.904
2 24 12.961 -15.523 -7.516 12.2877 -13.8797 -8.9279
2 24 9.853 -30.61 -8.86 8.651 -32.939 -8.489
2 24 11.394 -6.324 0.76 10.981 -5.995 -2.435
2 24 8.9257 -10.6594 -11.6764 6.2588 -9.6762 -12.5009
2 24 0 -8.611 -13.364 3.3169 -8.8915 -13.1516
2 24 4.464 -36.659 -9.155 2.306 -37.059 -9.587
2 24 3.332 -27.558 -14.04 4.485 -25.526 -14.258
2 24 18.807 -23.405 -0.368 17.984 -24.516 -0.195
2 24 6.2588 -9.6762 -12.5009 3.3169 -8.8915 -13.1516
2 24 15.014 -16.047 0.764 14.564 -17.713 3.093
2 24 8.699 -16.041 -8.61 5.486 -15.796 -8.56
2 24 4.606 -16.632 -14.092 2.293 -16.677 -14.479
2 24 8.651 -32.939 -8.489 6.92 -34.428 -9.041
2 24 8.813 -36.304 -5.889 8.853 -37.354 -4.568
2 24 9.848 -7.121 6.106 8.04 -7.455 8.281
2 24 3.532 -27.762 -13.839 4.805 -26.919 -13.747
2 24 6.449 -39.564 -5.904 7.805 -38.787 -5.02
2 24 3.111 -7.709 10.952 0 -7.851 11.577
2 24 17.233 -18.217 -0.641 18.389 -19.432 -0.415
2 24 17.984 -24.516 -0.195 16.754 -25.663 -0.08
2 24 4.853 -23.337 -14.606 4.485 -25.526 -14.258
2 24 0 -40.845 -7.586 2.086 -40.694 -7.345
2 24 10.494 -16.498 -10.99 12.562 -16.42 -8.523
2 24 4.853 -23.337 -14.606 4.618 -21.167 -14.691
2 24 4.805 -26.919 -13.747 6.274 -26.524 -13.382
2 24 16.754 -25.663 -0.08 15.242 -26.197 -0.142
2 24 10.981 -5.995 -2.435 9.631 -5.443 -5.238
2 24 7.731 -5.151 -7.57 5.54 -4.91 -9.188
2 24 5.486 -15.796 -8.56 2.754 -15.625 -8.523
2 24 2.293 -16.677 -14.479 0 -16.677 -14.563
2 24 7.805 -38.787 -5.02 8.853 -37.354 -4.568
2 24 17.348 -17.248 1.01 15.857 -16.275 0.839
2 24 2.086 -40.694 -7.345 3.694 -40.37 -6.879
2 24 9.751 -28.676 -10.066 9.072 -27.281 -11.479
2 24 9.751 -28.676 -10.066 9.853 -30.61 -8.86
2 24 4.618 -21.167 -14.691 3.748 -19.535 -14.826
2 24 15.258 -17.383 -0.882 15.176 -19.46 -0.981
2 24 14.3 -19.778 4.176 14.028 -22.379 4.485
2 24 10.494 -16.498 -10.99 8.856 -16.586 -12.308
2 24 18.807 -23.405 -0.368 19.127 -21.878 -0.47
2 24 18.389 -19.432 -0.415 18.821 -20.317 -0.503
2 24 14.028 -22.379 4.485 13.854 -24.83 4.335
2 24 14.564 -17.713 3.093 14.3 -19.778 4.176
2 24 13.793 -27.054 2.745 14.075 -27.529 0.615
2 24 15.819 -17.539 -0.784 15.258 -17.383 -0.882
2 24 14.959 -21.451 -0.94 14.757 -23.463 -0.765
2 24 8.856 -16.586 -12.308 6.728 -16.632 -13.355
2 24 14.075 -27.529 0.615 14.418 -26.224 -0.389
2 24 13.854 -24.83 4.335 13.793 -27.054 2.745
2 24 6.728 -16.632 -13.355 4.606 -16.632 -14.092
2 24 12.562 -16.42 -8.523 8.699 -16.041 -8.61
2 24 14.418 -26.224 -0.389 15.242 -26.197 -0.142
2 24 15.857 -16.275 0.839 15.014 -16.047 0.764
2 24 17.233 -18.217 -0.641 15.819 -17.539 -0.784
2 24 18.455 -25.351 0.932 19.395 -23.796 0.94
2 24 19.395 -23.796 0.94 19.731 -22.074 0.901
2 24 19.731 -22.074 0.901 19.439 -20.291 0.954
2 24 19.439 -20.291 0.954 18.879 -18.968 1.046
2 24 18.879 -18.968 1.046 17.348 -17.248 1.01
5 24 14.424 -16.117 4.162 14.564 -17.713 3.093 13.573 -19.619 5.794 15.014 -16.047 0.764
5 24 14.741 -14.813 0.224 15.014 -16.047 0.764 14.424 -16.117 4.162 15.258 -17.383 -0.882
5 24 13.573 -19.619 5.794 13.268 -22.431 6.128 14.028 -22.379 4.485 12.523 -19.39 8.129
5 24 12.434 -31.793 3.467 11.406 -34.768 3.24 10.374 -34.639 6.099 12.558 -32.077 0.117
5 24 6.325 -42.469 -2.577 6.449 -39.564 -5.904 5.387 -42.63 -3.577 7.805 -38.787 -5.02
5 24 7.945 -37.054 7.877 5.478 -36.902 9.842 5.012 -39.111 9.051 8.641 -34.553 8.532
5 24 6.237 -23.212 -13.953 5.85 -21.124 -14.198 7.785 -21.172 -13.392 4.853 -23.337 -14.606
5 24 9.768 -28.82 9.839 10.139 -25.726 10.302 12.117 -25.539 7.814 6.867 -25.795 12.507
5 24 13.684 -28.869 -0.196 14.418 -26.224 -0.389 14.1 -26.212 -2.027 14.075 -27.529 0.615
5 24 15.646 -21.513 -0.447 17.307 -21.636 -0.416 17.105 -23.297 -0.305 17.308 -19.976 -0.581
5 24 3.306 -31.69 12.468 0 -31.652 12.814 0 -34.298 12.025 3.484 -28.83 13.157
5 24 10.458 -30.486 -8.052 10.636 -33.104 -5.849 11.721 -30.18 -6.249 8.989 -33.602 -7.764
5 24 5.85 -21.124 -14.198 7.339 -19.07 -13.471 4.843 -18.899 -14.32 7.785 -21.172 -13.392
5 24 11.517 -9.064 -6.862 13.382 -13.32 -6.132 10.9126 -12.0424 -10.5009 12.81 -9.686 -3.284
5 24 5.486 -15.796 -8.56 5.109 -16.389 -10.237 7.763 -16.429 -10.395 2.754 -15.625 -8.523
5 24 12.883 -29.635 -3.529 13.684 -28.869 -0.196 14.1 -26.212 -2.027 12.558 -32.077 0.117
5 24 18.263 -19.337 2.129 19.439 -20.291 0.954 18.879 -18.968 1.046 18.676 -20.382 2.538
5 24 2.682 -38.956 10.001 2.88 -36.79 10.863 5.478 -36.902 9.842 0 -38.944 10.287
5 24 2.027 -29.069 -13.506 3.332 -27.558 -14.04 1.725 -28.804 -13.752 3.532 -27.762 -13.839
5 24 12.321 -22.495 8.176 12.117 -25.539 7.814 13.157 -25.114 5.73 10.305 -22.592 10.595
5 24 13.268 -22.431 6.128 13.157 -25.114 5.73 13.854 -24.83 4.335 12.321 -22.495 8.176
5 24 3.382 -11.69 12.761 6.497 -11.672 11.57 3.111 -7.709 10.952 6.929 -16.186 12.549
5 24 7.785 -21.172 -13.392 5.85 -21.124 -14.198 6.237 -23.212 -13.953 7.339 -19.07 -13.471
5 24 15.646 -21.513 -0.447 14.959 -21.451 -0.94 15.51 -23.406 -0.336 15.777 -19.644 -0.626
5 24 6.274 -26.524 -13.382 4.485 -25.526 -14.258 4.805 -26.919 -13.747 6.241 -25.133 -13.716
5 24 14.927 -19.969 3.813 16.777 -22.147 3.776 14.701 -22.295 4.11 16.782 -20.197 3.403
5 24 12.961 -15.523 -7.516 13.762 -15.778 -6.163 12.562 -16.42 -8.523 13.382 -13.32 -6.132
5 24 6.867 -25.795 12.507 10.139 -25.726 10.302 9.768 -28.82 9.839 6.977 -22.636 12.77
5 24 14.796 -19.059 -2.745 14.671 -21.381 -3.018 14.224 -21.316 -5.301 15.176 -19.46 -0.981
5 24 12.562 -16.42 -8.523 11.47 -18.739 -10.538 10.494 -16.498 -10.99 13.191 -18.367 -8.119
5 24 15.176 -19.46 -0.981 14.671 -21.381 -3.018 14.796 -19.059 -2.745 14.959 -21.451 -0.94
5 24 12.558 -32.077 0.117 11.381 -34.961 0.18 11.406 -34.768 3.24 12.039 -32.608 -3.081
5 24 8.518 -39.48 5.157 5.901 -42.474 6.067 7.21 -39.289 7.192 6.825 -42.589 4.454
5 24 10.329 -37.336 3.015 11.406 -34.768 3.24 11.381 -34.961 0.18 9.471 -37.205 5.64
5 24 2.682 -38.956 10.001 5.012 -39.111 9.051 2.383 -41.992 8.499 5.478 -36.902 9.842
5 24 9.399 -25.991 -11.706 11.519 -24.217 -10.004 10.844 -27.405 -9.662 9.77 -23.734 -11.882
5 24 3.088 -34.362 11.685 5.925 -34.467 10.622 6.335 -31.77 11.364 2.88 -36.79 10.863
5 24 7.887 -25.289 -13.009 9.77 -23.734 -11.882 7.989 -23.345 -13.217 9.399 -25.991 -11.706
5 24 11.517 -9.064 -6.862 8.751 -7.858 -9.531 10.9126 -12.0424 -10.5009 9.631 -5.443 -5.238
5 24 14.564 -17.713 3.093 15.261 -17.718 3.037 15.014 -16.047 0.764 14.927 -19.969 3.813
5 24 3.572 -16.226 13.708 3.613 -19.439 13.943 0 -16.237 14.097 7.001 -19.41 12.793
5 24 15.646 -21.513 -0.447 15.51 -23.406 -0.336 17.105 -23.297 -0.305 14.959 -21.451 -0.94
5 24 11.381 -34.961 0.18 10.279 -37.419 0.241 10.923 -35.235 -2.844 10.329 -37.336 3.015
5 24 6.335 -31.77 11.364 6.665 -28.859 12.023 9.768 -28.82 9.839 3.306 -31.69 12.468
5 24 7.989 -23.345 -13.217 7.887 -25.289 -13.009 9.77 -23.734 -11.882 6.241 -25.133 -13.716
5 24 7.707 -35.94 -7.389 6.92 -34.428 -9.041 6.635 -35.229 -8.649 8.989 -33.602 -7.764
5 24 16.754 -25.663 -0.08 17.105 -23.297 -0.305 17.984 -24.516 -0.195 15.51 -23.406 -0.336
5 24 10.844 -27.405 -9.662 11.519 -24.217 -10.004 9.399 -25.991 -11.706 12.48 -27.22 -7.047
5 24 12.48 -27.22 -7.047 10.844 -27.405 -9.662 10.458 -30.486 -8.052 11.519 -24.217 -10.004
5 24 10.139 -25.726 10.302 10.305 -22.592 10.595 12.117 -25.539 7.814 6.977 -22.636 12.77
5 24 18.263 -19.337 2.129 16.875 -18.346 2.756 17.348 -17.248 1.01 16.782 -20.197 3.403
5 24 13.491 -10.358 0.345 11.394 -6.324 0.76 10.934 -6.691 3.584 12.81 -9.686 -3.284
5 24 11.721 -30.18 -6.249 12.883 -29.635 -3.529 12.039 -32.608 -3.081 13.538 -26.813 -4.437
5 24 12.81 -9.686 -3.284 11.394 -6.324 0.76 13.491 -10.358 0.345 10.981 -5.995 -2.435
5 24 13.762 -15.778 -6.163 14.315 -18.625 -5.21 14.276 -16.18 -4.531 13.191 -18.367 -8.119
5 24 12.039 -32.608 -3.081 11.381 -34.961 0.18 10.923 -35.235 -2.844 12.558 -32.077 0.117
5 24 17.233 -18.217 -0.641 17.348 -17.248 1.01 18.879 -18.968 1.046 15.819 -17.539 -0.784
5 24 7.001 -19.41 12.793 10.384 -19.397 10.592 10.305 -22.592 10.595 6.929 -16.186 12.549
5 24 10.384 -19.397 10.592 12.523 -19.39 8.129 12.321 -22.495 8.176 10.32 -16.144 10.321
5 24 0 -7.851 11.577 3.382 -11.69 12.761 0 -11.701 13.133 3.111 -7.709 10.952
5 24 15.819 -17.539 -0.784 15.857 -16.275 0.839 15.258 -17.383 -0.882 17.348 -17.248 1.01
5 24 7.21 -39.289 7.192 5.901 -42.474 6.067 4.295 -42.116 7.666 8.518 -39.48 5.157
5 24 17.348 -17.248 1.01 16.875 -18.346 2.756 15.261 -17.718 3.037 18.263 -19.337 2.129
5 24 6.315 -36.171 -8.287 6.635 -35.229 -8.649 7.707 -35.94 -7.389 4.671 -35.738 -9.571
5 24 12.321 -22.495 8.176 13.268 -22.431 6.128 13.157 -25.114 5.73 12.523 -19.39 8.129
5 24 11.381 -34.961 0.18 10.329 -37.336 3.015 11.406 -34.768 3.24 10.279 -37.419 0.241
5 24 9.9 -37.452 -2.517 8.853 -37.354 -4.568 8.734 -39.535 -2.128 10.923 -35.235 -2.844
5 24 6.635 -35.229 -8.649 4.671 -35.738 -9.571 6.315 -36.171 -8.287 5.033 -34.739 -10.03
5 24 18.455 -25.351 0.932 18.183 -25.141 1.998 17.024 -26.743 0.85 18.623 -24.012 2.504
5 24 9.072 -27.281 -11.479 10.844 -27.405 -9.662 9.751 -28.676 -10.066 9.399 -25.991 -11.706
5 24 2.344 -35.571 -10.412 4.671 -35.738 -9.571 3.353 -34.54 -10.743 4.464 -36.659 -9.155
5 24 10.458 -30.486 -8.052 10.844 -27.405 -9.662 9.751 -28.676 -10.066 12.48 -27.22 -7.047
5 24 8.751 -7.858 -9.531 10.9126 -12.0424 -10.5009 11.517 -9.064 -6.862 8.9257 -10.6594 -11.6764
5 24 14.276 -16.18 -4.531 14.315 -18.625 -5.21 14.796 -19.059 -2.745 13.762 -15.778 -6.163
5 24 9.166 -39.639 0.338 8.734 -39.535 -2.128 6.964 -42.552 -1.132 10.279 -37.419 0.241
5 24 9.25 -39.615 2.813 8.518 -39.48 5.157 10.329 -37.336 3.015 7.415 -42.528 2.61
5 24 18.821 -20.317 -0.503 19.439 -20.291 0.954 19.127 -21.878 -0.47 18.389 -19.432 -0.415
5 24 12.321 -22.495 8.176 10.384 -19.397 10.592 12.523 -19.39 8.129 10.305 -22.592 10.595
5 24 5.925 -34.467 10.622 2.88 -36.79 10.863 3.088 -34.362 11.685 5.478 -36.902 9.842
5 24 16.716 -24.353 3.55 18.183 -25.141 1.998 16.701 -26.221 2.528 18.623 -24.012 2.504
5 24 8.641 -34.553 8.532 7.945 -37.054 7.877 10.374 -34.639 6.099 5.478 -36.902 9.842
5 24 10.636 -33.104 -5.849 12.039 -32.608 -3.081 10.923 -35.235 -2.844 11.721 -30.18 -6.249
5 24 7.945 -37.054 7.877 9.471 -37.205 5.64 10.374 -34.639 6.099 7.21 -39.289 7.192
5 24 11.406 -34.768 3.24 10.374 -34.639 6.099 12.434 -31.793 3.467 9.471 -37.205 5.64
5 24 16.716 -24.353 3.55 16.701 -26.221 2.528 18.183 -25.141 1.998 14.659 -24.713 3.985
5 24 1.205 -33.445 -11.768 1.917 -33.296 -11.645 1.531 -31.291 -12.837 2.344 -35.571 -10.412
5 24 6.728 -16.632 -13.355 5.109 -16.389 -10.237 4.606 -16.632 -14.092 7.763 -16.429 -10.395
5 24 13.157 -25.114 5.73 13.854 -24.83 4.335 13.268 -22.431 6.128 13.408 -28.222 3.756
5 24 15.258 -17.383 -0.882 14.741 -14.813 0.224 14.844 -16.929 -2.087 15.014 -16.047 0.764
5 24 13.854 -24.83 4.335 13.408 -28.222 3.756 13.157 -25.114 5.73 13.793 -27.054 2.745
5 24 2.88 -36.79 10.863 5.478 -36.902 9.842 5.925 -34.467 10.622 2.682 -38.956 10.001
5 24 11.47 -18.739 -10.538 9.419 -19.032 -12.366 10.494 -16.498 -10.99 9.755 -21.33 -12.088
5 24 15.777 -19.644 -0.626 14.959 -21.451 -0.94 15.646 -21.513 -0.447 15.176 -19.46 -0.981
5 24 12.98 -24.222 -7.533 12.48 -27.22 -7.047 11.519 -24.217 -10.004 13.997 -24.041 -5.005
5 24 3.62 -22.655 13.932 0 -22.655 14.314 3.613 -19.439 13.943 0 -25.797 14.013
5 24 0 -36.719 11.159 2.88 -36.79 10.863 0 -38.944 10.287 3.088 -34.362 11.685
5 24 1.531 -31.291 -12.837 1.205 -33.445 -11.768 1.917 -33.296 -11.645 0.879 -31.34 -12.835
5 24 17.348 -17.248 1.01 15.261 -17.718 3.037 16.875 -18.346 2.756 15.857 -16.275 0.839
5 24 17.307 -21.636 -0.416 17.308 -19.976 -0.581 18.821 -20.317 -0.503 15.646 -21.513 -0.447
5 24 7.805 -38.787 -5.02 6.325 -42.469 -2.577 8.734 -39.535 -2.128 6.449 -39.564 -5.904
5 24 15.261 -17.718 3.037 14.927 -19.969 3.813 14.564 -17.713 3.093 16.875 -18.346 2.756
5 24 13.491 -10.358 0.345 14.041 -13.761 -3.844 12.81 -9.686 -3.284 14.741 -14.813 0.224
5 24 16.777 -22.147 3.776 18.623 -24.012 2.504 16.716 -24.353 3.55 18.943 -22.137 2.794
5 24 14.659 -24.713 3.985 14.701 -22.295 4.11 16.716 -24.353 3.55 14.028 -22.379 4.485
5 24 12.883 -29.635 -3.529 12.558 -32.077 0.117 12.039 -32.608 -3.081 13.684 -28.869 -0.196
5 24 13.285 -10.993 3.978 14.424 -16.117 4.162 11.659 -11.368 7.035 14.741 -14.813 0.224
5 24 0 -16.322 -10.284 2.599 -16.345 -10.195 2.293 -16.677 -14.479 0 -15.539 -8.529
5 24 6.635 -35.229 -8.649 5.033 -34.739 -10.03 4.671 -35.738 -9.571 6.92 -34.428 -9.041
5 24 18.879 -18.968 1.046 17.233 -18.217 -0.641 18.389 -19.432 -0.415 17.348 -17.248 1.01
5 24 17.105 -23.297 -0.305 17.307 -21.636 -0.416 18.807 -23.405 -0.368 15.646 -21.513 -0.447
5 24 7.763 -16.429 -10.395 5.486 -15.796 -8.56 5.109 -16.389 -10.237 8.699 -16.041 -8.61
5 24 2.599 -16.345 -10.195 5.109 -16.389 -10.237 4.606 -16.632 -14.092 2.754 -15.625 -8.523
5 24 6.241 -25.133 -13.716 6.274 -26.524 -13.382 4.485 -25.526 -14.258 7.887 -25.289 -13.009
5 24 6.867 -25.795 12.507 6.977 -22.636 12.77 3.588 -25.81 13.675 10.139 -25.726 10.302
5 24 13.793 -27.054 2.745 14.565 -26.874 2.717 13.854 -24.83 4.335 14.075 -27.529 0.615
5 24 9.77 -23.734 -11.882 11.519 -24.217 -10.004 9.399 -25.991 -11.706 11.663 -21.39 -10.262
5 24 9.9 -37.452 -2.517 8.734 -39.535 -2.128 10.279 -37.419 0.241 8.853 -37.354 -4.568
5 24 14.565 -26.874 2.717 14.659 -24.713 3.985 13.854 -24.83 4.335 16.701 -26.221 2.528
5 24 3.306 -31.69 12.468 3.088 -34.362 11.685 0 -34.298 12.025 6.335 -31.77 11.364
5 24 14.424 -16.117 4.162 11.659 -11.368 7.035 12.624 -16.101 7.651 13.285 -10.993 3.978
5 24 12.117 -25.539 7.814 11.853 -28.642 7.085 13.157 -25.114 5.73 9.768 -28.82 9.839
5 24 6.92 -34.428 -9.041 6.635 -35.229 -8.649 5.033 -34.739 -10.03 7.707 -35.94 -7.389
5 24 10.279 -37.419 0.241 9.25 -39.615 2.813 9.166 -39.639 0.338 10.329 -37.336 3.015
5 24 12.434 -31.793 3.467 11.853 -28.642 7.085 13.408 -28.222 3.756 11.221 -31.783 6.569
5 24 3.306 -31.69 12.468 6.335 -31.77 11.364 6.665 -28.859 12.023 3.088 -34.362 11.685
5 24 13.176 -21.247 -7.806 14.224 -21.316 -5.301 12.98 -24.222 -7.533 14.315 -18.625 -5.21
5 24 2.293 -16.677 -14.479 4.843 -18.899 -14.32 2.112 -18.04 -14.882 4.606 -16.632 -14.092
5 24 11.47 -18.739 -10.538 11.663 -21.39 -10.262 9.755 -21.33 -12.088 13.191 -18.367 -8.119
5 24 15.104 -27.382 0.816 14.565 -26.874 2.717 14.075 -27.529 0.615 16.701 -26.221 2.528
5 24 12.117 -25.539 7.814 13.157 -25.114 5.73 11.853 -28.642 7.085 12.321 -22.495 8.176
5 24 14.1 -26.212 -2.027 14.757 -23.463 -0.765 14.448 -23.784 -2.63 14.418 -26.224 -0.389
5 24 14.418 -26.224 -0.389 14.1 -26.212 -2.027 14.757 -23.463 -0.765 13.684 -28.869 -0.196
5 24 15.014 -16.047 0.764 14.424 -16.117 4.162 14.741 -14.813 0.224 14.564 -17.713 3.093
5 24 18.676 -20.382 2.538 18.943 -22.137 2.794 19.731 -22.074 0.901 16.777 -22.147 3.776
5 24 8.751 -7.858 -9.531 7.731 -5.151 -7.57 6.101 -7.069 -10.985 9.631 -5.443 -5.238
5 24 5.85 -21.124 -14.198 4.853 -23.337 -14.606 6.237 -23.212 -13.953 4.618 -21.167 -14.691
5 24 3.613 -19.439 13.943 7.001 -19.41 12.793 3.572 -16.226 13.708 6.977 -22.636 12.77
5 24 6.335 -31.77 11.364 9.768 -28.82 9.839 6.665 -28.859 12.023 9.268 -31.798 9.168
5 24 6.101 -7.069 -10.985 3.3169 -8.8915 -13.1516 6.2588 -9.6762 -12.5009 3.236 -6.567 -11.735
5 24 6.929 -16.186 12.549 10.32 -16.144 10.321 10.384 -19.397 10.592 6.497 -11.672 11.57
5 24 3.572 -16.226 13.708 0 -16.237 14.097 3.613 -19.439 13.943 0 -11.701 13.133
5 24 2.383 -41.992 8.499 5.012 -39.111 9.051 2.682 -38.956 10.001 4.295 -42.116 7.666
5 24 17.105 -23.297 -0.305 17.984 -24.516 -0.195 18.807 -23.405 -0.368 16.754 -25.663 -0.08
5 24 3.382 -11.69 12.761 3.572 -16.226 13.708 6.929 -16.186 12.549 0 -11.701 13.133
5 24 7.001 -19.41 12.793 6.929 -16.186 12.549 3.572 -16.226 13.708 10.384 -19.397 10.592
5 24 3.613 -19.439 13.943 0 -19.444 14.328 0 -22.655 14.314 0 -16.237 14.097
5 24 13.191 -18.367 -8.119 11.47 -18.739 -10.538 12.562 -16.42 -8.523 11.663 -21.39 -10.262
5 24 11.721 -30.18 -6.249 10.636 -33.104 -5.849 12.039 -32.608 -3.081 10.458 -30.486 -8.052
5 24 16.754 -25.663 -0.08 18.455 -25.351 0.932 17.024 -26.743 0.85 17.984 -24.516 -0.195
5 24 5.765 -7.597 9.833 6.497 -11.672 11.57 9.539 -11.566 9.484 3.111 -7.709 10.952
5 24 13.285 -10.993 3.978 13.491 -10.358 0.345 14.741 -14.813 0.224 10.934 -6.691 3.584
5 24 6.929 -16.186 12.549 6.497 -11.672 11.57 3.382 -11.69 12.761 10.32 -16.144 10.321
5 24 14.028 -22.379 4.485 14.701 -22.295 4.11 14.659 -24.713 3.985 14.3 -19.778 4.176
5 24 10.494 -16.498 -10.99 9.419 -19.032 -12.366 8.856 -16.586 -12.308 11.47 -18.739 -10.538
5 24 8.518 -39.48 5.157 9.471 -37.205 5.64 10.329 -37.336 3.015 7.21 -39.289 7.192
5 24 10.458 -30.486 -8.052 8.989 -33.602 -7.764 9.853 -30.61 -8.86 10.636 -33.104 -5.849
5 24 9.77 -23.734 -11.882 9.755 -21.33 -12.088 7.989 -23.345 -13.217 11.663 -21.39 -10.262
5 24 13.408 -28.222 3.756 12.434 -31.793 3.467 11.853 -28.642 7.085 13.684 -28.869 -0.196
5 24 6.101 -7.069 -10.985 8.751 -7.858 -9.531 6.2588 -9.6762 -12.5009 7.731 -5.151 -7.57
5 24 12.48 -27.22 -7.047 13.997 -24.041 -5.005 13.538 -26.813 -4.437 12.98 -24.222 -7.533
5 24 0 -34.298 12.025 3.088 -34.362 11.685 3.306 -31.69 12.468 0 -36.719 11.159
5 24 10.32 -16.144 10.321 6.497 -11.672 11.57 6.929 -16.186 12.549 9.539 -11.566 9.484
5 24 11.721 -30.18 -6.249 10.458 -30.486 -8.052 12.48 -27.22 -7.047 10.636 -33.104 -5.849
5 24 7.415 -42.528 2.61 9.25 -39.615 2.813 9.166 -39.639 0.338 8.518 -39.48 5.157
5 24 9.755 -21.33 -12.088 11.663 -21.39 -10.262 11.47 -18.739 -10.538 9.77 -23.734 -11.882
5 24 7.945 -37.054 7.877 5.012 -39.111 9.051 7.21 -39.289 7.192 5.478 -36.902 9.842
5 24 6.274 -26.524 -13.382 7.887 -25.289 -13.009 6.241 -25.133 -13.716 7.637 -26.681 -12.718
5 24 6.635 -35.229 -8.649 7.707 -35.94 -7.389 6.92 -34.428 -9.041 6.315 -36.171 -8.287
5 24 13.157 -25.114 5.73 13.408 -28.222 3.756 13.854 -24.83 4.335 11.853 -28.642 7.085
5 24 12.039 -32.608 -3.081 10.923 -35.235 -2.844 10.636 -33.104 -5.849 11.381 -34.961 0.18
5 24 18.623 -24.012 2.504 16.716 -24.353 3.55 18.183 -25.141 1.998 16.777 -22.147 3.776
5 24 4.302 -42.922 -4.286 3.694 -40.37 -6.879 3.09 -43.12 -4.832 5.134 -40.02 -6.428
5 24 4.485 -25.526 -14.258 6.241 -25.133 -13.716 6.274 -26.524 -13.382 4.853 -23.337 -14.606
5 24 8.04 -7.455 8.281 9.539 -11.566 9.484 11.659 -11.368 7.035 5.765 -7.597 9.833
5 24 5.85 -21.124 -14.198 4.843 -18.899 -14.32 7.339 -19.07 -13.471 4.618 -21.167 -14.691
5 24 3.748 -19.535 -14.826 4.843 -18.899 -14.32 4.618 -21.167 -14.691 2.112 -18.04 -14.882
5 24 14.3 -19.778 4.176 14.701 -22.295 4.11 14.028 -22.379 4.485 14.927 -19.969 3.813
5 24 13.762 -15.778 -6.163 14.041 -13.761 -3.844 13.382 -13.32 -6.132 14.276 -16.18 -4.531
5 24 7.887 -25.289 -13.009 9.399 -25.991 -11.706 9.77 -23.734 -11.882 7.637 -26.681 -12.718
5 24 4.618 -21.167 -14.691 5.85 -21.124 -14.198 4.853 -23.337 -14.606 4.843 -18.899 -14.32
5 24 14.844 -16.929 -2.087 14.796 -19.059 -2.745 15.258 -17.383 -0.882 14.276 -16.18 -4.531
5 24 14.565 -26.874 2.717 14.075 -27.529 0.615 13.793 -27.054 2.745 15.104 -27.382 0.816
5 24 5.54 -4.91 -9.188 6.101 -7.069 -10.985 3.236 -6.567 -11.735 7.731 -5.151 -7.57
5 24 8.853 -37.354 -4.568 8.734 -39.535 -2.128 9.9 -37.452 -2.517 7.805 -38.787 -5.02
5 24 1.725 -28.804 -13.752 0.879 -31.34 -12.835 0 -29.088 -13.789 1.531 -31.291 -12.837
5 24 13.268 -22.431 6.128 14.028 -22.379 4.485 13.854 -24.83 4.335 13.573 -19.619 5.794
5 24 10.458 -30.486 -8.052 9.853 -30.61 -8.86 9.751 -28.676 -10.066 8.989 -33.602 -7.764
5 24 14.844 -16.929 -2.087 14.041 -13.761 -3.844 14.741 -14.813 0.224 14.276 -16.18 -4.531
5 24 19.731 -22.074 0.901 18.676 -20.382 2.538 19.439 -20.291 0.954 18.943 -22.137 2.794
5 24 9.539 -11.566 9.484 11.659 -11.368 7.035 12.624 -16.101 7.651 8.04 -7.455 8.281
5 24 7.339 -19.07 -13.471 6.728 -16.632 -13.355 4.843 -18.899 -14.32 8.856 -16.586 -12.308
5 24 7.989 -23.345 -13.217 7.785 -21.172 -13.392 9.755 -21.33 -12.088 6.237 -23.212 -13.953
5 24 8.856 -16.586 -12.308 7.763 -16.429 -10.395 10.494 -16.498 -10.99 6.728 -16.632 -13.355
5 24 11.517 -9.064 -6.862 10.9126 -12.0424 -10.5009 13.382 -13.32 -6.132 8.751 -7.858 -9.531
5 24 9.399 -25.991 -11.706 10.844 -27.405 -9.662 11.519 -24.217 -10.004 9.072 -27.281 -11.479
5 24 8.751 -7.858 -9.531 9.631 -5.443 -5.238 7.731 -5.151 -7.57 11.517 -9.064 -6.862
5 24 8.751 -7.858 -9.531 6.2588 -9.6762 -12.5009 8.9257 -10.6594 -11.6764 6.101 -7.069 -10.985
5 24 13.382 -13.32 -6.132 12.81 -9.686 -3.284 11.517 -9.064 -6.862 14.041 -13.761 -3.844
5 24 9.268 -31.798 9.168 9.768 -28.82 9.839 11.853 -28.642 7.085 6.335 -31.77 11.364
5 24 5.012 -39.111 9.051 5.478 -36.902 9.842 7.945 -37.054 7.877 2.682 -38.956 10.001
5 24 5.478 -36.902 9.842 5.925 -34.467 10.622 2.88 -36.79 10.863 8.641 -34.553 8.532
5 24 3.382 -11.69 12.761 0 -11.701 13.133 3.572 -16.226 13.708 0 -7.851 11.577
5 24 18.623 -24.012 2.504 18.943 -22.137 2.794 16.777 -22.147 3.776 19.395 -23.796 0.94
5 24 13.408 -28.222 3.756 13.793 -27.054 2.745 14.075 -27.529 0.615 13.854 -24.83 4.335
5 24 14.741 -14.813 0.224 14.424 -16.117 4.162 13.285 -10.993 3.978 15.014 -16.047 0.764
5 24 13.854 -24.83 4.335 13.268 -22.431 6.128 14.028 -22.379 4.485 13.157 -25.114 5.73
5 24 8.734 -39.535 -2.128 7.805 -38.787 -5.02 8.853 -37.354 -4.568 6.325 -42.469 -2.577
5 24 14.276 -16.18 -4.531 13.762 -15.778 -6.163 14.315 -18.625 -5.21 14.041 -13.761 -3.844
5 24 15.242 -26.197 -0.142 15.104 -27.382 0.816 14.418 -26.224 -0.389 17.024 -26.743 0.85
5 24 6.325 -42.469 -2.577 8.734 -39.535 -2.128 7.805 -38.787 -5.02 6.964 -42.552 -1.132
5 24 17.308 -19.976 -0.581 17.233 -18.217 -0.641 15.777 -19.644 -0.626 18.389 -19.432 -0.415
5 24 10.923 -35.235 -2.844 11.381 -34.961 0.18 12.039 -32.608 -3.081 10.279 -37.419 0.241
5 24 18.183 -25.141 1.998 17.024 -26.743 0.85 16.701 -26.221 2.528 18.455 -25.351 0.932
5 24 8.856 -16.586 -12.308 9.419 -19.032 -12.366 7.339 -19.07 -13.471 10.494 -16.498 -10.99
5 24 11.663 -21.39 -10.262 13.191 -18.367 -8.119 11.47 -18.739 -10.538 13.176 -21.247 -7.806
5 24 19.439 -20.291 0.954 18.389 -19.432 -0.415 18.821 -20.317 -0.503 18.879 -18.968 1.046
5 24 6.241 -25.133 -13.716 4.853 -23.337 -14.606 4.485 -25.526 -14.258 6.237 -23.212 -13.953
5 24 10.374 -34.639 6.099 8.641 -34.553 8.532 7.945 -37.054 7.877 11.221 -31.783 6.569
5 24 18.183 -25.141 1.998 18.623 -24.012 2.504 18.455 -25.351 0.932 16.716 -24.353 3.55
5 24 17.984 -24.516 -0.195 18.455 -25.351 0.932 16.754 -25.663 -0.08 19.395 -23.796 0.94
5 24 6.977 -22.636 12.77 10.305 -22.592 10.595 10.139 -25.726 10.302 7.001 -19.41 12.793
5 24 14.224 -21.316 -5.301 13.997 -24.041 -5.005 12.98 -24.222 -7.533 14.671 -21.381 -3.018
5 24 6.237 -23.212 -13.953 7.989 -23.345 -13.217 6.241 -25.133 -13.716 7.785 -21.172 -13.392
5 24 11.853 -28.642 7.085 13.157 -25.114 5.73 13.408 -28.222 3.756 12.117 -25.539 7.814
5 24 13.538 -26.813 -4.437 14.1 -26.212 -2.027 14.448 -23.784 -2.63 12.883 -29.635 -3.529
5 24 18.389 -19.432 -0.415 18.879 -18.968 1.046 19.439 -20.291 0.954 17.233 -18.217 -0.641
5 24 16.782 -20.197 3.403 18.676 -20.382 2.538 16.777 -22.147 3.776 18.263 -19.337 2.129
5 24 9.768 -28.82 9.839 6.867 -25.795 12.507 6.665 -28.859 12.023 10.139 -25.726 10.302
5 24 13.762 -15.778 -6.163 13.191 -18.367 -8.119 14.315 -18.625 -5.21 12.562 -16.42 -8.523
5 24 3.484 -28.83 13.157 0 -28.814 13.521 0 -31.652 12.814 3.588 -25.81 13.675
5 24 2.88 -36.79 10.863 3.088 -34.362 11.685 5.925 -34.467 10.622 0 -36.719 11.159
5 24 2.344 -35.571 -10.412 1.205 -33.445 -11.768 0 -35.719 -10.543 1.917 -33.296 -11.645
5 24 17.348 -17.248 1.01 18.263 -19.337 2.129 18.879 -18.968 1.046 16.875 -18.346 2.756
5 24 13.684 -28.869 -0.196 12.558 -32.077 0.117 12.883 -29.635 -3.529 12.434 -31.793 3.467
5 24 14.741 -14.813 0.224 13.491 -10.358 0.345 13.285 -10.993 3.978 14.041 -13.761 -3.844
5 24 17.348 -17.248 1.01 15.819 -17.539 -0.784 17.233 -18.217 -0.641 15.857 -16.275 0.839
5 24 12.039 -32.608 -3.081 12.558 -32.077 0.117 11.381 -34.961 0.18 12.883 -29.635 -3.529
5 24 14.041 -13.761 -3.844 14.276 -16.18 -4.531 14.844 -16.929 -2.087 13.762 -15.778 -6.163
5 24 18.879 -18.968 1.046 18.263 -19.337 2.129 17.348 -17.248 1.01 19.439 -20.291 0.954
5 24 14.565 -26.874 2.717 16.701 -26.221 2.528 14.659 -24.713 3.985 15.104 -27.382 0.816
5 24 7.785 -21.172 -13.392 7.339 -19.07 -13.471 9.419 -19.032 -12.366 5.85 -21.124 -14.198
5 24 10.305 -22.592 10.595 12.321 -22.495 8.176 12.117 -25.539 7.814 10.384 -19.397 10.592
5 24 14.448 -23.784 -2.63 13.538 -26.813 -4.437 14.1 -26.212 -2.027 13.997 -24.041 -5.005
5 24 14.701 -22.295 4.11 16.716 -24.353 3.55 14.659 -24.713 3.985 16.777 -22.147 3.776
5 24 3.079 -4.75 -10.258 3.236 -6.567 -11.735 5.54 -4.91 -9.188 0 -6.242 -12.077
5 24 1.695 -43.26 -5.223 0 -40.845 -7.586 0 -43.293 -5.403 2.086 -40.694 -7.345
5 24 11.221 -31.783 6.569 10.374 -34.639 6.099 8.641 -34.553 8.532 12.434 -31.793 3.467
5 24 18.263 -19.337 2.129 18.676 -20.382 2.538 16.782 -20.197 3.403 19.439 -20.291 0.954
5 24 15.261 -17.718 3.037 16.875 -18.346 2.756 17.348 -17.248 1.01 14.927 -19.969 3.813
5 24 12.434 -31.793 3.467 13.684 -28.869 -0.196 12.558 -32.077 0.117 13.408 -28.222 3.756
5 24 0 -6.242 -12.077 3.079 -4.75 -10.258 3.236 -6.567 -11.735 0 -4.663 -10.693
5 24 1.725 -28.804 -13.752 2.027 -29.069 -13.506 3.332 -27.558 -14.04 1.531 -31.291 -12.837
5 24 8.699 -16.041 -8.61 10.494 -16.498 -10.99 12.562 -16.42 -8.523 7.763 -16.429 -10.395
5 24 5.109 -16.389 -10.237 7.763 -16.429 -10.395 6.728 -16.632 -13.355 5.486 -15.796 -8.56
5 24 4.671 -35.738 -9.571 5.033 -34.739 -10.03 3.353 -34.54 -10.743 6.635 -35.229 -8.649
5 24 7.339 -19.07 -13.471 8.856 -16.586 -12.308 9.419 -19.032 -12.366 6.728 -16.632 -13.355
5 24 13.176 -21.247 -7.806 14.315 -18.625 -5.21 13.191 -18.367 -8.119 14.224 -21.316 -5.301
5 24 11.406 -34.768 3.24 9.471 -37.205 5.64 10.329 -37.336 3.015 10.374 -34.639 6.099
5 24 3.613 -19.439 13.943 3.62 -22.655 13.932 6.977 -22.636 12.77 0 -22.655 14.314
5 24 14.565 -26.874 2.717 13.854 -24.83 4.335 14.659 -24.713 3.985 13.793 -27.054 2.745
5 24 9.9 -37.452 -2.517 10.923 -35.235 -2.844 8.853 -37.354 -4.568 10.279 -37.419 0.241
5 24 13.573 -19.619 5.794 14.3 -19.778 4.176 14.028 -22.379 4.485 14.564 -17.713 3.093
5 24 13.573 -19.619 5.794 12.624 -16.101 7.651 14.424 -16.117 4.162 12.523 -19.39 8.129
5 24 11.663 -21.39 -10.262 13.176 -21.247 -7.806 11.519 -24.217 -10.004 13.191 -18.367 -8.119
5 24 3.236 -6.567 -11.735 5.54 -4.91 -9.188 6.101 -7.069 -10.985 3.079 -4.75 -10.258
5 24 13.997 -24.041 -5.005 13.538 -26.813 -4.437 12.48 -27.22 -7.047 14.448 -23.784 -2.63
5 24 15.176 -19.46 -0.981 15.819 -17.539 -0.784 15.258 -17.383 -0.882 15.777 -19.644 -0.626
5 24 12.81 -9.686 -3.284 11.517 -9.064 -6.862 13.382 -13.32 -6.132 10.981 -5.995 -2.435
5 24 14.659 -24.713 3.985 16.716 -24.353 3.55 14.701 -22.295 4.11 16.701 -26.221 2.528
5 24 13.382 -13.32 -6.132 13.762 -15.778 -6.163 12.961 -15.523 -7.516 14.041 -13.761 -3.844
5 24 12.562 -16.42 -8.523 13.191 -18.367 -8.119 11.47 -18.739 -10.538 13.762 -15.778 -6.163
5 24 9.268 -31.798 9.168 6.335 -31.77 11.364 5.925 -34.467 10.622 9.768 -28.82 9.839
5 24 16.701 -26.221 2.528 18.183 -25.141 1.998 17.024 -26.743 0.85 16.716 -24.353 3.55
5 24 9.419 -19.032 -12.366 9.755 -21.33 -12.088 11.47 -18.739 -10.538 7.785 -21.172 -13.392
5 24 15.777 -19.644 -0.626 15.819 -17.539 -0.784 15.176 -19.46 -0.981 17.233 -18.217 -0.641
5 24 3.353 -34.54 -10.743 4.671 -35.738 -9.571 2.344 -35.571 -10.412 5.033 -34.739 -10.03
5 24 0.879 -31.34 -12.835 1.205 -33.445 -11.768 1.531 -31.291 -12.837 0 -33.534 -11.781
5 24 5.134 -40.02 -6.428 4.302 -42.922 -4.286 5.387 -42.63 -3.577 3.694 -40.37 -6.879
5 24 3.588 -25.81 13.675 0 -25.797 14.013 0 -28.814 13.521 3.62 -22.655 13.932
5 24 11.721 -30.18 -6.249 12.48 -27.22 -7.047 13.538 -26.813 -4.437 10.458 -30.486 -8.052
5 24 15.51 -23.406 -0.336 14.959 -21.451 -0.94 14.757 -23.463 -0.765 15.646 -21.513 -0.447
5 24 6.497 -11.672 11.57 9.539 -11.566 9.484 10.32 -16.144 10.321 5.765 -7.597 9.833
5 24 3.694 -40.37 -6.879 3.09 -43.12 -4.832 2.086 -40.694 -7.345 4.302 -42.922 -4.286
5 24 12.48 -27.22 -7.047 10.458 -30.486 -8.052 11.721 -30.18 -6.249 10.844 -27.405 -9.662
5 24 2.306 -37.059 -9.587 2.344 -35.571 -10.412 4.464 -36.659 -9.155 0 -35.719 -10.543
5 24 17.233 -18.217 -0.641 15.777 -19.644 -0.626 17.308 -19.976 -0.581 15.819 -17.539 -0.784
5 24 17.307 -21.636 -0.416 18.821 -20.317 -0.503 17.308 -19.976 -0.581 19.127 -21.878 -0.47
5 24 14.959 -21.451 -0.94 14.448 -23.784 -2.63 14.757 -23.463 -0.765 14.671 -21.381 -3.018
5 24 14.741 -14.813 0.224 14.844 -16.929 -2.087 15.258 -17.383 -0.882 14.041 -13.761 -3.844
5 24 0 -35.719 -10.543 2.344 -35.571 -10.412 1.205 -33.445 -11.768 2.306 -37.059 -9.587
5 24 0 -8.611 -13.364 3.236 -6.567 -11.735 0 -6.242 -12.077 3.3169 -8.8915 -13.1516
5 24 7.21 -39.289 7.192 8.518 -39.48 5.157 5.901 -42.474 6.067 9.471 -37.205 5.64
5 24 15.242 -26.197 -0.142 15.51 -23.406 -0.336 14.757 -23.463 -0.765 16.754 -25.663 -0.08
5 24 6.665 -28.859 12.023 6.867 -25.795 12.507 3.484 -28.83 13.157 9.768 -28.82 9.839
5 24 12.81 -9.686 -3.284 14.041 -13.761 -3.844 13.382 -13.32 -6.132 13.491 -10.358 0.345
5 24 11.853 -28.642 7.085 11.221 -31.783 6.569 12.434 -31.793 3.467 9.268 -31.798 9.168
5 24 16.782 -20.197 3.403 16.777 -22.147 3.776 18.676 -20.382 2.538 14.927 -19.969 3.813
5 24 2.344 -35.571 -10.412 3.353 -34.54 -10.743 4.671 -35.738 -9.571 1.917 -33.296 -11.645
5 24 11.853 -28.642 7.085 13.408 -28.222 3.756 12.434 -31.793 3.467 13.157 -25.114 5.73
5 24 9.166 -39.639 0.338 9.25 -39.615 2.813 10.279 -37.419 0.241 7.415 -42.528 2.61
5 24 6.929 -16.186 12.549 3.382 -11.69 12.761 6.497 -11.672 11.57 3.572 -16.226 13.708
5 24 0 -38.944 10.287 2.682 -38.956 10.001 2.88 -36.79 10.863 0 -42.013 8.8
5 24 14.041 -13.761 -3.844 14.741 -14.813 0.224 13.491 -10.358 0.345 14.844 -16.929 -2.087
5 24 0.879 -31.34 -12.835 0 -31.388 -12.844 0 -29.088 -13.789 0 -33.534 -11.781
5 24 18.807 -23.405 -0.368 19.731 -22.074 0.901 19.127 -21.878 -0.47 19.395 -23.796 0.94
5 24 12.624 -16.101 7.651 12.523 -19.39 8.129 10.32 -16.144 10.321 13.573 -19.619 5.794
5 24 12.523 -19.39 8.129 13.573 -19.619 5.794 12.624 -16.101 7.651 13.268 -22.431 6.128
5 24 6.825 -42.589 4.454 8.518 -39.48 5.157 7.415 -42.528 2.61 5.901 -42.474 6.067
5 24 8.734 -39.535 -2.128 10.279 -37.419 0.241 9.166 -39.639 0.338 9.9 -37.452 -2.517
5 24 13.285 -10.993 3.978 11.659 -11.368 7.035 9.848 -7.121 6.106 14.424 -16.117 4.162
5 24 10.305 -22.592 10.595 10.384 -19.397 10.592 7.001 -19.41 12.793 12.321 -22.495 8.176
5 24 5.387 -42.63 -3.577 5.134 -40.02 -6.428 4.302 -42.922 -4.286 6.449 -39.564 -5.904
5 24 12.117 -25.539 7.814 10.305 -22.592 10.595 10.139 -25.726 10.302 12.321 -22.495 8.176
5 24 2.293 -16.677 -14.479 0 -17.568 -14.919 2.112 -18.04 -14.882 0 -16.677 -14.563
5 24 7.989 -23.345 -13.217 9.77 -23.734 -11.882 7.887 -25.289 -13.009 9.755 -21.33 -12.088
5 24 15.51 -23.406 -0.336 14.757 -23.463 -0.765 14.959 -21.451 -0.94 15.242 -26.197 -0.142
5 24 9.853 -30.61 -8.86 8.989 -33.602 -7.764 8.651 -32.939 -8.489 10.458 -30.486 -8.052
5 24 11.221 -31.783 6.569 9.268 -31.798 9.168 8.641 -34.553 8.532 11.853 -28.642 7.085
5 24 10.32 -16.144 10.321 12.624 -16.101 7.651 12.523 -19.39 8.129 9.539 -11.566 9.484
5 24 6.2588 -9.6762 -12.5009 6.101 -7.069 -10.985 8.751 -7.858 -9.531 3.3169 -8.8915 -13.1516
5 24 3.09 -43.12 -4.832 2.086 -40.694 -7.345 1.695 -43.26 -5.223 3.694 -40.37 -6.879
5 24 8.989 -33.602 -7.764 10.636 -33.104 -5.849 10.458 -30.486 -8.052 8.813 -36.304 -5.889
5 24 9.471 -37.205 5.64 10.329 -37.336 3.015 11.406 -34.768 3.24 8.518 -39.48 5.157
5 24 16.777 -22.147 3.776 16.716 -24.353 3.55 18.623 -24.012 2.504 14.701 -22.295 4.11
5 24 6.977 -22.636 12.77 7.001 -19.41 12.793 3.613 -19.439 13.943 10.305 -22.592 10.595
5 24 4.606 -16.632 -14.092 2.599 -16.345 -10.195 5.109 -16.389 -10.237 2.293 -16.677 -14.479
5 24 8.813 -36.304 -5.889 8.989 -33.602 -7.764 7.707 -35.94 -7.389 10.636 -33.104 -5.849
5 24 9.768 -28.82 9.839 11.853 -28.642 7.085 9.268 -31.798 9.168 12.117 -25.539 7.814
5 24 8.641 -34.553 8.532 9.268 -31.798 9.168 11.221 -31.783 6.569 5.925 -34.467 10.622
5 24 6.449 -39.564 -5.904 5.387 -42.63 -3.577 5.134 -40.02 -6.428 6.325 -42.469 -2.577
5 24 9.471 -37.205 5.64 7.21 -39.289 7.192 8.518 -39.48 5.157 7.945 -37.054 7.877
5 24 14.701 -22.295 4.11 16.777 -22.147 3.776 14.927 -19.969 3.813 16.716 -24.353 3.55
5 24 3.62 -22.655 13.932 6.977 -22.636 12.77 3.588 -25.81 13.675 3.613 -19.439 13.943
5 24 14.424 -16.117 4.162 12.624 -16.101 7.651 13.573 -19.619 5.794 11.659 -11.368 7.035
5 24 15.176 -19.46 -0.981 15.777 -19.644 -0.626 14.959 -21.451 -0.94 15.819 -17.539 -0.784
5 24 10.494 -16.498 -10.99 11.47 -18.739 -10.538 9.419 -19.032 -12.366 12.562 -16.42 -8.523
5 24 13.191 -18.367 -8.119 13.176 -21.247 -7.806 14.315 -18.625 -5.21 11.663 -21.39 -10.262
5 24 11.517 -9.064 -6.862 10.981 -5.995 -2.435 9.631 -5.443 -5.238 12.81 -9.686 -3.284
5 24 13.684 -28.869 -0.196 14.1 -26.212 -2.027 14.418 -26.224 -0.389 12.883 -29.635 -3.529
5 24 9.471 -37.205 5.64 10.374 -34.639 6.099 11.406 -34.768 3.24 7.945 -37.054 7.877
5 24 10.458 -30.486 -8.052 9.751 -28.676 -10.066 10.844 -27.405 -9.662 9.853 -30.61 -8.86
5 24 9.768 -28.82 9.839 6.665 -28.859 12.023 6.335 -31.77 11.364 6.867 -25.795 12.507
5 24 18.676 -20.382 2.538 16.777 -22.147 3.776 16.782 -20.197 3.403 18.943 -22.137 2.794
5 24 14.659 -24.713 3.985 14.028 -22.379 4.485 14.701 -22.295 4.11 13.854 -24.83 4.335
5 24 11.659 -11.368 7.035 9.848 -7.121 6.106 13.285 -10.993 3.978 8.04 -7.455 8.281
5 24 12.039 -32.608 -3.081 11.721 -30.18 -6.249 10.636 -33.104 -5.849 12.883 -29.635 -3.529
5 24 14.224 -21.316 -5.301 14.671 -21.381 -3.018 14.796 -19.059 -2.745 13.997 -24.041 -5.005
5 24 15.51 -23.406 -0.336 17.105 -23.297 -0.305 16.754 -25.663 -0.08 15.646 -21.513 -0.447
5 24 9.399 -25.991 -11.706 9.77 -23.734 -11.882 11.519 -24.217 -10.004 7.887 -25.289 -13.009
5 24 14.315 -18.625 -5.21 13.191 -18.367 -8.119 13.176 -21.247 -7.806 13.762 -15.778 -6.163
5 24 10.329 -37.336 3.015 10.279 -37.419 0.241 9.25 -39.615 2.813 11.381 -34.961 0.18
5 24 6.241 -25.133 -13.716 7.887 -25.289 -13.009 7.989 -23.345 -13.217 6.274 -26.524 -13.382
5 24 3.62 -22.655 13.932 0 -25.797 14.013 3.588 -25.81 13.675 0 -22.655 14.314
5 24 10.139 -25.726 10.302 6.977 -22.636 12.77 10.305 -22.592 10.595 6.867 -25.795 12.507
5 24 3.484 -28.83 13.157 6.665 -28.859 12.023 6.867 -25.795 12.507 3.306 -31.69 12.468
5 24 10.923 -35.235 -2.844 10.636 -33.104 -5.849 8.813 -36.304 -5.889 12.039 -32.608 -3.081
5 24 14.671 -21.381 -3.018 13.997 -24.041 -5.005 14.224 -21.316 -5.301 14.448 -23.784 -2.63
5 24 14.448 -23.784 -2.63 14.757 -23.463 -0.765 14.1 -26.212 -2.027 14.959 -21.451 -0.94
5 24 3.572 -16.226 13.708 6.929 -16.186 12.549 7.001 -19.41 12.793 3.382 -11.69 12.761
5 24 7.21 -39.289 7.192 7.945 -37.054 7.877 9.471 -37.205 5.64 5.012 -39.111 9.051
5 24 2.344 -35.571 -10.412 4.464 -36.659 -9.155 4.671 -35.738 -9.571 2.306 -37.059 -9.587
5 24 3.111 -7.709 10.952 3.382 -11.69 12.761 6.497 -11.672 11.57 0 -7.851 11.577
5 24 13.285 -10.993 3.978 9.848 -7.121 6.106 11.659 -11.368 7.035 10.934 -6.691 3.584
5 24 3.236 -6.567 -11.735 0 -6.242 -12.077 3.079 -4.75 -10.258 0 -8.611 -13.364
5 24 10.139 -25.726 10.302 12.117 -25.539 7.814 9.768 -28.82 9.839 10.305 -22.592 10.595
5 24 7.321 -42.577 0.586 9.166 -39.639 0.338 6.964 -42.552 -1.132 7.415 -42.528 2.61
5 24 2.754 -15.625 -8.523 2.599 -16.345 -10.195 5.109 -16.389 -10.237 0 -15.539 -8.529
5 24 10.279 -37.419 0.241 9.9 -37.452 -2.517 8.734 -39.535 -2.128 10.923 -35.235 -2.844
5 24 14.796 -19.059 -2.745 14.315 -18.625 -5.21 14.224 -21.316 -5.301 14.276 -16.18 -4.531
5 24 0 -29.088 -13.789 0.879 -31.34 -12.835 0 -31.388 -12.844 1.725 -28.804 -13.752
5 24 13.538 -26.813 -4.437 12.883 -29.635 -3.529 11.721 -30.18 -6.249 14.1 -26.212 -2.027
5 24 9.631 -5.443 -5.238 11.517 -9.064 -6.862 8.751 -7.858 -9.531 10.981 -5.995 -2.435
5 24 3.332 -27.558 -14.04 3.532 -27.762 -13.839 4.805 -26.919 -13.747 2.027 -29.069 -13.506
5 24 16.782 -20.197 3.403 14.927 -19.969 3.813 16.875 -18.346 2.756 16.777 -22.147 3.776
5 24 12.883 -29.635 -3.529 12.039 -32.608 -3.081 12.558 -32.077 0.117 11.721 -30.18 -6.249
5 24 14.671 -21.381 -3.018 14.448 -23.784 -2.63 13.997 -24.041 -5.005 14.959 -21.451 -0.94
5 24 4.853 -23.337 -14.606 6.237 -23.212 -13.953 5.85 -21.124 -14.198 6.241 -25.133 -13.716
5 24 17.024 -26.743 0.85 16.754 -25.663 -0.08 18.455 -25.351 0.932 15.242 -26.197 -0.142
5 24 18.821 -20.317 -0.503 17.308 -19.976 -0.581 18.389 -19.432 -0.415 17.307 -21.636 -0.416
5 24 15.777 -19.644 -0.626 15.646 -21.513 -0.447 14.959 -21.451 -0.94 17.308 -19.976 -0.581
5 24 16.754 -25.663 -0.08 15.51 -23.406 -0.336 15.242 -26.197 -0.142 17.105 -23.297 -0.305
5 24 7.989 -23.345 -13.217 9.755 -21.33 -12.088 9.77 -23.734 -11.882 7.785 -21.172 -13.392
5 24 16.875 -18.346 2.756 16.782 -20.197 3.403 18.263 -19.337 2.129 14.927 -19.969 3.813
5 24 17.308 -19.976 -0.581 15.777 -19.644 -0.626 17.233 -18.217 -0.641 15.646 -21.513 -0.447
5 24 4.843 -18.899 -14.32 4.606 -16.632 -14.092 6.728 -16.632 -13.355 2.293 -16.677 -14.479
5 24 0.879 -31.34 -12.835 1.531 -31.291 -12.837 1.725 -28.804 -13.752 1.205 -33.445 -11.768
5 24 8.734 -39.535 -2.128 6.964 -42.552 -1.132 6.325 -42.469 -2.577 9.166 -39.639 0.338
5 24 15.014 -16.047 0.764 15.261 -17.718 3.037 15.857 -16.275 0.839 14.564 -17.713 3.093
5 24 14.701 -22.295 4.11 14.927 -19.969 3.813 16.777 -22.147 3.776 14.3 -19.778 4.176
5 24 4.805 -26.919 -13.747 3.332 -27.558 -14.04 3.532 -27.762 -13.839 4.485 -25.526 -14.258
5 24 18.943 -22.137 2.794 16.777 -22.147 3.776 18.623 -24.012 2.504 18.676 -20.382 2.538
5 24 9.755 -21.33 -12.088 11.47 -18.739 -10.538 11.663 -21.39 -10.262 9.419 -19.032 -12.366
5 24 14.564 -17.713 3.093 13.573 -19.619 5.794 14.424 -16.117 4.162 14.3 -19.778 4.176
5 24 5.012 -39.111 9.051 4.295 -42.116 7.666 2.383 -41.992 8.499 7.21 -39.289 7.192
5 24 10.374 -34.639 6.099 12.434 -31.793 3.467 11.221 -31.783 6.569 11.406 -34.768 3.24
5 24 13.997 -24.041 -5.005 12.98 -24.222 -7.533 12.48 -27.22 -7.047 14.224 -21.316 -5.301
5 24 2.086 -40.694 -7.345 1.695 -43.26 -5.223 0 -40.845 -7.586 3.09 -43.12 -4.832
5 24 8.651 -32.939 -8.489 8.989 -33.602 -7.764 6.92 -34.428 -9.041 9.853 -30.61 -8.86
5 24 18.455 -25.351 0.932 18.623 -24.012 2.504 18.183 -25.141 1.998 19.395 -23.796 0.94
5 24 9.25 -39.615 2.813 10.329 -37.336 3.015 10.279 -37.419 0.241 8.518 -39.48 5.157
5 24 13.382 -13.32 -6.132 14.041 -13.761 -3.844 13.762 -15.778 -6.163 12.81 -9.686 -3.284
5 24 19.127 -21.878 -0.47 19.731 -22.074 0.901 19.439 -20.291 0.954 18.807 -23.405 -0.368
5 24 8.989 -33.602 -7.764 7.707 -35.94 -7.389 6.92 -34.428 -9.041 8.813 -36.304 -5.889
5 24 14.075 -27.529 0.615 13.408 -28.222 3.756 13.793 -27.054 2.745 13.684 -28.869 -0.196
5 24 13.408 -28.222 3.756 13.684 -28.869 -0.196 14.075 -27.529 0.615 12.434 -31.793 3.467
5 24 19.395 -23.796 0.94 18.807 -23.405 -0.368 19.731 -22.074 0.901 17.984 -24.516 -0.195
5 24 15.857 -16.275 0.839 15.258 -17.383 -0.882 15.819 -17.539 -0.784 15.014 -16.047 0.764
5 24 14.659 -24.713 3.985 16.701 -26.221 2.528 14.565 -26.874 2.717 16.716 -24.353 3.55
5 24 4.843 -18.899 -14.32 7.339 -19.07 -13.471 5.85 -21.124 -14.198 6.728 -16.632 -13.355
5 24 13.854 -24.83 4.335 14.659 -24.713 3.985 14.028 -22.379 4.485 14.565 -26.874 2.717
5 24 2.682 -38.956 10.001 2.383 -41.992 8.499 0 -42.013 8.8 5.012 -39.111 9.051
5 24 0 -42.013 8.8 2.682 -38.956 10.001 0 -38.944 10.287 2.383 -41.992 8.499
5 24 9.77 -23.734 -11.882 11.663 -21.39 -10.262 9.755 -21.33 -12.088 11.519 -24.217 -10.004
5 24 19.731 -22.074 0.901 18.943 -22.137 2.794 19.395 -23.796 0.94 18.676 -20.382 2.538
5 24 10.494 -16.498 -10.99 7.763 -16.429 -10.395 8.699 -16.041 -8.61 8.856 -16.586 -12.308
5 24 16.701 -26.221 2.528 17.024 -26.743 0.85 18.183 -25.141 1.998 15.104 -27.382 0.816
5 24 0 -35.719 -10.543 1.205 -33.445 -11.768 2.344 -35.571 -10.412 0 -33.534 -11.781
5 24 8.9257 -10.6594 -11.6764 8.751 -7.858 -9.531 10.9126 -12.0424 -10.5009 6.2588 -9.6762 -12.5009
5 24 13.176 -21.247 -7.806 12.98 -24.222 -7.533 14.224 -21.316 -5.301 11.519 -24.217 -10.004
5 24 3.588 -25.81 13.675 3.484 -28.83 13.157 6.867 -25.795 12.507 0 -28.814 13.521
5 24 14.927 -19.969 3.813 16.875 -18.346 2.756 15.261 -17.718 3.037 16.782 -20.197 3.403
5 24 11.519 -24.217 -10.004 12.98 -24.222 -7.533 13.176 -21.247 -7.806 12.48 -27.22 -7.047
5 24 11.519 -24.217 -10.004 13.176 -21.247 -7.806 12.98 -24.222 -7.533 11.663 -21.39 -10.262
5 24 6.497 -11.672 11.57 3.111 -7.709 10.952 5.765 -7.597 9.833 3.382 -11.69 12.761
5 24 15.242 -26.197 -0.142 14.757 -23.463 -0.765 15.51 -23.406 -0.336 14.418 -26.224 -0.389
5 24 17.024 -26.743 0.85 15.242 -26.197 -0.142 15.104 -27.382 0.816 16.754 -25.663 -0.08
5 24 2.599 -16.345 -10.195 2.293 -16.677 -14.479 4.606 -16.632 -14.092 0 -16.322 -10.284
5 24 8.518 -39.48 5.157 7.415 -42.528 2.61 9.25 -39.615 2.813 6.825 -42.589 4.454
5 24 1.917 -33.296 -11.645 2.344 -35.571 -10.412 1.205 -33.445 -11.768 3.353 -34.54 -10.743
5 24 15.261 -17.718 3.037 15.857 -16.275 0.839 17.348 -17.248 1.01 15.014 -16.047 0.764
5 24 13.491 -10.358 0.345 10.934 -6.691 3.584 13.285 -10.993 3.978 11.394 -6.324 0.76
5 24 4.295 -42.116 7.666 7.21 -39.289 7.192 5.012 -39.111 9.051 5.901 -42.474 6.067
5 24 3.484 -28.83 13.157 3.306 -31.69 12.468 0 -31.652 12.814 6.665 -28.859 12.023
5 24 10.384 -19.397 10.592 10.32 -16.144 10.321 12.523 -19.39 8.129 6.929 -16.186 12.549
5 24 12.562 -16.42 -8.523 13.762 -15.778 -6.163 12.961 -15.523 -7.516 13.191 -18.367 -8.119
5 24 13.491 -10.358 0.345 12.81 -9.686 -3.284 11.394 -6.324 0.76 14.041 -13.761 -3.844
5 24 10.844 -27.405 -9.662 9.751 -28.676 -10.066 10.458 -30.486 -8.052 9.072 -27.281 -11.479
5 24 1.205 -33.445 -11.768 0 -33.534 -11.781 0 -35.719 -10.543 0.879 -31.34 -12.835
5 24 4.843 -18.899 -14.32 2.112 -18.04 -14.882 3.748 -19.535 -14.826 2.293 -16.677 -14.479
5 24 19.127 -21.878 -0.47 17.307 -21.636 -0.416 18.821 -20.317 -0.503 18.807 -23.405 -0.368
5 24 11.221 -31.783 6.569 8.641 -34.553 8.532 9.268 -31.798 9.168 10.374 -34.639 6.099
5 24 10.32 -16.144 10.321 9.539 -11.566 9.484 6.497 -11.672 11.57 12.624 -16.101 7.651
5 24 6.101 -7.069 -10.985 3.236 -6.567 -11.735 5.54 -4.91 -9.188 3.3169 -8.8915 -13.1516
5 24 11.519 -24.217 -10.004 11.663 -21.39 -10.262 9.77 -23.734 -11.882 13.176 -21.247 -7.806
5 24 14.448 -23.784 -2.63 14.1 -26.212 -2.027 13.538 -26.813 -4.437 14.757 -23.463 -0.765
5 24 3.62 -22.655 13.932 3.588 -25.81 13.675 0 -25.797 14.013 6.977 -22.636 12.77
5 24 10.279 -37.419 0.241 10.923 -35.235 -2.844 11.381 -34.961 0.18 9.9 -37.452 -2.517
5 24 5.925 -34.467 10.622 6.335 -31.77 11.364 3.088 -34.362 11.685 9.268 -31.798 9.168
5 24 13.382 -13.32 -6.132 12.961 -15.523 -7.516 13.762 -15.778 -6.163 12.2877 -13.8797 -8.9279
5 24 5.925 -34.467 10.622 8.641 -34.553 8.532 5.478 -36.902 9.842 9.268 -31.798 9.168
5 24 17.984 -24.516 -0.195 19.395 -23.796 0.94 18.807 -23.405 -0.368 18.455 -25.351 0.932
5 24 17.308 -19.976 -0.581 18.389 -19.432 -0.415 17.233 -18.217 -0.641 18.821 -20.317 -0.503
5 24 5.109 -16.389 -10.237 2.754 -15.625 -8.523 2.599 -16.345 -10.195 5.486 -15.796 -8.56
5 24 4.464 -36.659 -9.155 4.671 -35.738 -9.571 2.344 -35.571 -10.412 6.315 -36.171 -8.287
5 24 3.236 -6.567 -11.735 3.3169 -8.8915 -13.1516 0 -8.611 -13.364 6.101 -7.069 -10.985
5 24 10.279 -37.419 0.241 9.166 -39.639 0.338 8.734 -39.535 -2.128 9.25 -39.615 2.813
5 24 12.2877 -13.8797 -8.9279 13.382 -13.32 -6.132 10.9126 -12.0424 -10.5009 12.961 -15.523 -7.516
5 24 1.531 -31.291 -12.837 1.725 -28.804 -13.752 0.879 -31.34 -12.835 2.027 -29.069 -13.506
5 24 14.564 -17.713 3.093 14.927 -19.969 3.813 15.261 -17.718 3.037 14.3 -19.778 4.176
5 24 10.636 -33.104 -5.849 8.813 -36.304 -5.889 10.923 -35.235 -2.844 8.989 -33.602 -7.764
5 24 11.381 -34.961 0.18 11.406 -34.768 3.24 12.558 -32.077 0.117 10.329 -37.336 3.015
5 24 11.406 -34.768 3.24 12.558 -32.077 0.117 12.434 -31.793 3.467 11.381 -34.961 0.18
5 24 14.424 -16.117 4.162 13.573 -19.619 5.794 14.564 -17.713 3.093 12.624 -16.101 7.651
5 24 19.395 -23.796 0.94 18.943 -22.137 2.794 18.623 -24.012 2.504 19.731 -22.074 0.901
5 24 2.112 -18.04 -14.882 2.293 -16.677 -14.479 4.843 -18.899 -14.32 0 -17.568 -14.919
5 24 14.315 -18.625 -5.21 14.224 -21.316 -5.301 13.176 -21.247 -7.806 14.796 -19.059 -2.745
5 24 13.997 -24.041 -5.005 14.448 -23.784 -2.63 13.538 -26.813 -4.437 14.671 -21.381 -3.018
5 24 14.1 -26.212 -2.027 12.883 -29.635 -3.529 13.538 -26.813 -4.437 13.684 -28.869 -0.196
5 24 14.741 -14.813 0.224 13.285 -10.993 3.978 13.491 -10.358 0.345 14.424 -16.117 4.162
5 24 14.276 -16.18 -4.531 14.796 -19.059 -2.745 14.844 -16.929 -2.087 14.315 -18.625 -5.21
5 24 7.785 -21.172 -13.392 9.419 -19.032 -12.366 9.755 -21.33 -12.088 7.339 -19.07 -13.471
5 24 18.807 -23.405 -0.368 17.105 -23.297 -0.305 17.307 -21.636 -0.416 17.984 -24.516 -0.195
5 24 12.48 -27.22 -7.047 13.538 -26.813 -4.437 13.997 -24.041 -5.005 11.721 -30.18 -6.249
5 24 6.237 -23.212 -13.953 6.241 -25.133 -13.716 7.989 -23.345 -13.217 4.853 -23.337 -14.606
5 24 5.012 -39.111 9.051 7.21 -39.289 7.192 4.295 -42.116 7.666 7.945 -37.054 7.877
5 24 12.434 -31.793 3.467 11.221 -31.783 6.569 11.853 -28.642 7.085 10.374 -34.639 6.099
5 24 10.934 -6.691 3.584 13.285 -10.993 3.978 13.491 -10.358 0.345 9.848 -7.121 6.106
5 24 7.637 -26.681 -12.718 9.399 -25.991 -11.706 7.887 -25.289 -13.009 9.072 -27.281 -11.479
5 24 9.399 -25.991 -11.706 9.072 -27.281 -11.479 10.844 -27.405 -9.662 7.637 -26.681 -12.718
5 24 14.276 -16.18 -4.531 14.844 -16.929 -2.087 14.796 -19.059 -2.745 14.041 -13.761 -3.844
5 24 15.258 -17.383 -0.882 14.844 -16.929 -2.087 14.796 -19.059 -2.745 14.741 -14.813 0.224
5 24 9.419 -19.032 -12.366 7.339 -19.07 -13.471 7.785 -21.172 -13.392 8.856 -16.586 -12.308
5 24 13.684 -28.869 -0.196 14.075 -27.529 0.615 13.408 -28.222 3.756 14.418 -26.224 -0.389
5 24 7.763 -16.429 -10.395 8.699 -16.041 -8.61 10.494 -16.498 -10.99 5.486 -15.796 -8.56
5 24 7.887 -25.289 -13.009 7.637 -26.681 -12.718 6.274 -26.524 -13.382 9.399 -25.991 -11.706
5 24 11.659 -11.368 7.035 12.624 -16.101 7.651 9.539 -11.566 9.484 14.424 -16.117 4.162
5 24 18.623 -24.012 2.504 19.395 -23.796 0.94 18.943 -22.137 2.794 18.455 -25.351 0.932
5 24 10.981 -5.995 -2.435 12.81 -9.686 -3.284 11.394 -6.324 0.76 11.517 -9.064 -6.862
5 24 16.782 -20.197 3.403 18.263 -19.337 2.129 16.875 -18.346 2.756 18.676 -20.382 2.538
5 24 14.927 -19.969 3.813 14.3 -19.778 4.176 14.564 -17.713 3.093 14.701 -22.295 4.11
5 24 12.98 -24.222 -7.533 14.224 -21.316 -5.301 13.997 -24.041 -5.005 13.176 -21.247 -7.806
5 24 12.117 -25.539 7.814 9.768 -28.82 9.839 11.853 -28.642 7.085 10.139 -25.726 10.302
5 24 15.258 -17.383 -0.882 14.796 -19.059 -2.745 14.844 -16.929 -2.087 15.176 -19.46 -0.981
5 24 18.676 -20.382 2.538 19.439 -20.291 0.954 18.263 -19.337 2.129 19.731 -22.074 0.901
5 24 10.923 -35.235 -2.844 8.853 -37.354 -4.568 9.9 -37.452 -2.517 8.813 -36.304 -5.889
5 24 3.588 -25.81 13.675 6.867 -25.795 12.507 6.977 -22.636 12.77 3.484 -28.83 13.157
5 24 12.523 -19.39 8.129 12.321 -22.495 8.176 10.384 -19.397 10.592 13.268 -22.431 6.128
5 24 0 -16.322 -10.284 0 -15.539 -8.529 -2.599 -16.345 -10.195 2.599 -16.345 -10.195
5 24 0 -17.568 -14.919 0 -16.677 -14.563 -2.293 -16.677 -14.479 2.293 -16.677 -14.479
5 24 0 -8.611 -13.364 0 -6.242 -12.077 -3.236 -6.567 -11.735 3.236 -6.567 -11.735
5 24 0 -6.242 -12.077 0 -4.663 -10.693 -3.079 -4.75 -10.258 3.079 -4.75 -10.258
5 24 0 -38.944 10.287 0 -42.013 8.8 2.682 -38.956 10.001 -2.682 -38.956 10.001
5 24 0 -28.814 13.521 0 -31.652 12.814 -3.484 -28.83 13.157 3.484 -28.83 13.157
5 24 0 -31.652 12.814 0 -34.298 12.025 -3.306 -31.69 12.468 3.306 -31.69 12.468
5 24 0 -37.172 -9.755 0 -35.719 -10.543 2.306 -37.059 -9.587 -2.306 -37.059 -9.587
5 24 0 -34.298 12.025 0 -36.719 11.159 -3.088 -34.362 11.685 3.088 -34.362 11.685
5 24 0 -25.797 14.013 0 -28.814 13.521 -3.588 -25.81 13.675 3.588 -25.81 13.675
5 24 0 -11.701 13.133 0 -16.237 14.097 -3.572 -16.226 13.708 3.572 -16.226 13.708
5 24 0 -22.655 14.314 0 -25.797 14.013 3.62 -22.655 13.932 -3.62 -22.655 13.932
5 24 0 -16.677 -14.563 0 -16.322 -10.284 -2.293 -16.677 -14.479 2.293 -16.677 -14.479
5 24 0 -16.237 14.097 0 -19.444 14.328 -3.613 -19.439 13.943 3.613 -19.439 13.943
5 24 0 -33.534 -11.781 0 -31.388 -12.844 -0.879 -31.34 -12.835 0.879 -31.34 -12.835
5 24 0 -19.444 14.328 0 -22.655 14.314 -3.613 -19.439 13.943 3.613 -19.439 13.943
5 24 0 -43.293 -5.403 0 -40.845 -7.586 -1.695 -43.26 -5.223 1.695 -43.26 -5.223
5 24 0 -35.719 -10.543 0 -33.534 -11.781 -1.205 -33.445 -11.768 1.205 -33.445 -11.768
5 24 0 -36.719 11.159 0 -38.944 10.287 2.88 -36.79 10.863 -2.88 -36.79 10.863
5 24 0 -7.851 11.577 0 -11.701 13.133 -3.382 -11.69 12.761 3.382 -11.69 12.761
5 24 0 -31.388 -12.844 0 -29.088 -13.789 -0.879 -31.34 -12.835 0.879 -31.34 -12.835
