0 ~Minifig Head Sesame Street Elmo Mouth Pattern
0 Name: s\70600p01s03.dat
0 Author: Fredrik Hareide [fhareide]
0 !LDRAW_ORG Unofficial_Subpart
0 !LICENSE Licensed under CC BY 4.0 : see CAreadme.txt

0 BFC CERTIFY CCW

0 // Black

4 0 10.726 -17.345 -12.201 5.837 -15.639 -8.296 13.805 -16.231 -8.908 12.239 -16.839 -10.694
4 0 3.646 -18.792 -16.25 1.741 -18.938 -16.685 0 -18.959 -16.802 0 -15.622 -8.468
4 0 8.303 -9.514 -11.924 10.027 -10.465 -11.304 11.045 -11.147 -10.864 5.837 -15.639 -8.296
4 0 14.208 -15.854 -8.587 13.805 -16.231 -8.908 5.837 -15.639 -8.296 14.417 -15.406 -8.202
4 0 5.406 -8.275 -12.752 0 -15.622 -8.468 0 -7.222 -13.202 2.837 -7.516 -13.112
4 0 0 -15.622 -8.468 5.406 -8.275 -12.752 6.598 -8.747 -12.434 5.837 -15.639 -8.296
3 0 0 -15.622 -8.468 5.557 -18.538 -15.547 3.646 -18.792 -16.25
3 0 5.837 -15.639 -8.296 6.598 -8.747 -12.434 8.303 -9.514 -11.924
4 0 6.467 -18.392 -15.148 5.557 -18.538 -15.547 0 -15.622 -8.468 5.837 -15.639 -8.296
4 0 11.045 -11.147 -10.864 12.192 -12.071 -10.169 13.11 -13.021 -9.475 5.837 -15.639 -8.296
3 0 5.837 -15.639 -8.296 10.726 -17.345 -12.201 8.976 -17.845 -13.588
4 0 6.467 -18.392 -15.148 5.837 -15.639 -8.296 8.976 -17.845 -13.588 7.635 -18.159 -14.477
4 0 13.11 -13.021 -9.475 13.965 -14.089 -8.898 14.417 -15.406 -8.202 5.837 -15.639 -8.296

0 // Main_Colour
3 16 13.965 -14.089 -8.898 13.11 -13.021 -9.475 15.12 -12.297 -9.801
3 16 6.63 -19.101 -16.913 5.557 -18.538 -15.547 6.467 -18.392 -15.148
4 16 14.192 -16.26 -8.938 14.208 -15.854 -8.587 14.417 -15.406 -8.202 14.751 -15.397 -8.199
3 16 6.598 -8.747 -12.434 5.406 -8.275 -12.752 6.87 -6.286 -13.912
3 16 6.598 -8.747 -12.434 6.87 -6.286 -13.912 8.303 -9.514 -11.924
4 16 10.027 -10.465 -11.304 8.303 -9.514 -11.924 6.87 -6.286 -13.912 12.722 -9.7 -11.691
3 16 12.722 -9.7 -11.691 11.045 -11.147 -10.864 10.027 -10.465 -11.304
3 16 11.045 -11.147 -10.864 12.722 -9.7 -11.691 12.192 -12.071 -10.169
4 16 13.11 -13.021 -9.475 12.192 -12.071 -10.169 12.722 -9.7 -11.691 15.12 -12.297 -9.801
4 16 14.417 -15.406 -8.202 13.965 -14.089 -8.898 15.12 -12.297 -9.801 14.751 -15.397 -8.199
3 16 5.557 -18.538 -15.547 6.63 -19.101 -16.913 3.646 -18.792 -16.25
4 16 1.741 -18.938 -16.685 3.646 -18.792 -16.25 6.63 -19.101 -16.913 0 -19.626 -18.469
3 16 0 -19.626 -18.469 0 -18.959 -16.802 1.741 -18.938 -16.685
3 16 10.726 -17.345 -12.201 11.851 -17.737 -13.099 8.976 -17.845 -13.588
4 16 7.635 -18.159 -14.477 8.976 -17.845 -13.588 11.851 -17.737 -13.099 6.63 -19.101 -16.913
3 16 6.63 -19.101 -16.913 6.467 -18.392 -15.148 7.635 -18.159 -14.477
4 16 13.805 -16.231 -8.908 14.192 -16.26 -8.938 11.851 -17.737 -13.099 12.239 -16.839 -10.694
3 16 11.851 -17.737 -13.099 10.726 -17.345 -12.201 12.239 -16.839 -10.694
3 16 14.192 -16.26 -8.938 13.805 -16.231 -8.908 14.208 -15.854 -8.587
4 16 0 -4.691 -14.629 6.87 -6.286 -13.912 5.406 -8.275 -12.752 2.837 -7.516 -13.112
3 16 2.837 -7.516 -13.112 0 -7.222 -13.202 0 -4.691 -14.629

0 // Edge_Colour
2 24 0 -15.622 -8.468 5.837 -15.639 -8.296
2 24 14.417 -15.406 -8.202 14.751 -15.397 -8.199
2 24 5.837 -15.639 -8.296 14.417 -15.406 -8.202

5 24 14.192 -16.26 -8.938 5.837 -15.639 -8.296 11.851 -17.737 -13.099 14.751 -15.397 -8.199
5 24 11.851 -17.737 -13.099 5.837 -15.639 -8.296 6.63 -19.101 -16.913 14.192 -16.26 -8.938
5 24 0 -15.622 -8.468 6.87 -6.286 -13.912 5.837 -15.639 -8.296 0 -4.691 -14.629
5 24 15.12 -12.297 -9.801 5.837 -15.639 -8.296 12.722 -9.7 -11.691 14.751 -15.397 -8.199
5 24 6.63 -19.101 -16.913 5.837 -15.639 -8.296 0 -15.622 -8.468 11.851 -17.737 -13.099
5 24 5.837 -15.639 -8.296 12.722 -9.7 -11.691 15.12 -12.297 -9.801 6.87 -6.286 -13.912
