0 ~Technic Engine Crank Disk Half
0 Name: s\4368s01.dat
0 Author: Philippe Hurbain [Philo]
0 !LDRAW_ORG Unofficial_Subpart
0 !LICENSE Licensed under CC BY 4.0 : see CAreadme.txt

0 BFC CERTIFY CCW

1 16 0 -4 0 21 0 0 0 0 -21 0 21 0 48\tm08o1333.dat
1 16 0 -4 0 21 0 0 0 0 21 0 21 0 48\tm08o1333.dat
1 16 0 -4 0 0 0 21 21 0 0 0 21 0 48\tm08o1333.dat
1 16 0 -4 0 0 0 21 -21 0 0 0 21 0 48\tm08o1333.dat
1 16 0 -4 0 21 0 0 0 0 -21 0 -21 0 48\tm08o1333.dat
1 16 0 -4 0 21 0 0 0 0 21 0 -21 0 48\tm08o1333.dat
1 16 0 -4 0 0 0 21 21 0 0 0 -21 0 48\tm08o1333.dat
1 16 0 -4 0 0 0 21 -21 0 0 0 -21 0 48\tm08o1333.dat

1 16 0 -4 0 21 0 0 0 0 -21 0 21 0 48\tm08i1333.dat
1 16 0 -4 0 21 0 0 0 0 21 0 21 0 48\tm08i1333.dat
1 16 0 -4 0 0 0 21 21 0 0 0 21 0 48\tm08i1333.dat
1 16 0 -4 0 0 0 21 -21 0 0 0 21 0 48\tm08i1333.dat
1 16 0 -4 0 21 0 0 0 0 -21 0 -21 0 48\tm08i1333.dat
1 16 0 -4 0 21 0 0 0 0 21 0 -21 0 48\tm08i1333.dat
1 16 0 -4 0 0 0 21 21 0 0 0 -21 0 48\tm08i1333.dat
1 16 0 -4 0 0 0 21 -21 0 0 0 -21 0 48\tm08i1333.dat

0 BFC INVERTNEXT
1 16 10.3 0 7.5 0 0 1.2 -1.2 0 0 0 -15 0 8\2-4cylo.dat
1 16 10.3 0 7.5 0 0 1.2 -1.2 0 0 0 -1 0 8\2-4ndis.dat
1 16 10.3 0 -7.5 0 0 1.2 -1.2 0 0 0 1 0 8\2-4ndis.dat

1 16 0 0 -10 0 0 9 9 0 0 0 2.5 0 3-16cylo.dat
2 24 8.3151 3.4443 -10 8.8 1.2 -10
2 24 8.3151 3.4443 -7.5 8.8 1.2 -7.5
4 16 8.3151 3.4443 -7.5 8.8 1.2 -7.5 8.8 1.2 -10 8.3151 3.4443 -10
2 24 5.6023 2 -10 5.8 1.2 -10
2 24 10.3 1.2 -7.5 8.8 1.2 -7.5
2 24 5.8 1.2 -10 8.8 1.2 -10
2 24 8.8 1.2 -10 8.8 1.2 -7.5
2 24 5.8 1.2 10 5.6023 2 10
2 24 9.3 1.2 10 5.8 1.2 10
2 24 9.3 1.2 7.5 9.3 1.2 10
2 24 9.3 1.2 7.5 10.3 1.2 7.5
2 24 5.8 1.2 10 5.8 1.2 -10
2 24 5.6023 2 10 5.6023 2 -10
4 16 5.8 1.2 10 5.6023 2 10 5.6023 2 -10 5.8 1.2 -10
4 16 8.8 1.2 -7.5 10.3 1.2 -7.5 10.3 1.2 7.5 9.3 1.2 7.5
4 16 9.3 1.2 7.5 5.8 1.2 10 5.8 1.2 -10 8.8 1.2 -7.5
3 16 5.8 1.2 10 9.3 1.2 7.5 9.3 1.2 10
3 16 8.8 1.2 -7.5 5.8 1.2 -10 8.8 1.2 -10
1 16 0 0 -10 0 0 9 9 0 0 0 1 0 3-16chrd.dat
4 16 8.8 1.2 -10 5.8 1.2 -10 5.6023 2 -10 8.3151 3.4443 -10
4 16 4.2428 4.2427 -10 2.2961 5.5433 -10 0 9 -10 8.3151 3.4443 -10
3 16 5.6023 2 -10 5.5432 2.2961 -10 8.3151 3.4443 -10
3 16 8.3151 3.4443 -10 5.5432 2.2961 -10 4.2428 4.2427 -10
3 16 2.2961 5.5433 -10 2 5.6023 -10 0 9 -10
3 16 0 9 -10 2 5.6023 -10 0 6 -10
1 16 0 0 -10 0 0 9 -9 0 0 0 4 0 3-16cyli.dat
1 16 0 0 -10 0 0 9 -9 0 0 0 1 0 3-16edge.dat
1 16 0 0 -6 0 0 9 -9 0 0 0 1 0 1-16edge.dat
1 16 0 0 -7.5 6.364 0 6.364 -6.364 0 6.364 0 1 0 1-16edge.dat
2 24 8.8 -1.2 -10 8.3151 -3.4443 -10
2 24 8.8 -1.2 -7.5 8.3152 -3.4442 -7.5
4 16 8.8 -1.2 -10 8.8 -1.2 -7.5 8.3151 -3.4443 -6 8.3151 -3.4443 -10
2 24 5.8 -1.2 -10 5.6023 -2 -10
2 24 8.8 -1.2 -7.5 10.3 -1.2 -7.5
2 24 8.8 -1.2 -10 5.8 -1.2 -10
2 24 8.8 -1.2 -7.5 8.8 -1.2 -10
2 24 5.6023 -2 10 5.8 -1.2 10
2 24 5.8 -1.2 10 9.3 -1.2 10
2 24 8.5 -4 10 8.5 -4 7.5
2 24 10.3 -1.2 7.5 9.3 -1.2 7.5
2 24 5.8 -1.2 -10 5.8 -1.2 10
2 24 5.6023 -2 -10 5.6023 -2 10
4 16 5.6023 -2 -10 5.6023 -2 10 5.8 -1.2 10 5.8 -1.2 -10
4 16 10.3 -1.2 7.5 10.3 -1.2 -7.5 8.8 -1.2 -7.5 9.3 -1.2 7.5
4 16 5.8 -1.2 -10 5.8 -1.2 10 9.3 -1.2 7.5 8.8 -1.2 -7.5
3 16 9.3 -1.2 7.5 5.8 -1.2 10 9.3 -1.2 10
3 16 5.8 -1.2 -10 8.8 -1.2 -7.5 8.8 -1.2 -10
1 16 0 0 -10 0 0 9 -9 0 0 0 1 0 3-16chrd.dat
4 16 5.6023 -2 -10 5.8 -1.2 -10 8.8 -1.2 -10 8.3151 -3.4443 -10
4 16 0 -9 -10 2.2961 -5.5433 -10 4.2428 -4.2427 -10 8.3151 -3.4443 -10
3 16 5.5432 -2.2961 -10 5.6023 -2 -10 8.3151 -3.4443 -10
3 16 5.5432 -2.2961 -10 8.3151 -3.4443 -10 4.2428 -4.2427 -10
3 16 2 -5.6023 -10 2.2961 -5.5433 -10 0 -9 -10
3 16 2 -5.6023 -10 0 -9 -10 0 -6 -10

1 16 0 -4 -7.5 0 0 15 15 0 0 0 6.429 0 7-16cylo.dat
1 16 0 -4 -1.071 0 0 4.8 4.8 0 0 0 1 0 2-4ring3.dat
1 16 0 -4 -1.071 0 0 18.4128 18.4128 0 0 0 1 0 48\2-4edge.dat
2 24 5 -18.149 -7.5 5 -7.2754 -7.5
2 24 0 -19 -6 3.4443 -18.549 -6
2 24 3.4443 -18.549 -6 3.4443 -8.3151 -6
2 24 3.4443 -18.549 -6 5 -18.149 -7.5
2 24 5 -18.149 -7.5 5.7405 -17.8585 -7.5
2 24 0 -19 -1.071 3.4443 -18.549 -1.071
2 24 3.4443 -18.549 -1.071 5 -18.149 -1.071
2 24 5 -18.149 -1.071 5.7405 -17.8585 -1.071
4 16 5 -18.149 -1.071 5 -18.149 -7.5 5.7405 -17.8585 -7.5 5.7405 -17.8585 -1.071
4 16 3.4443 -18.549 -6 5 -18.149 -7.5 5 -18.149 -1.071 3.4443 -18.549 -1.071
4 16 0 -19 -6 3.4443 -18.549 -6 3.4443 -18.549 -1.071 0 -19 -1.071
2 24 3.4443 -8.3151 -6 5 -7.2754 -7.5
2 24 5 -7.2754 -7.5 6.364 -6.364 -7.5
4 16 0 -19 -6 0 -9 -6 3.4443 -8.3151 -6 3.4443 -18.549 -6
4 16 3.4443 -18.549 -6 3.4443 -8.3151 -6 5 -7.2754 -7.5 5 -18.149 -7.5
4 16 5.7405 -17.8585 -7.5 5 -18.149 -7.5 5 -7.2754 -7.5 6.364 -6.364 -7.5
1 16 0 -4 -7.5 0 0 15 15 0 0 0 1 0 1-8chrd.dat
1 16 0 -4 -7.5 15 0 0 0 0 15 0 1 0 1-8chrd.dat
1 16 0 -4 -7.5 15 0 0 0 0 -15 0 1 0 3-16chrd.dat
4 16 5.7405 -17.8585 -7.5 6.364 -6.364 -7.5 8.8 -1.2 -7.5 10.3 -1.2 -7.5
4 16 5.7405 -17.8585 -7.5 10.3 -1.2 -7.5 11.5 -1.2 -7.5 15 -4 -7.5
4 16 8.8 1.2 -7.5 0 9 -7.5 0 11 -7.5 10.6065 6.6065 -7.5
3 16 10.3 1.2 -7.5 8.8 1.2 -7.5 10.6065 6.6065 -7.5
3 16 10.3 1.2 -7.5 10.6065 6.6065 -7.5 11.5 1.2 -7.5
3 16 11.5 1.2 -7.5 10.6065 6.6065 -7.5 15 -4 -7.5
3 16 11.5 1.2 -7.5 15 -4 -7.5 11.5 -1.2 -7.5
1 16 0 -4 1.071 0 0 18.4128 18.4128 0 0 0 -1 0 48\2-4edge.dat
1 16 0 0 10 0 0 9 -9 0 0 0 -13.5 0 1-8cyli.dat
1 16 0 0 10 0 0 9 -9 0 0 0 -1 0 1-8edge.dat
1 16 0 0 10 0 0 9 -9 0 0 0 -1 0 1-8chrd.dat
1 16 0 -4 7.5 15 0 0 0 0 -15 0 -6.429 0 3-16cylo.dat
1 16 0 -4 7.5 15 0 0 0 0 15 0 -6.429 0 1-16cylo.dat
2 24 4.5922 -15.0864 7.5 4.6 -18.3086 7.5
2 24 3.0569 -18.6486 6 0 -19 6
2 24 3.0569 -15.6005 6 3.0569 -18.6486 6
2 24 4.6 -18.3086 7.5 3.0569 -18.6486 6
2 24 5.7405 -17.8585 7.5 4.6 -18.3086 7.5
2 24 3.0569 -18.6486 1.071 0 -19 1.071
2 24 4.6 -18.3086 1.071 3.0569 -18.6486 1.071
2 24 5.7405 -17.8585 1.071 4.6 -18.3086 1.071
4 16 5.7405 -17.8585 7.5 4.6 -18.3086 7.5 4.6 -18.3086 1.071 5.7405 -17.8585 1.071
4 16 4.6 -18.3086 1.071 4.6 -18.3086 7.5 3.0569 -18.6486 6 3.0569 -18.6486 1.071
4 16 3.0569 -18.6486 1.071 3.0569 -18.6486 6 0 -19 6 0 -19 1.071
4 16 3.0569 -15.6005 6 0 -16 6 0 -19 6 3.0569 -18.6486 6
4 16 4.5922 -15.0864 7.5 3.0569 -15.6005 6 3.0569 -18.6486 6 4.6 -18.3086 7.5
0 BFC INVERTNEXT
1 16 0 -4 7.5 11.0866 0 -4.5922 -4.5922 0 -11.0866 0 -11 0 1-8cylo.dat
2 24 3.0569 -15.6005 6 0 -16 6
2 24 4.5922 -15.0864 7.5 3.0569 -15.6005 6
2 24 3.0569 -15.6005 -3.5 0 -16 -3.5
2 24 4.5922 -15.0864 -3.5 3.0569 -15.6005 -3.5
4 16 4.5922 -15.0864 7.5 4.5922 -15.0864 -3.5 3.0569 -15.6005 -3.5 3.0569 -15.6005 6
4 16 3.0569 -15.6005 6 3.0569 -15.6005 -3.5 0 -16 -3.5 0 -16 6
2 24 11.0866 -4 -3.5 11.0866 -4 7.5
2 24 11.0866 -8.5922 -3.5 11.0866 -8.5922 7.5
2 24 11.0866 -4 7.5 11.0866 -8.5922 7.5
2 24 11.0866 -4 -3.5 11.0866 -8.5922 -3.5
4 16 11.0866 -4 7.5 11.0866 -4 -3.5 11.0866 -8.5922 -3.5 11.0866 -8.5922 7.5
1 16 0 -4 7.5 11.0866 0 -4.5922 -4.5922 0 -11.0866 0 -1 0 1-8tang.dat
1 16 0 -4 7.5 15 0 0 0 0 -15 0 -1 0 3-16chrd.dat
4 16 4.5922 -15.0864 7.5 4.6 -18.3086 7.5 5.7405 -17.8585 7.5 6.7977 -14.1738 7.5
3 16 15 -4 7.5 11.0866 -8.5922 7.5 10.1732 -10.7973 7.5
3 16 15 -4 7.5 10.1732 -10.7973 7.5 5.7405 -17.8585 7.5
3 16 5.7405 -17.8585 7.5 10.1732 -10.7973 7.5 8.4854 -12.4856 7.5
3 16 5.7405 -17.8585 7.5 8.4854 -12.4856 7.5 6.7977 -14.1738 7.5
1 16 0 -4 7.5 15 0 0 0 0 15 0 -1 0 1-16chrd.dat
4 16 15 -4 7.5 13.8585 1.7405 7.5 11.0866 -4 7.5 11.0866 -8.5922 7.5
1 16 0 -4 1.071 0 0 4.8 -4.8 0 0 0 -1 0 1-4ring3.dat
2 24 5 -7.2754 -3.5 5 -15 -3.5
2 24 5 -7.2754 -2.5 5 -15 -2.5
4 16 0 -9 -2.5 0 -17 -2.5 5 -15 -2.5 5 -7.2754 -2.5
4 16 5 -15 -2.5 5 -15 -3.5 5 -7.2754 -3.5 5 -7.2754 -2.5
2 24 6.3639 -6.3639 -3.5 6.3639 -6.3639 10
2 24 6.3639 -4 -3.5 6.3639 -4 10
2 24 6.3639 -4 10 6.3639 -6.3639 10
2 24 6.3639 -4 -3.5 6.3639 -6.3639 -3.5
4 16 6.3639 -4 -3.5 6.3639 -4 10 6.3639 -6.3639 10 6.3639 -6.3639 -3.5
2 24 6.3639 -4 -3.5 11.0866 -4 -3.5
2 24 9.3 -1.2 7.5 9.3 -1.2 10
2 24 9.3 -1.2 7.5 8.5 -4 7.5
2 24 9.3 -1.2 10 8.5 -4 10
2 24 6.3639 -4 10 8.5 -4 10
2 24 8.5 -4 7.5 11.0866 -4 7.5
4 16 8.5 -4 7.5 8.5 -4 10 6.3639 -4 10 6.3639 -4 -3.5
4 16 8.5 -4 7.5 6.3639 -4 -3.5 11.0866 -4 -3.5 11.0866 -4 7.5
4 16 8.5 -4 7.5 9.3 -1.2 7.5 9.3 -1.2 10 8.5 -4 10
4 16 10.3 -1.2 7.5 9.3 -1.2 7.5 8.5 -4 7.5 11.0866 -4 7.5
4 16 9.3 -1.2 10 5.8 -1.2 10 5.6023 -2 10 8.5 -4 10
4 16 5.5432 -2.2961 10 6.3639 -4 10 8.5 -4 10 5.6023 -2 10
4 16 4.2428 -4.2427 10 6.3639 -6.3639 10 6.3639 -4 10 5.5432 -2.2961 10
4 16 6.3639 -6.3639 10 4.2428 -4.2427 10 2.2961 -5.5433 10 0 -9 10
3 16 2.2961 -5.5433 10 2 -5.6023 10 0 -9 10
3 16 0 -9 10 2 -5.6023 10 0 -6 10
2 24 5 -14.814 -2.5 4.5922 -15.0864 -2.5
2 24 3.0569 -15.6005 -2.5 0 -16 -2.5
2 24 4.5924 -15.0868 -2.5 3.0569 -15.6005 -2.5
1 16 0 0 -2.5 0 0 9 -9 0 0 0 -1 0 1-16edge.dat
2 24 5 -7.2754 -2.5 3.4443 -8.3151 -2.5
2 24 5 -7.2754 -3.5 5 -7.2754 -2.5
2 24 6.3639 -6.3639 -3.5 5 -7.2754 -3.5
2 24 5 -14.814 -2.5 5 -14.814 -3.5
1 16 0 -4 -3.5 11.0866 0 -4.5922 -4.5922 0 -11.0866 0 -1 0 1-8chrd.dat
4 16 4.5922 -15.0864 -3.5 11.0866 -8.5922 -3.5 11.0866 -4 -3.5 6.3639 -4 -3.5
3 16 4.5922 -15.0864 -3.5 6.3639 -4 -3.5 5 -7.2754 -3.5
1 16 0 0 10 0 0 9 9 0 0 0 -8.929 0 1-8cylo.dat
1 16 0 0 10 0 0 9 9 0 0 0 -1 0 1-8chrd.dat
2 24 8.5 4 7.5 8.5 4 10
2 24 6.3639 6.3639 10 6.3639 6.3639 1.071
2 24 6.3639 4 10 6.3639 4 1.071
2 24 6.3639 6.3639 10 6.3639 4 10
2 24 6.3639 6.3639 1.071 6.3639 4 1.071
4 16 6.3639 6.3639 10 6.3639 4 10 6.3639 4 1.071 6.3639 6.3639 1.071
2 24 10.9 4 1.071 6.3639 4 1.071
2 24 8.5 4 7.5 9.3 1.2 7.5
2 24 8.5 4 10 9.3 1.2 10
2 24 8.5 4 10 6.3639 4 10
2 24 10.9 4 7.5 8.5 4 7.5
4 16 6.3639 4 10 8.5 4 10 8.5 4 7.5 6.3639 4 1.071
4 16 10.9 4 1.071 6.3639 4 1.071 8.5 4 7.5 10.9 4 7.5
4 16 9.3 1.2 10 9.3 1.2 7.5 8.5 4 7.5 8.5 4 10
4 16 5.6023 2 10 5.8 1.2 10 9.3 1.2 10 8.5 4 10
4 16 8.5 4 10 6.3639 4 10 5.5432 2.2961 10 5.6023 2 10
4 16 6.3639 4 10 6.3639 6.3639 10 4.2428 4.2427 10 5.5432 2.2961 10
4 16 2.2961 5.5433 10 4.2428 4.2427 10 6.3639 6.3639 10 0 9 10
3 16 2 5.6023 10 2.2961 5.5433 10 0 9 10
3 16 2 5.6023 10 0 9 10 0 6 10
1 16 10.9 1 7.5 0 0 3 3 0 0 0 -6.429 0 3-16cylo.dat
2 24 13.6717 2.1481 1.071 13.8585 1.7405 1.071
1 16 10.9 1 7.5 0 0 3 3 0 0 0 -1 0 3-16chrd.dat
2 24 13.6717 2.1481 7.5 13.8585 1.7405 7.5
4 16 13.8585 1.7405 1.071 13.6717 2.1481 1.071 13.6717 2.1481 7.5 13.8585 1.7405 7.5
4 16 8.5 4 7.5 9.3 1.2 7.5 10.3 1.2 7.5 10.9 4 7.5
4 16 10.9 4 7.5 10.3 1.2 7.5 11.5 1.2 7.5 13.6717 2.1481 7.5
4 16 13.8585 1.7405 7.5 13.6717 2.1481 7.5 11.5 1.2 7.5 11.5 -1.2 7.5
3 16 11.5 -1.2 7.5 10.3 -1.2 7.5 11.0866 -4 7.5
3 16 11.5 -1.2 7.5 11.0866 -4 7.5 13.8585 1.7405 7.5
4 16 19.2 -4 1.071 17.0116 4.0466 1.071 13.0197 10.0197 1.071 7.0466 14.0116 1.071
4 16 10.9 4 1.071 15 -4 1.071 19.2 -4 1.071 7.0466 14.0116 1.071
4 16 6.3639 4 1.071 10.9 4 1.071 7.0466 14.0116 1.071 0 9 1.071
3 16 0 9 1.071 7.0466 14.0116 1.071 0 15.4128 1.071
5 24 4.6 -18.3086 1.071 4.6 -18.3086 7.5 3.0569 -18.6486 6 5.7405 -17.8585 1.071
5 24 3.0569 -18.6486 1.071 3.0569 -18.6486 6 0 -19 6 4.6 -18.3086 1.071
5 24 5 -18.149 -7.5 5 -18.149 -1.071 5.7405 -17.8585 -7.5 3.4443 -18.549 -1.071
5 24 3.4443 -18.549 -1.071 3.4443 -18.549 -6 5 -18.149 -7.5 0 -19 -1.071
5 24 3.0569 -15.6005 6 3.0569 -15.6005 -3.5 4.5922 -15.0864 7.5 0 -16 -3.5
5 24 8.3151 3.4443 -10 8.3151 3.4443 -7.5 8.8 1.2 -7.5 6.3639 6.3639 -10
5 24 8.3151 -3.4443 -6 8.3151 -3.4443 -10 8.8 -1.2 -10 6.3639 -6.3639 -10
5 24 5.7405 -17.8585 -7.5 5.7405 -17.8585 -1.071 5 -18.149 -1.071 10.6065 -14.6065 -7.5
5 24 4.5922 -15.0864 7.5 4.5922 -15.0864 -3.5 3.0569 -15.6005 -3.5 8.4854 -12.4856 7.5
5 24 13.8585 1.7405 7.5 13.8585 1.7405 1.071 13.6717 2.1481 1.071 15 -4 7.5
