0 ~Technic Engine Piston with Stud Quarter
0 Name: s\4369s01.dat
0 Author: Philippe Hurbain [Philo]
0 !LDRAW_ORG Unofficial_Subpart
0 !LICENSE Licensed under CC BY 4.0 : see CAreadme.txt

0 BFC CERTIFY CCW

2 24 -46.4217 .68885 5.863 -46.5 0 6
2 24 -46.1434 1.3777 5.726 -46.4217 .68885 5.863
2 24 -42.8962 3.326 4.8551 -44.8426 2.5456 5.3768
2 24 -46.1434 1.3777 5.726 -44.8426 2.5456 5.3768
2 24 -42.8962 3.326 4.8551 -40.6 3.6 4.6721
2 24 -29.9266 5.5434 2.2962 -30.6716 4.5959 3.714
2 24 -31.9692 3.8587 4.4991 -30.6716 4.5959 3.714
2 24 -31.9692 3.8587 4.4991 -33.5 3.6 4.6721
2 24 -33.5 3.6 4.6721 -40.6 3.6 4.6721
2 24 -7.6 1.3777 5.726 -7.6 0 6
2 24 -7.6 3.0766 5.0218 -7.6 2.5456 5.3768
2 24 -7.6 1.3777 5.726 -7.6 2.5456 5.3768
2 24 -7.6 5.5434 2.2962 -7.6 4.5959 3.714
2 24 -7.6 3.8587 4.4991 -7.6 4.5959 3.714
2 24 -7.6 3.8587 4.4991 -7.6 3.0766 5.0218
4 16 -46.1434 1.3777 5.726 -46.4217 .68885 5.863 -7.6 0 6 -7.6 1.3777 5.726
3 16 -46.4217 .68885 5.863 -46.5 0 6 -7.6 0 6
4 16 -7.6 3.8587 4.4991 -7.6 4.5959 3.714 -30.6716 4.5959 3.714 -31.9692 3.8587 4.4991
4 16 -7.6 2.5456 5.3768 -44.8426 2.5456 5.3768 -46.1434 1.3777 5.726 -7.6 1.3777 5.726
4 16 -7.6 3.0766 5.0218 -42.8962 3.326 4.8551 -44.8426 2.5456 5.3768 -7.6 2.5456 5.3768
4 16 -7.6 5.5434 2.2962 -29.9266 5.5434 2.2962 -30.6716 4.5959 3.714 -7.6 4.5959 3.714
4 16 -7.6 3.8587 4.4991 -31.9692 3.8587 4.4991 -33.5 3.6 4.6721 -7.6 3.0766 5.0218
5 24 -7.6 3.8587 4.4991 -31.9692 3.8587 4.4991 -30.6716 4.5959 3.714 -33.5 3.6 4.6721
5 24 -7.6 4.5959 3.714 -30.6716 4.5959 3.714 -29.9266 5.5434 2.2962 -31.9692 3.8587 4.4991
5 24 -7.6 2.5456 5.3768 -44.8426 2.5456 5.3768 -42.8962 3.326 4.8551 -46.1434 1.3777 5.726
5 24 -7.6 1.3777 5.726 -46.1434 1.3777 5.726 -44.8426 2.5456 5.3768 -46.5 0 6
4 16 -42.8962 3.326 4.8551 -7.6 3.0766 5.0218 -33.5 3.6 4.6721 -40.6 3.6 4.6721
2 24 -29.9266 5.5434 2.2962 -29.7339 6 0
2 24 -7.6 5.5434 2.2962 -7.6 6 0
4 16 -29.9266 5.5434 2.2962 -7.6 5.5434 2.2962 -7.6 6 0 -29.7339 6 0
5 24 -29.9266 5.5434 2.2962 -7.6 5.5434 2.2962 -7.6 4.5959 3.714 -7.6 6 0
2 24 -40.6 3.6 2.8 -33.5 3.6 2.8
2 24 -31.9692 3.8587 1.3 -32.7215 3.7316 2.35
2 24 -32.7215 3.7316 2.35 -33.5 3.6 2.8
2 24 -31.6 4.0685 0 -31.9692 3.8587 1.3
3 16 -31.9692 3.8587 1.3 -31.9692 3.8587 4.4991 -30.6716 4.5959 3.714
4 16 -30.6716 4.5959 0 -31.6 4.0685 0 -31.9692 3.8587 1.3 -30.6716 4.5959 3.714
4 16 -31.9692 3.8587 4.4991 -32.7215 3.7316 2.35 -33.5 3.6 2.8 -33.5 3.6 4.6721
3 16 -31.9692 3.8587 1.3 -32.7215 3.7316 2.35 -31.9692 3.8587 4.4991
4 16 -33.5 3.6 4.6721 -33.5 3.6 2.8 -40.6 3.6 2.8 -40.6 3.6 4.6721
2 24 -46.4217 .68885 2.8 -46.5 0 2.8
2 24 -46.1434 1.3777 2.8 -46.4217 .68885 2.8
2 24 -42.8962 3.326 2.8 -44.8426 2.5456 2.8
2 24 -46.1434 1.3777 2.8 -44.8426 2.5456 2.8
2 24 -42.8962 3.326 2.8 -40.6 3.6 2.8
4 16 -42.8962 3.326 2.8 -42.8962 3.326 4.8551 -40.6 3.6 4.6721 -40.6 3.6 2.8
4 16 -44.8426 2.5456 2.8 -44.8426 2.5456 5.3768 -42.8962 3.326 4.8551 -42.8962 3.326 2.8
4 16 -46.1434 1.3777 2.8 -46.1434 1.3777 5.726 -44.8426 2.5456 5.3768 -44.8426 2.5456 2.8
4 16 -46.4217 .68885 5.863 -46.1434 1.3777 5.726 -46.1434 1.3777 2.8 -46.4217 .68885 2.8
4 16 -46.5 0 6 -46.4217 .68885 5.863 -46.4217 .68885 2.8 -46.5 0 2.8
5 24 -44.8426 2.5456 2.8 -44.8426 2.5456 5.3768 -46.1434 1.3777 5.726 -42.8962 3.326 4.8551
5 24 -46.1434 1.3777 2.8 -46.1434 1.3777 5.726 -46.5 0 6 -44.8426 2.5456 5.3768
5 24 -42.8962 3.326 2.8 -42.8962 3.326 4.8551 -44.8426 2.5456 5.3768 -40.6 3.6 4.6721
1 16 -44.3 0 2.8 -1.1 0 0 0 0 1.1 0 -1.5 0 2-4con1.dat
1 16 -44.3 0 2.8 -2.2 0 0 0 0 2.2 0 -1 0 2-4edge.dat
1 16 -44.3 0 1.3 -1.1 0 0 0 0 1.1 0 -1 0 2-4edge.dat
1 16 -44.3 0 1.3 -1.1 0 0 0 0 1.1 0 1 0 2-4chrd.dat
1 16 -35.3 0 2.8 -1.2 0 0 0 0 1.2 0 -1.5 0 1-4con1.dat
1 16 -35.3 0 2.8 -2.4 0 0 0 0 2.4 0 -1 0 1-4edge.dat
1 16 -35.3 0 1.3 -1.2 0 0 0 0 1.2 0 -1 0 1-4edge.dat
1 16 -35.3 0 1.3 -1.2 0 0 0 0 1.2 0 1 0 1-4chrd.dat
4 16 -33.5 2.4 2.8 -31.9692 1.2 1.3 -35.3 1.2 1.3 -35.3 2.4 2.8
2 24 -32.7215 2.04 2.35 -33.5 2.4 2.8
2 24 -35.3 2.4 2.8 -33.5 2.4 2.8
2 24 -31.9692 1.2 1.3 -32.7215 2.04 2.35
4 16 -31.9692 1.2 1.3 -32.7215 2.04 2.35 -32.7215 3.7316 2.35 -31.9692 3.8587 1.3
4 16 -32.7215 3.7316 2.35 -32.7215 2.04 2.35 -33.5 2.4 2.8 -33.5 3.6 2.8
3 16 -33.5 2.4 2.8 -32.7215 2.04 2.35 -31.9692 1.2 1.3
4 16 -33.5 3.6 2.8 -33.5 2.4 2.8 -37.7 0 2.8 -40.6 3.6 2.8
4 16 -42.8962 3.326 2.8 -40.6 3.6 2.8 -37.7 0 2.8 -44.8426 2.5456 2.8
4 16 -46.5 0 2.8 -46.4217 .68885 2.8 -44.8426 2.5456 2.8 -37.7 0 2.8
3 16 -46.4217 .68885 2.8 -46.1434 1.3777 2.8 -44.8426 2.5456 2.8
2 24 -31.6 1.2 0 -31.9692 1.2 1.3
4 16 -31.9692 1.2 1.3 -31.9692 3.8587 1.3 -31.6 4.0685 0 -31.6 1.2 0
2 24 -35.3 1.2 1.3 -31.9692 1.2 1.3
3 16 -36.5 0 1.3 -35.3 1.2 1.3 -31.9692 1.2 1.3
2 24 -32.8 0 1.3 -31.6 1.2 1.3
2 24 -31.6 1.2 1.3 -31.6 1.2 0
2 24 -31.9692 1.2 1.3 -31.6 1.2 1.3
3 16 -31.9692 1.2 1.3 -31.6 1.2 0 -31.6 1.2 1.3
4 16 -31.9692 1.2 1.3 -31.6 1.2 1.3 -32.8 0 1.3 -36.5 0 1.3
3 16 -31.6 1.2 0 -30 2.8 0 -31.6 1.2 1.3
3 16 -31.6 1.2 1.3 -30 2.8 0 -32.8 0 2.8
3 16 -31.6 1.2 1.3 -32.8 0 2.8 -32.8 0 1.3
0 BFC INVERTNEXT
1 16 -30 0 0 0 -2.8 0 2.8 0 0 0 0 2.8 1-4cyls.dat
1 16 -32.8 0 0 2.8 0 0 2.8 1 0 0 0 2.8 1-4edge.dat
1 16 -32.8 0 0 2.8 0 0 2.8 1 0 0 0 2.8 1-4chrd.dat
3 16 -29.9266 5.5434 0 -29.9266 5.5434 2.2962 -29.7339 6 0
4 16 -30.6716 4.5959 0 -30.6716 4.5959 3.714 -29.9266 5.5434 2.2962 -29.9266 5.5434 0
5 24 -31.9692 3.8587 1.3 -31.9692 3.8587 4.4991 -30.6716 4.5959 3.714 -32.7215 3.7316 2.35
5 24 -40.6 3.6 2.8 -40.6 3.6 4.6721 -42.8962 3.326 2.8 -33.5 3.6 4.6721
5 24 -33.5 2.4 2.8 -33.5 3.6 2.8 -32.7215 3.7316 2.35 -37.7 0 2.8
5 24 -29.9266 5.5434 0 -29.9266 5.5434 2.2962 -29.7339 6 0 -30.6716 4.5959 0
5 24 -33.5 3.6 2.8 -33.5 3.6 4.6721 -32.7215 3.7316 2.35 -40.6 3.6 2.8
5 24 -31.9692 3.8587 1.3 -31.9692 1.2 1.3 -31.6 4.0685 0 -32.7215 2.04 2.35
5 24 -32.7215 3.7316 2.35 -32.7215 2.04 2.35 -31.9692 3.8587 1.3 -33.5 2.4 2.8
5 24 -30.6716 4.5959 3.714 -30.6716 4.5959 0 -31.6 4.0685 0 -29.9266 5.5434 2.2962
5 24 -31.6 1.2 0 -31.6 4.0685 0 -31.9692 1.2 1.3 -31.9692 3.8587 -1.3
5 24 -29.7339 6 0 -7.6 6 0 -29.9266 5.5434 2.2962 -7.6 5.5434 -2.2962
2 24 -32.8 0 1.3 -32.8 0 2.8
5 24 -7.6 0 6 -46.5 0 6 -7.6 1.3777 5.726 -7.6 -1.3777 5.726
5 24 -30 2.5869 1.0716 -30 2.8 0 -30.2131 2.5869 1.0716 -6 3.2337 1.3395
5 24 -30 1.9799 1.9799 -30 2.5869 1.0716 -6 2.4749 2.4749 -30.2131 2.5869 1.0716
5 24 -30 1.9799 1.9799 -30 1.0716 2.5869 -6 1.3395 3.2337 -30.8201 1.9799 1.9799
5 24 -30 1.0716 2.5869 -30 0 2.8 -6 0 3.5 -31.7284 1.0716 2.5869
5 24 -46.4217 .68885 5.863 -46.4217 .68885 2.8 -46.1434 1.3777 2.8 -46.5 0 2.8
5 24 -46.5 0 2.8 -46.5 0 6 -46.4217 .68885 2.8 -46.4217 -.68885 2.8
