0 ~Tile  1 x  2 Cut Left 45 Degree without Patternable Surfaces
0 Name: s\5092s01.dat
0 Author: Gerald Lasser [GeraldLasser]
0 !LDRAW_ORG Unofficial_Subpart
0 !LICENSE Licensed under CC BY 4.0 : see CAreadme.txt

0 BFC CERTIFY CCW

0 // Bottom
4 16 6 8 4 6 8 0 -4 8 0 -6 8 4
4 16 -3.5355 8 -5.0503 -9 8 .4142 -6 8 4 -4 8 0
3 16 -4 8 0 -1.2426 8 -2.7574 -3.5355 8 -5.0503
4 16 -9 8 19 -6 8 16 -6 8 4 -9 8 .4142
4 16 9 8 19 6 8 16 -6 8 16 -9 8 19
3 16 6 8 4 6 8 16 9 8 19
4 16 9 8 19 9 8 -16 6 8 0 6 8 4
4 16 7.4142 8 -16 4.9497 8 -13.5355 6 8 -12.5 9 8 -16
3 16 6 8 -12.5 6 8 0 9 8 -16
0 BFC INVERTNEXT
1 16 0 8 10 -6 0 0 0 -4 0 0 0 6 box5.dat
1 16 -2.6213 6 -1.3787 0 -1 1.3787 -2 0 0 0 0 -1.3787 rect3.dat
0 BFC INVERTNEXT
1 16 1 6 -6.25 0 5 0 -2 0 0 0 0 6.25 box2-5.dat
4 16 4.9497 8 -13.5355 4.9497 7 -13.5355 6 4 -12.5 6 8 -12.5
4 16 6 4 -12.5 4.9497 7 -13.5355 4.2426 7 -14.2426 4.2426 4 -14.2426
4 16 -4.2426 7 -5.7574 -3.5355 7 -5.0503 -1.2426 4 -2.7574 -4.2426 4 -5.7574
4 16 -1.2426 4 -2.7574 -3.5355 7 -5.0503 -3.5355 8 -5.0503 -1.2426 8 -2.7574
2 24 4.9497 7 -13.5355 4.2426 7 -14.2426
2 24 -3.5355 7 -5.0503 -4.2426 7 -5.7574
2 24 4.9497 8 -13.5355 6 8 -12.5
2 24 -1.2426 8 -2.7574 -3.5355 8 -5.0503
3 16 -1.2426 4 -2.7574 -4 4 0 6 4 0
3 16 -1.2426 4 -2.7574 6 4 0 6 4 -12.5
4 16 -1.2426 4 -2.7574 6 4 -12.5 4.2426 4 -14.2426 -4.2426 4 -5.7574
2 24 6 4 -12.5 4.2426 4 -14.2426
2 24 4.2426 4 -14.2426 -4.2426 4 -5.7574
2 24 -4.2426 4 -5.7574 -1.2426 4 -2.7574

0 // Lip
1 16 -6.2678 7.5 -2.318 2.73225 0 0 0 0 .5 -2.73225 1 0 rect.dat
1 16 0 7.5 9.7071 0 0 -9 .5 0 0 0 9.2929 0 box2-7.dat
1 16 8.2071 7.5 1.5 0 .7929 0 -.5 0 0 0 0 -17.5 box2-5.dat
1 16 6.18195 7.5 -14.76775 0 1 -1.23225 -.5 0 0 0 0 1.23225 rect3.dat
4 16 4.9497 7 -13.5355 7.4142 7 -16 7 7 -17 4.2426 7 -14.2426
4 16 -9 7 .4142 -3.5355 7 -5.0503 -4.2426 7 -5.7574 -10 7 0
4 16 -9 7 .4142 -10 7 0 -10 7 20 -9 7 19
4 16 -9 7 19 -10 7 20 10 7 20 9 7 19
4 16 9 7 19 10 7 20 10 7 -17 9 7 -16
4 16 9 7 -16 10 7 -17 7 7 -17 7.4142 7 -16

0 // Outside
1 16 0 3.5 10 0 0 -10 3.5 0 0 0 10 0 box2-5.dat
4 16 -10 0 0 -10 7 0 -4.2426 7 -5.7574 -4.2426 4 -5.7574
4 16 4.2426 4 -14.2426 4.2426 7 -14.2426 7 7 -17 7 0 -17
4 16 -4.2426 4 -5.7574 4.2426 4 -14.2426 7 0 -17 -10 0 0
2 24 4.2426 7 -14.2426 4.2426 4 -14.2426
2 24 -4.2426 4 -5.7574 -4.2426 7 -5.7574
2 24 7 7 -17 4.2426 7 -14.2426
2 24 -4.2426 7 -5.7574 -10 7 0
2 24 -10 0 0 7 0 -17
2 24 7 0 -17 7 7 -17
1 16 8.5 3.5 1.5 0 1.5 0 -3.5 0 0 0 0 -18.5 box2-7.dat
