0 ~Slope Brick 45  6 x  8 Double Inverted with Open Centre and  4 Holes - Common Inside Area
0 Name: s\5118s04.dat
0 Author: Gerald Lasser [GeraldLasser]
0 !LDRAW_ORG Unofficial_Subpart
0 !LICENSE Licensed under CC BY 4.0 : see CAreadme.txt

0 BFC CERTIFY CCW

1 16 0 16 -60 0 0 6 0 1 0 -6 0 0 2-4ndis.dat
1 16 0 16 -20 0 0 6 0 1 0 -6 0 0 2-4ndis.dat
1 16 0 20 -60 0 0 8 0 -1 0 -8 0 0 2-4ndis.dat
1 16 0 20 -20 0 0 8 0 -1 0 -8 0 0 2-4ndis.dat

1 16 12 20 -60 1.5 0 0 0 3.5 0 0 0 1.5 boxjcyl4.dat
1 16 8 20 -60 -1.5 0 0 0 3.5 0 0 0 1.5 boxjcyl4.dat
1 16 10 20 -60 2 0 0 0 3.5 0 0 0 1.5 box3u8p.dat
1 16 12 20 -40 1.5 0 0 0 3.5 0 0 0 1.5 boxjcyl4.dat
1 16 8 20 -40 -1.5 0 0 0 3.5 0 0 0 1.5 boxjcyl4.dat
1 16 10 20 -40 2 0 0 0 3.5 0 0 0 1.5 box3u8p.dat
1 16 12 20 -20 1.5 0 0 0 3.5 0 0 0 1.5 boxjcyl4.dat
1 16 8 20 -20 -1.5 0 0 0 3.5 0 0 0 1.5 boxjcyl4.dat
1 16 10 20 -20 2 0 0 0 3.5 0 0 0 1.5 box3u8p.dat

1 16 28 20 -40 -1.5 0 0 0 3.5 0 0 0 1.5 boxjcyl4.dat
1 16 28 20 -20 -1.5 0 0 0 3.5 0 0 0 1.5 boxjcyl4.dat

1 16 20 20 -60 1 0 0 0 -1 0 0 0 1 stud4a.dat
1 16 20 20 -40 1 0 0 0 -1 0 0 0 1 stud4.dat
1 16 20 20 -20 1 0 0 0 -1 0 0 0 1 stud4.dat

2 24 34.8567 16 -60 20 16 -60
4 16 32 15.6568 -60 34.3432 15.6568 -60 34.8567 16 -60 20 16 -60
1 16 20 20 -60 7.39104 0 -3.06147 0 -6.5558 0 -3.06147 0 -7.39104 1-8cyli.dat
1 16 20 13.4442 -60 7.39104 0 -3.06147 0 -1 0 -3.06147 0 -7.39104 1-8edge.dat
5 24 23.0614 13.4442 -67.391 23.0614 20 -67.391 25.657 13.4442 -65.657 19.9999 13.4442 -68.6591
1 16 23.0616 16.7221 -71.6956 0 -1 0 0 0 3.2779 -4.3044 0 0 rect.dat
4 16 27.391 20 -63.0615 27.7016 20 -61.5 27.7017 13.4442 -61.5 27.391 13.4442 -63.0615
2 24 27.7017 13.4442 -61.5 27.391 13.4442 -63.0615
1 16 20 20 -60 8 0 0 0 -1 0 0 0 8 3-4ndis.dat
4 16 12 20 -60 8 20 -60 8 20 -52 12 20 -52
4 16 8 20 -68 8 20 -60 12 20 -60 12 20 -68
3 16 12 20 -52 8 20 -28 20 20 -52
3 16 20 20 -52 8 20 -28 28 20 -52
3 16 37 20 -58.5 28 20 -60 28 20 -52
3 16 12 20 -68 20 20 -68 23.0616 20 -76
3 16 12 20 -68 23.0616 20 -76 8 20 -68
3 16 20 20 -68 23.0616 20 -67.3912 23.0616 20 -76
3 16 12 20 -52 8 20 -52 8 20 -28
1 16 20 20 -60 8 0 0 0 -1 0 0 0 8 13-16edge.dat
1 16 20 20 -60 6 0 0 0 -1 0 0 0 6 4-4disc.dat
1 16 20 20 -60 6 0 0 0 -1 0 0 0 6 4-4edge.dat
4 16 34.8567 16 -60 40 16 -60 6 16 -14 6 16 -20
4 16 6 16 -60 6 16 -66 20 16 -80 20 16 -60
4 16 0 16 -54 6 16 -54 6 16 -26 0 16 -26
3 16 6 16 -60 20 16 -60 6 16 -54
3 16 6 16 -54 20 16 -60 6 16 -26
4 16 6 16 -26 20 16 -60 34.8567 16 -60 6 16 -20
3 16 6 16 -66 0 16 -66 20 16 -80
4 16 8 20 -52 0 20 -52 0 20 -28 8 20 -28
1 16 40 10 -76 -8.31492 0 3.44415 3.44415 0 8.31492 0 11.5 0 1-8cylo.dat
2 24 37 18.4032 -76 36.5559 18.3148 -76
2 24 36.5559 18.3148 -64.5 37 18.4032 -64.5
2 24 37 18.4032 -76 37 24 -76
4 16 23.0616 13.4442 -76 31.6851 13.4442 -76 37 18.4032 -76 23.0616 20 -76
3 16 23.0616 20 -76 37 18.4032 -76 37 24 -76
3 16 37 18.4032 -76 37 18.4032 -64.5 37 24 -76
3 16 31.6851 13.4442 -76 23.0616 13.4442 -76 31.6851 13.4442 -64.5
4 16 37 18.4032 -76 36.5559 18.3148 -76 36.5559 18.3148 -64.5 37 18.4032 -64.5
2 24 37 18.4032 -76 37 18.4032 -64.5
2 24 31.6851 13.4442 -76 23.0616 13.4442 -76
2 24 27.7017 19.9994 -61.5 27.7017 13.4442 -61.5
1 16 40 10 -61.5 -2.77164 0 1.14805 1.14805 0 2.77164 0 -3 0 1-8con3.dat
1 16 40 10 -61.5 -11.08655 0 4.5922 4.5922 0 11.08655 0 -1 0 1-8edge.dat
3 16 23.0616 13.4442 -67.3912 27.7017 13.4442 -61.5 28.6849 13.4442 -61.5
4 16 31.6851 13.4442 -64.5 23.0616 13.4442 -76 23.0616 13.4442 -67.3912 28.6849 13.4442 -61.5
2 24 28.6849 13.4442 -61.5 27.7017 13.4442 -61.5
2 24 31.6851 13.4442 -64.5 28.6849 13.4442 -61.5
2 24 37 21.4034 -61.5 37 18.4038 -64.4997
2 24 35.4076 21.0868 -61.5 37 21.4034 -61.5
2 24 28.6849 13.4442 -61.5 28.9132 14.5924 -61.5
3 16 8 20 -68 23.0616 20 -76 0 20 -68
4 16 28 20 -52 8 20 -28 8 20 -20 37 20 -58.5
3 16 37 20 -58.5 8 20 -20 8 20 -12
4 16 28 23.5 -61.5 37 23.5 -61.5 37 21.4034 -61.5 35.4076 21.0868 -61.5
2 24 35.4076 21.0868 -61.5 31.5148 18.4852 -61.5
2 24 31.5148 18.4852 -61.5 28.9132 14.5924 -61.5
4 16 31.5148 18.4852 -61.5 28.9132 14.5924 -61.5 27.7016 20 -61.5 28 20 -61.5
4 16 27.7016 20 -61.5 28.9132 14.5924 -61.5 28.6849 13.4442 -61.5 27.7017 13.4442 -61.5
3 16 28.6849 13.4442 -61.5 28.9132 14.5924 -61.5 31.6851 13.4442 -64.5
4 16 37 18.4032 -64.5 36.5557 18.3151 -64.5 35.4076 21.0868 -61.5 37 21.4034 -61.5
3 16 35.4076 21.0868 -61.5 33.7814 20 -61.5 28 23.5 -61.5
4 16 31.5148 18.4852 -61.5 28 20 -61.5 28 23.5 -61.5 33.7814 20 -61.5
2 24 37 21.4034 -61.5 37 23.5 -61.5
4 16 37 18.4032 -64.5 37 21.4034 -61.5 37 23.5 -61.5 37 24 -76
