0 ~Slope 45° 6 x 8 Double with 4 x 8 Cutout - Half Short Bottom Underpiece
0 Name: s\5120s04.dat
0 Author: Attila Tamas Zimler [atzimler]
0 !LDRAW_ORG Unofficial_Subpart
0 !LICENSE Licensed under CC BY 4.0 : see CAreadme.txt

0 BFC CERTIFY CCW

0 !HISTORY 2024-01-05 {LEGO Instructions App} Original part shape
0 !HISTORY 2024-01-05 [atzimler] File preparation for LDraw Parts Tracker

4 16 2.099 0 0 -2.211 0 0 -2.211 0 -1.25 2.099 0 -1.25
4 16 2.099 4.553 -1.25 0 3.907 -1.25 0 3.907 0 2.099 4.553 0
4 16 2.099 4.553 0 2.099 0 0 2.099 0 -1.25 2.099 4.553 -1.25
4 16 -2.211 0 -1.25 -2.211 0 0 -2.211 4.553 0 -2.211 4.553 -1.25
4 16 -2.211 4.553 0 0 3.907 0 0 3.907 -1.25 -2.211 4.553 -1.25
4 16 0 3.907 -1.25 2.099 0 -1.25 -2.211 0 -1.25 -2.211 4.553 -1.25

3 16 0 3.907 -1.25 2.099 4.553 -1.25 2.099 0 -1.25

2 24 -2.211 4.553 0 -2.211 4.553 -1.25
2 24 0 3.907 -1.25 -2.211 4.553 -1.25
2 24 2.099 4.553 -1.25 2.099 0 -1.25
2 24 -2.211 0 0 -2.211 0 -1.25
2 24 -2.211 0 -1.25 2.099 0 -1.25
2 24 2.099 4.553 -1.25 0 3.907 -1.25
2 24 2.099 4.553 -1.25 2.099 4.553 0
2 24 2.099 0 0 2.099 0 -1.25
2 24 -2.211 0 -1.25 -2.211 4.553 -1.25
