0 ~Minifig Head Sesame Street Ernie Eye Pattern
0 Name: s\70538p01s02.dat
0 Author: Fredrik Hareide [fhareide]
0 !LDRAW_ORG Unofficial_Subpart
0 !LICENSE Licensed under CC BY 4.0 : see CAreadme.txt

0 BFC CERTIFY CCW

0 // Black

3 0 4.423 -27.547 -15.491 6.261 -28.203 -14.372 4.902 -28.936 -13.699
3 0 4.423 -27.547 -15.491 4.902 -28.936 -13.699 3.711 -28.499 -14.565
4 0 4.902 -28.936 -13.699 6.261 -28.203 -14.372 5.966 -28.861 -13.148 5.319 -29.032 -13.212
4 0 6.47 -28.613 -13.248 5.966 -28.861 -13.148 6.261 -28.203 -14.372 6.81 -28.355 -13.522
3 0 4.426 -27.186 -15.677 5.019 -26.98 -15.794 4.423 -27.547 -15.491
3 0 4.169 -27.348 -15.598 4.426 -27.186 -15.677 4.423 -27.547 -15.491
4 0 6.876 -27.278 -14.997 7.021 -27.529 -14.74 6.261 -28.203 -14.372 6.432 -27.015 -15.348
3 0 4.914 -29.035 -13.301 4.57 -29.002 -13.47 4.902 -28.936 -13.699
3 0 3.932 -27.53 -15.408 4.169 -27.348 -15.598 4.423 -27.547 -15.491
4 0 4.423 -27.547 -15.491 5.019 -26.98 -15.794 5.853 -26.903 -15.607 6.261 -28.203 -14.372
4 0 7.037 -28.059 -13.797 6.81 -28.355 -13.522 6.261 -28.203 -14.372 7.08 -27.715 -14.353
4 0 3.674 -27.866 -15.08 3.932 -27.53 -15.408 4.423 -27.547 -15.491 3.622 -28.282 -14.727
4 0 3.835 -28.648 -14.216 3.711 -28.499 -14.565 4.902 -28.936 -13.699 4.183 -28.854 -13.767
3 0 4.902 -28.936 -13.699 5.319 -29.032 -13.212 4.914 -29.035 -13.301
3 0 6.261 -28.203 -14.372 5.853 -26.903 -15.607 6.432 -27.015 -15.348
3 0 7.021 -27.529 -14.74 7.08 -27.715 -14.353 6.261 -28.203 -14.372
3 0 4.423 -27.547 -15.491 3.711 -28.499 -14.565 3.622 -28.282 -14.727
3 0 4.183 -28.854 -13.767 4.902 -28.936 -13.699 4.57 -29.002 -13.47

0 // Main_Colour
3 16 5.019 -26.98 -15.794 5.68 -26.352 -16.13 5.853 -26.903 -15.607
4 16 6.432 -27.015 -15.348 5.68 -26.352 -16.13 7.31 -27.273 -14.879 6.876 -27.278 -14.997
3 16 7.31 -27.273 -14.879 5.68 -26.352 -16.13 7.14 -25.33 -16.22
3 16 8.393 -25.836 -15.302 7.31 -27.273 -14.879 7.14 -25.33 -16.22
3 16 7.31 -27.273 -14.879 8.393 -25.836 -15.302 9.441 -26.08 -14.119
3 16 8.693 -27.421 -13.206 7.31 -27.273 -14.879 9.441 -26.08 -14.119
3 16 6.81 -28.355 -13.522 7.037 -28.059 -13.797 7.368 -28.51 -12.657
4 16 7.31 -27.273 -14.879 8.693 -27.421 -13.206 7.368 -28.51 -12.657 7.037 -28.059 -13.797
3 16 2.364 -27.476 -15.144 3.674 -27.866 -15.08 3.622 -28.282 -14.727
3 16 3.711 -28.499 -14.565 2.343 -28.532 -13.936 2.364 -27.476 -15.144
3 16 3.242 -29.267 -12.555 3.835 -28.648 -14.216 4.183 -28.854 -13.767
3 16 3.242 -29.267 -12.555 2.343 -28.532 -13.936 3.711 -28.499 -14.565
4 16 5.319 -29.032 -13.212 5.836 -29.15 -12.609 4.963 -29.455 -11.614 4.914 -29.035 -13.301
4 16 4.914 -29.035 -13.301 4.963 -29.455 -11.614 3.242 -29.267 -12.555 4.57 -29.002 -13.47
3 16 4.963 -29.455 -11.614 5.836 -29.15 -12.609 6.217 -29.186 -11.264
3 16 6.217 -29.186 -11.264 5.836 -29.15 -12.609 7.368 -28.51 -12.657
3 16 7.727 -28.525 -11.193 6.217 -29.186 -11.264 7.368 -28.51 -12.657
4 16 7.727 -28.525 -11.193 7.368 -28.51 -12.657 8.693 -27.421 -13.206 9.459 -27.118 -11.875
3 16 9.469 -23.813 -15.354 9.441 -26.08 -14.119 8.393 -25.836 -15.302
3 16 9.469 -23.813 -15.354 10.571 -24.781 -13.665 9.441 -26.08 -14.119
3 16 10.571 -24.781 -13.665 10.401 -25.74 -12.788 9.441 -26.08 -14.119
3 16 10.401 -25.74 -12.788 8.693 -27.421 -13.206 9.441 -26.08 -14.119
4 16 7.473 -23.809 -16.525 9.469 -23.813 -15.354 8.393 -25.836 -15.302 7.14 -25.33 -16.22
3 16 8.693 -27.421 -13.206 10.401 -25.74 -12.788 9.459 -27.118 -11.875
3 16 6.111 -24.227 -16.823 7.473 -23.809 -16.525 7.14 -25.33 -16.22
3 16 5.68 -26.352 -16.13 6.111 -24.227 -16.823 7.14 -25.33 -16.22
3 16 5.68 -26.352 -16.13 4.44 -25.285 -16.659 6.111 -24.227 -16.823
4 16 3.932 -27.53 -15.408 2.364 -27.476 -15.144 3.017 -26.446 -16.082 4.169 -27.348 -15.598
4 16 6.47 -28.613 -13.248 7.368 -28.51 -12.657 5.836 -29.15 -12.609 5.966 -28.861 -13.148
4 16 4.44 -25.285 -16.659 5.68 -26.352 -16.13 5.019 -26.98 -15.794 4.426 -27.186 -15.677
3 16 5.319 -29.032 -13.212 5.966 -28.861 -13.148 5.836 -29.15 -12.609
4 16 3.017 -26.446 -16.082 4.44 -25.285 -16.659 4.426 -27.186 -15.677 4.169 -27.348 -15.598
3 16 6.876 -27.278 -14.997 7.31 -27.273 -14.879 7.021 -27.529 -14.74
3 16 5.68 -26.352 -16.13 6.432 -27.015 -15.348 5.853 -26.903 -15.607
3 16 7.31 -27.273 -14.879 7.08 -27.715 -14.353 7.021 -27.529 -14.74
3 16 7.08 -27.715 -14.353 7.31 -27.273 -14.879 7.037 -28.059 -13.797
3 16 3.622 -28.282 -14.727 3.711 -28.499 -14.565 2.364 -27.476 -15.144
3 16 2.364 -27.476 -15.144 3.932 -27.53 -15.408 3.674 -27.866 -15.08
3 16 3.242 -29.267 -12.555 3.711 -28.499 -14.565 3.835 -28.648 -14.216
3 16 4.183 -28.854 -13.767 4.57 -29.002 -13.47 3.242 -29.267 -12.555
3 16 7.368 -28.51 -12.657 6.47 -28.613 -13.248 6.81 -28.355 -13.522

5 24 3.711 -28.499 -14.565 2.343 -28.532 -13.936 2.364 -27.476 -15.144 3.242 -29.267 -12.555
5 24 2.364 -27.476 -15.144 3.711 -28.499 -14.565 4.423 -27.547 -15.491 2.343 -28.532 -13.936
5 24 5.836 -29.15 -12.609 7.368 -28.51 -12.657 6.217 -29.186 -11.264 6.261 -28.203 -14.372
5 24 4.423 -27.547 -15.491 4.902 -28.936 -13.699 6.261 -28.203 -14.372 3.711 -28.499 -14.565
5 24 8.693 -27.421 -13.206 7.31 -27.273 -14.879 7.368 -28.51 -12.657 9.441 -26.08 -14.119
5 24 5.68 -26.352 -16.13 7.31 -27.273 -14.879 7.14 -25.33 -16.22 6.261 -28.203 -14.372
5 24 2.364 -27.476 -15.144 4.423 -27.547 -15.491 3.017 -26.446 -16.082 3.711 -28.499 -14.565
5 24 4.423 -27.547 -15.491 3.711 -28.499 -14.565 4.902 -28.936 -13.699 2.364 -27.476 -15.144
5 24 9.441 -26.08 -14.119 8.393 -25.836 -15.302 9.469 -23.813 -15.354 7.31 -27.273 -14.879
5 24 6.261 -28.203 -14.372 4.902 -28.936 -13.699 4.423 -27.547 -15.491 5.836 -29.15 -12.609
5 24 8.393 -25.836 -15.302 7.14 -25.33 -16.22 7.31 -27.273 -14.879 7.473 -23.809 -16.525
5 24 6.261 -28.203 -14.372 5.68 -26.352 -16.13 4.423 -27.547 -15.491 7.31 -27.273 -14.879
5 24 7.31 -27.273 -14.879 6.261 -28.203 -14.372 5.68 -26.352 -16.13 7.368 -28.51 -12.657
5 24 10.571 -24.781 -13.665 9.441 -26.08 -14.119 10.401 -25.74 -12.788 9.469 -23.813 -15.354
5 24 6.261 -28.203 -14.372 4.423 -27.547 -15.491 5.68 -26.352 -16.13 4.902 -28.936 -13.699
5 24 7.14 -25.33 -16.22 5.68 -26.352 -16.13 7.31 -27.273 -14.879 6.111 -24.227 -16.823
5 24 6.217 -29.186 -11.264 5.836 -29.15 -12.609 4.963 -29.455 -11.614 7.368 -28.51 -12.657
5 24 4.44 -25.285 -16.659 5.68 -26.352 -16.13 4.423 -27.547 -15.491 6.111 -24.227 -16.823
5 24 7.368 -28.51 -12.657 8.693 -27.421 -13.206 7.727 -28.525 -11.193 7.31 -27.273 -14.879
5 24 3.711 -28.499 -14.565 3.242 -29.267 -12.555 4.902 -28.936 -13.699 2.343 -28.532 -13.936
5 24 9.441 -26.08 -14.119 9.469 -23.813 -15.354 8.393 -25.836 -15.302 10.571 -24.781 -13.665
5 24 9.441 -26.08 -14.119 10.401 -25.74 -12.788 10.571 -24.781 -13.665 8.693 -27.421 -13.206
5 24 8.393 -25.836 -15.302 7.31 -27.273 -14.879 9.441 -26.08 -14.119 7.14 -25.33 -16.22
5 24 5.836 -29.15 -12.609 4.963 -29.455 -11.614 6.217 -29.186 -11.264 4.902 -28.936 -13.699
5 24 7.368 -28.51 -12.657 6.217 -29.186 -11.264 7.727 -28.525 -11.193 5.836 -29.15 -12.609
5 24 3.017 -26.446 -16.082 4.423 -27.547 -15.491 4.44 -25.285 -16.659 2.364 -27.476 -15.144
5 24 6.111 -24.227 -16.823 7.14 -25.33 -16.22 7.473 -23.809 -16.525 5.68 -26.352 -16.13
5 24 7.31 -27.273 -14.879 7.14 -25.33 -16.22 5.68 -26.352 -16.13 8.393 -25.836 -15.302
5 24 7.31 -27.273 -14.879 9.441 -26.08 -14.119 8.393 -25.836 -15.302 8.693 -27.421 -13.206
5 24 4.423 -27.547 -15.491 4.44 -25.285 -16.659 5.68 -26.352 -16.13 3.017 -26.446 -16.082
5 24 3.711 -28.499 -14.565 4.902 -28.936 -13.699 4.423 -27.547 -15.491 3.242 -29.267 -12.555
5 24 4.902 -28.936 -13.699 3.242 -29.267 -12.555 3.711 -28.499 -14.565 4.963 -29.455 -11.614
5 24 8.693 -27.421 -13.206 9.441 -26.08 -14.119 10.401 -25.74 -12.788 7.31 -27.273 -14.879
5 24 5.836 -29.15 -12.609 6.261 -28.203 -14.372 4.902 -28.936 -13.699 7.368 -28.51 -12.657
5 24 10.401 -25.74 -12.788 8.693 -27.421 -13.206 9.441 -26.08 -14.119 9.459 -27.118 -11.875
5 24 7.727 -28.525 -11.193 7.368 -28.51 -12.657 8.693 -27.421 -13.206 6.217 -29.186 -11.264
5 24 5.68 -26.352 -16.13 4.423 -27.547 -15.491 6.261 -28.203 -14.372 4.44 -25.285 -16.659
5 24 4.902 -28.936 -13.699 4.963 -29.455 -11.614 5.836 -29.15 -12.609 3.242 -29.267 -12.555
5 24 4.902 -28.936 -13.699 5.836 -29.15 -12.609 6.261 -28.203 -14.372 4.963 -29.455 -11.614
5 24 7.14 -25.33 -16.22 7.473 -23.809 -16.525 6.111 -24.227 -16.823 8.393 -25.836 -15.302
5 24 5.68 -26.352 -16.13 6.111 -24.227 -16.823 4.44 -25.285 -16.659 7.14 -25.33 -16.22
5 24 9.459 -27.118 -11.875 8.693 -27.421 -13.206 10.401 -25.74 -12.788 7.727 -28.525 -11.193
5 24 7.368 -28.51 -12.657 6.261 -28.203 -14.372 7.31 -27.273 -14.879 5.836 -29.15 -12.609
5 24 8.393 -25.836 -15.302 9.469 -23.813 -15.354 9.441 -26.08 -14.119 7.473 -23.809 -16.525
