0 ~Minifig Head Sesame Street Ernie Nose Half
0 Name: s\70538s04.dat
0 Author: Fredrik Hareide [fhareide]
0 !LDRAW_ORG Unofficial_Subpart
0 !LICENSE Licensed under CC BY 4.0 : see CAreadme.txt

0 BFC CERTIFY CCW

3 16 0 -18.217 -22.65 1.482 -19.749 -24.071 0 -19.597 -24.302
3 16 1.571 -18.504 -22.51 1.482 -19.749 -24.071 0 -18.217 -22.65
4 16 1.571 -18.504 -22.51 0 -18.217 -22.65 0 -17.36 -20.344 1.622 -17.691 -20.27
3 16 1.482 -19.749 -24.071 1.571 -18.504 -22.51 2.545 -20.047 -23.642
3 16 1.571 -18.504 -22.51 2.981 -19.317 -22.189 2.545 -20.047 -23.642
4 16 2.981 -19.317 -22.189 1.571 -18.504 -22.51 1.622 -17.691 -20.27 3.183 -18.604 -19.982
3 16 3.869 -20.813 -21.797 2.916 -21.201 -23.766 2.545 -20.047 -23.642
3 16 2.981 -19.317 -22.189 3.869 -20.813 -21.797 2.545 -20.047 -23.642
3 16 3.09 -22.855 -23.645 2.916 -21.201 -23.766 3.869 -20.813 -21.797
3 16 4.171 -22.694 -21.384 3.09 -22.855 -23.645 3.869 -20.813 -21.797
3 16 3.09 -22.855 -23.645 4.171 -22.694 -21.384 2.804 -24.475 -23.019
3 16 4.171 -22.694 -21.384 3.62 -24.557 -20.657 2.804 -24.475 -23.019
3 16 2.804 -24.475 -23.019 3.62 -24.557 -20.657 2.357 -25.489 -22.311
3 16 3.62 -24.557 -20.657 2.606 -25.828 -20.116 2.357 -25.489 -22.311
3 16 2.606 -25.828 -20.116 3.62 -24.557 -20.657 3.991 -24.751 -17.11
3 16 2.764 -26.082 -16.402 2.606 -25.828 -20.116 3.991 -24.751 -17.11
3 16 3.62 -24.557 -20.657 4.171 -22.694 -21.384 4.713 -22.617 -18.279
3 16 3.991 -24.751 -17.11 3.62 -24.557 -20.657 4.713 -22.617 -18.279
3 16 4.171 -22.694 -21.384 3.869 -20.813 -21.797 4.367 -20.483 -19.278
3 16 4.713 -22.617 -18.279 4.171 -22.694 -21.384 4.367 -20.483 -19.278
4 16 3.869 -20.813 -21.797 2.981 -19.317 -22.189 3.183 -18.604 -19.982 4.367 -20.483 -19.278
4 16 1.354 -26.701 -16.017 0 -26.941 -15.806 0 -26.672 -19.945 1.37 -26.437 -19.969
4 16 1.37 -26.437 -19.969 0 -26.672 -19.945 0 -26.067 -22.708 1.39 -25.851 -22.58
3 16 1.37 -26.437 -19.969 2.764 -26.082 -16.402 1.354 -26.701 -16.017
3 16 2.606 -25.828 -20.116 2.764 -26.082 -16.402 1.37 -26.437 -19.969
3 16 1.37 -26.437 -19.969 2.357 -25.489 -22.311 2.606 -25.828 -20.116
3 16 1.39 -25.851 -22.58 2.357 -25.489 -22.311 1.37 -26.437 -19.969
4 16 1.39 -25.851 -22.58 0 -26.067 -22.708 0 -24.761 -24.107 1.546 -24.638 -23.813
3 16 1.546 -24.638 -23.813 2.357 -25.489 -22.311 1.39 -25.851 -22.58
3 16 2.804 -24.475 -23.019 2.357 -25.489 -22.311 1.546 -24.638 -23.813
3 16 1.546 -24.638 -23.813 3.09 -22.855 -23.645 2.804 -24.475 -23.019
3 16 1.627 -22.919 -24.571 3.09 -22.855 -23.645 1.546 -24.638 -23.813
4 16 0 -24.761 -24.107 0 -22.947 -24.914 1.627 -22.919 -24.571 1.546 -24.638 -23.813
3 16 2.916 -21.201 -23.766 3.09 -22.855 -23.645 1.627 -22.919 -24.571
3 16 2.916 -21.201 -23.766 1.627 -22.919 -24.571 1.578 -21.207 -24.561
3 16 2.545 -20.047 -23.642 2.916 -21.201 -23.766 1.578 -21.207 -24.561
3 16 2.545 -20.047 -23.642 1.578 -21.207 -24.561 1.482 -19.749 -24.071
4 16 1.578 -21.207 -24.561 1.627 -22.919 -24.571 0 -22.947 -24.914 0 -21.183 -24.879
3 16 1.578 -21.207 -24.561 0 -21.183 -24.879 1.482 -19.749 -24.071
3 16 0 -21.183 -24.879 0 -19.597 -24.302 1.482 -19.749 -24.071

5 24 1.482 -19.749 -24.071 0 -21.183 -24.879 0 -19.597 -24.302 1.578 -21.207 -24.561
5 24 0 -19.597 -24.302 1.482 -19.749 -24.071 0 -21.183 -24.879 0 -18.217 -22.65
5 24 1.627 -22.919 -24.571 1.578 -21.207 -24.561 2.916 -21.201 -23.766 0 -22.947 -24.914
5 24 1.37 -26.437 -19.969 2.764 -26.082 -16.402 1.354 -26.701 -16.017 2.606 -25.828 -20.116
5 24 1.482 -19.749 -24.071 0 -18.217 -22.65 0 -19.597 -24.302 1.571 -18.504 -22.51
5 24 3.09 -22.855 -23.645 1.546 -24.638 -23.813 2.804 -24.475 -23.019 1.627 -22.919 -24.571
5 24 3.09 -22.855 -23.645 3.869 -20.813 -21.797 2.916 -21.201 -23.766 4.171 -22.694 -21.384
5 24 2.606 -25.828 -20.116 3.991 -24.751 -17.11 3.62 -24.557 -20.657 2.764 -26.082 -16.402
5 24 2.981 -19.317 -22.189 3.869 -20.813 -21.797 3.183 -18.604 -19.982 2.545 -20.047 -23.642
5 24 1.578 -21.207 -24.561 2.916 -21.201 -23.766 2.545 -20.047 -23.642 1.627 -22.919 -24.571
5 24 2.764 -26.082 -16.402 2.606 -25.828 -20.116 1.37 -26.437 -19.969 3.991 -24.751 -17.11
5 24 3.869 -20.813 -21.797 4.171 -22.694 -21.384 4.367 -20.483 -19.278 3.09 -22.855 -23.645
5 24 0 -18.217 -22.65 1.571 -18.504 -22.51 1.482 -19.749 -24.071 0 -17.36 -20.344
5 24 1.39 -25.851 -22.58 2.357 -25.489 -22.311 1.37 -26.437 -19.969 1.546 -24.638 -23.813
5 24 0 -22.947 -24.914 1.627 -22.919 -24.571 0 -24.761 -24.107 1.578 -21.207 -24.561
5 24 2.981 -19.317 -22.189 1.571 -18.504 -22.51 1.622 -17.691 -20.27 2.545 -20.047 -23.642
5 24 3.869 -20.813 -21.797 2.545 -20.047 -23.642 2.916 -21.201 -23.766 2.981 -19.317 -22.189
5 24 3.62 -24.557 -20.657 2.606 -25.828 -20.116 2.357 -25.489 -22.311 3.991 -24.751 -17.11
5 24 1.37 -26.437 -19.969 2.357 -25.489 -22.311 1.39 -25.851 -22.58 2.606 -25.828 -20.116
5 24 4.171 -22.694 -21.384 4.713 -22.617 -18.279 4.367 -20.483 -19.278 3.62 -24.557 -20.657
5 24 1.37 -26.437 -19.969 1.354 -26.701 -16.017 2.764 -26.082 -16.402 0 -26.672 -19.945
5 24 3.62 -24.557 -20.657 4.713 -22.617 -18.279 4.171 -22.694 -21.384 3.991 -24.751 -17.11
5 24 1.571 -18.504 -22.51 1.482 -19.749 -24.071 2.545 -20.047 -23.642 0 -18.217 -22.65
5 24 0 -26.672 -19.945 1.37 -26.437 -19.969 1.354 -26.701 -16.017 0 -26.067 -22.708
5 24 3.62 -24.557 -20.657 3.991 -24.751 -17.11 4.713 -22.617 -18.279 2.606 -25.828 -20.116
5 24 2.804 -24.475 -23.019 4.171 -22.694 -21.384 3.09 -22.855 -23.645 3.62 -24.557 -20.657
5 24 2.804 -24.475 -23.019 3.09 -22.855 -23.645 1.546 -24.638 -23.813 4.171 -22.694 -21.384
5 24 0 -26.067 -22.708 1.39 -25.851 -22.58 1.37 -26.437 -19.969 0 -24.761 -24.107
5 24 4.171 -22.694 -21.384 3.62 -24.557 -20.657 2.804 -24.475 -23.019 4.713 -22.617 -18.279
5 24 1.546 -24.638 -23.813 1.39 -25.851 -22.58 2.357 -25.489 -22.311 0 -24.761 -24.107
5 24 1.39 -25.851 -22.58 1.37 -26.437 -19.969 2.357 -25.489 -22.311 0 -26.067 -22.708
5 24 2.357 -25.489 -22.311 3.62 -24.557 -20.657 2.804 -24.475 -23.019 2.606 -25.828 -20.116
5 24 1.571 -18.504 -22.51 1.622 -17.691 -20.27 2.981 -19.317 -22.189 0 -17.36 -20.344
5 24 3.183 -18.604 -19.982 2.981 -19.317 -22.189 1.622 -17.691 -20.27 3.869 -20.813 -21.797
5 24 2.916 -21.201 -23.766 2.545 -20.047 -23.642 1.578 -21.207 -24.561 3.869 -20.813 -21.797
5 24 1.578 -21.207 -24.561 1.482 -19.749 -24.071 0 -21.183 -24.879 2.545 -20.047 -23.642
5 24 2.981 -19.317 -22.189 2.545 -20.047 -23.642 1.571 -18.504 -22.51 3.869 -20.813 -21.797
5 24 1.546 -24.638 -23.813 1.627 -22.919 -24.571 3.09 -22.855 -23.645 0 -24.761 -24.107
5 24 1.546 -24.638 -23.813 2.804 -24.475 -23.019 2.357 -25.489 -22.311 3.09 -22.855 -23.645
5 24 0 -21.183 -24.879 1.578 -21.207 -24.561 1.482 -19.749 -24.071 0 -22.947 -24.914
5 24 2.357 -25.489 -22.311 1.546 -24.638 -23.813 1.39 -25.851 -22.58 2.804 -24.475 -23.019
5 24 2.916 -21.201 -23.766 1.627 -22.919 -24.571 3.09 -22.855 -23.645 1.578 -21.207 -24.561
5 24 3.869 -20.813 -21.797 2.916 -21.201 -23.766 2.545 -20.047 -23.642 3.09 -22.855 -23.645
5 24 3.09 -22.855 -23.645 2.916 -21.201 -23.766 3.869 -20.813 -21.797 1.627 -22.919 -24.571
5 24 0 -24.761 -24.107 1.546 -24.638 -23.813 1.627 -22.919 -24.571 1.39 -25.851 -22.58
5 24 1.627 -22.919 -24.571 3.09 -22.855 -23.645 1.546 -24.638 -23.813 2.916 -21.201 -23.766
5 24 2.545 -20.047 -23.642 1.482 -19.749 -24.071 1.571 -18.504 -22.51 1.578 -21.207 -24.561
5 24 3.869 -20.813 -21.797 4.367 -20.483 -19.278 3.183 -18.604 -19.982 4.171 -22.694 -21.384
5 24 2.545 -20.047 -23.642 1.578 -21.207 -24.561 2.916 -21.201 -23.766 1.482 -19.749 -24.071
5 24 4.171 -22.694 -21.384 4.367 -20.483 -19.278 3.869 -20.813 -21.797 4.713 -22.617 -18.279
5 24 4.171 -22.694 -21.384 3.09 -22.855 -23.645 3.869 -20.813 -21.797 2.804 -24.475 -23.019
5 24 2.606 -25.828 -20.116 1.37 -26.437 -19.969 2.357 -25.489 -22.311 2.764 -26.082 -16.402
5 24 2.606 -25.828 -20.116 2.357 -25.489 -22.311 3.62 -24.557 -20.657 1.37 -26.437 -19.969
5 24 2.357 -25.489 -22.311 2.804 -24.475 -23.019 1.546 -24.638 -23.813 3.62 -24.557 -20.657
5 24 3.62 -24.557 -20.657 2.804 -24.475 -23.019 2.357 -25.489 -22.311 4.171 -22.694 -21.384
5 24 1.571 -18.504 -22.51 2.545 -20.047 -23.642 2.981 -19.317 -22.189 1.482 -19.749 -24.071
5 24 0 -21.183 -24.879 0 -19.597 -24.302 -1.482 -19.749 -24.071 1.482 -19.749 -24.071
5 24 0 -26.067 -22.708 0 -24.761 -24.107 -1.39 -25.851 -22.58 1.39 -25.851 -22.58
5 24 0 -24.761 -24.107 0 -22.947 -24.914 -1.627 -22.919 -24.571 1.627 -22.919 -24.571
5 24 0 -22.947 -24.914 0 -21.183 -24.879 -1.578 -21.207 -24.561 1.578 -21.207 -24.561
5 24 0 -18.217 -22.65 0 -17.36 -20.344 -1.571 -18.504 -22.51 1.571 -18.504 -22.51
5 24 0 -19.597 -24.302 0 -18.217 -22.65 -1.482 -19.749 -24.071 1.482 -19.749 -24.071
5 24 0 -26.941 -15.806 0 -26.672 -19.945 -1.354 -26.701 -16.017 1.354 -26.701 -16.017
5 24 0 -26.672 -19.945 0 -26.067 -22.708 1.37 -26.437 -19.969 -1.37 -26.437 -19.969
