0 ~Animal Kitten standing - eyes
0 Name: s\80686s03.dat
0 Author: Dario Folliero [dariofol]
0 !LDRAW_ORG Unofficial_Subpart
0 !LICENSE Licensed under CC BY 4.0 : see CAreadme.txt

0 BFC CERTIFY CCW

3 16 -6.298 -30.699 -13.192 -4.785 -29.719 -14.761 -3.331 -31.114 -14.748
3 16 -3.331 -31.114 -14.748 -4.785 -29.719 -14.761 -3.505 -28.719 -16.453
3 16 -6.298 -30.699 -13.192 -3.331 -31.114 -14.748 -4.416 -32.773 -13.12
3 16 -1.899 -32.322 -14.681 -2.097 -33.857 -13.395 -4.416 -32.773 -13.12
3 16 -4.416 -32.773 -13.12 -3.331 -31.114 -14.748 -1.899 -32.322 -14.681
3 16 -3.331 -31.114 -14.748 -1.591 -30.16 -16.494 -1.899 -32.322 -14.681
3 16 -3.331 -31.114 -14.748 -3.505 -28.719 -16.453 -1.591 -30.16 -16.494
