0 Technic Suspension Arm  4 x  6 Triangular
0 Name: 5294.dat
0 Author: Philippe Hurbain [Philo]
0 !LDRAW_ORG Unofficial_Part
0 !LICENSE Licensed under CC BY 4.0 : see CAreadme.txt

0 BFC CERTIFY CCW

0 !KEYWORDS Wishbone

0 !HISTORY 2024-03-16 {LEGO Instructions App} Original part shape
0 !HISTORY 2024-03-18 [Philo] File preparation for LDraw Parts Tracker

1 16 0 0 0 1 0 0 0 1 0 0 0 1 s\5294s01.dat
1 16 0 0 0 -1 0 0 0 1 0 0 0 1 s\5294s01.dat
2 24 -20 -4 -8.1797 20 -4 -8.1797
4 16 -20 -4 -8.1797 20 -4 -8.1797 15 -6.5053 -6.5053 -15 -6.5053 -6.5053
5 24 -15 -6.5053 -6.5053 15 -6.5053 -6.5053 20 -4 -8.1797 15 -8.4999 -3.5208
2 24 20 4 -8.1797 -20 4 -8.1797
4 16 15 6.5053 -6.5053 20 4 -8.1797 -20 4 -8.1797 -15 6.5053 -6.5053
2 24 -15 6.5053 6.5053 15 6.5053 6.5053
2 24 15 6.5053 -6.5053 -15 6.5053 -6.5053
2 24 15 5 5.5 -15 5 5.5
4 16 15 5 5.5 15 0 5.5 -15 0 5.5 -15 5 5.5
4 16 15 5 5.5 -15 5 5.5 -15 6.5053 6.5053 15 6.5053 6.5053
2 24 -15 5 -5.5 15 5 -5.5
4 16 -15 0 -5.5 15 0 -5.5 15 5 -5.5 -15 5 -5.5
4 16 -15 6.5053 -6.5053 -15 5 -5.5 15 5 -5.5 15 6.5053 -6.5053
4 16 15 -4.6195 -2.1049 -15 -4.6195 -2.1049 -15 -4.6195 2.1049 15 -4.6195 2.1049
1 16 -15 0 0 0 30 0 0 0 -9.2 9.2 0 0 3-8cyli.dat
1 16 -15 0 0 0 30 0 0 0 9.2 9.2 0 0 1-8cyli.dat
0 BFC INVERTNEXT
1 16 -15 0 0 0 30 0 0 0 -5 5.5 0 0 3-16cylo.dat
0 BFC INVERTNEXT
1 16 -15 0 0 0 30 0 0 0 -5 -5.5 0 0 3-16cylo.dat
2 24 -20.6794 1.5308 -20 20.6794 1.5308 -20
2 24 12 1.5308 -13 -12 1.5308 -13
4 16 12 1.5308 -17.6 -12 1.5308 -17.6 -12 1.5308 -13 12 1.5308 -13
4 16 12 1.5308 -17.6 20.6794 1.5308 -20 -20.6794 1.5308 -20 -12 1.5308 -17.6
4 16 12 1.5308 -13 -12 1.5308 -13 -12 4 -13 12 4 -13
4 16 -20 4 -10 20 4 -10 12 4 -13 -12 4 -13
4 16 20 4 -10 -20 4 -10 -20 4 -8.1797 20 4 -8.1797
2 24 -12 4 -13 12 4 -13
2 24 20.6794 -1.5308 -20 -20.6794 -1.5308 -20
2 24 -12 -1.5308 -13 12 -1.5308 -13
4 16 -12 -1.5308 -13 -12 -1.5308 -17.6 12 -1.5308 -17.6 12 -1.5308 -13
4 16 -20.6794 -1.5308 -20 20.6794 -1.5308 -20 12 -1.5308 -17.6 -12 -1.5308 -17.6
4 16 -12 -4 -13 -12 -1.5308 -13 12 -1.5308 -13 12 -4 -13
4 16 12 -4 -13 20 -4 -10 -20 -4 -10 -12 -4 -13
4 16 -20 -4 -8.1797 -20 -4 -10 20 -4 -10 20 -4 -8.1797
2 24 12 -4 -13 -12 -4 -13
4 16 20.6794 -1.5308 -20 -20.6794 -1.5308 -20 -20.6794 1.5308 -20 20.6794 1.5308 -20
