0 Minifig Torso with Three Piece Suit over Dark Orange Polka Dot Tie Pattern
0 Name: 973pdg9.dat
0 Author: Magnus Forsberg [MagFors]
0 !LDRAW_ORG Unofficial_Part
0 !LICENSE Licensed under CC BY 4.0 : see CAreadme.txt

0 BFC CERTIFY CCW

0 !KEYWORDS Bricklink 973pb4703c01, CMF, set 71033, The Muppets, Waldorf

1 16 0 0 0 1 0 0 0 1 0 0 0 1 s\973s01.dat
4 16 19 29 10 19 32 10 -19 32 10 -19 29 10
4 16 -14.345 2 10 14.345 2 10 19 29 10 -19 29 10
4 16 -14.345 2 10 -12 0 10 12 0 10 14.345 2 10
1 15 0 -4 0 4.243 0 -4.243 0 -8 0 -4.243 0 -4.243 1-4cyli.dat

4 0 6.95 0.975 -10 6.725 0.975 -10 6.625 1.05 -10 7.175 1.05 -10
4 0 7.175 1.05 -10 6.625 1.05 -10 6.65 1.925 -10 7.25 2.025 -10
4 0 7.25 2.025 -10 6.65 1.925 -10 6.65 3.15 -10 7.3 3 -10
4 0 7.3 3 -10 6.65 3.15 -10 6.65 3.975 -10 7.35 3.8 -10
4 0 7.4 4.7 -10 7.35 3.8 -10 6.65 3.975 -10 6.7 4.95 -10
4 0 7.4 4.7 -10 6.7 4.95 -10 6.7 5.75 -10 7.375 5.625 -10
4 0 7.375 5.625 -10 6.7 5.75 -10 6.725 6.85 -10 7.4 6.825 -10
4 0 7.4 6.825 -10 6.725 6.85 -10 6.75 7.525 -10 7.4 7.45 -10
4 0 7.4 7.45 -10 6.75 7.525 -10 6.65 8.6 -10 7.425 8.6 -10
4 0 7.425 8.6 -10 6.65 8.6 -10 6.7 9.775 -10 7.475 9.8 -10
4 0 7.475 9.8 -10 6.7 9.775 -10 6.725 11 -10 7.55 11.075 -10
4 0 7.55 11.075 -10 6.725 11 -10 6.825 12.95 -10 7.625 13 -10
4 0 7.625 13 -10 6.825 12.95 -10 6.95 15.075 -10 7.75 15 -10
4 0 7.75 15 -10 6.95 15.075 -10 7.15 17.025 -10 7.95 17.025 -10
4 0 7.95 17.025 -10 7.15 17.025 -10 7.35 19.05 -10 8.125 18.975 -10
4 0 8.125 18.975 -10 7.35 19.05 -10 7.55 20.6 -10 8.3 20.85 -10
4 0 8.3 20.85 -10 7.55 20.6 -10 7.7 21.75 -10 9.1 21.825 -10
4 0 9.1 21.825 -10 7.7 21.75 -10 7.85 22.625 -10 9.05 22.45 -10
4 0 9.05 22.45 -10 7.85 22.625 -10 8.025 23.3 -10 9.05 23.125 -10
4 0 9.05 23.125 -10 8.025 23.3 -10 8.325 23.975 -10 9.1 23.725 -10
4 0 9.1 23.725 -10 8.325 23.975 -10 8.625 24.65 -10 9.3 24.35 -10
4 0 9.3 24.35 -10 8.625 24.65 -10 8.625 25.625 -10 9.6 24.9 -10
4 0 9.6 24.9 -10 8.625 25.625 -10 9.15 26.1 -10 10.075 25.525 -10
4 0 10.075 25.525 -10 9.15 26.1 -10 9.7 26.6 -10 10.65 26.35 -10
4 0 10.65 26.35 -10 9.7 26.6 -10 10.3 27.2 -10 11.25 27.075 -10
4 0 11.25 27.075 -10 10.3 27.2 -10 10.875 27.775 -10 12 27.85 -10
4 0 12 27.85 -10 10.875 27.775 -10 11.85 28.7 -10 12.95 28.7 -10
4 0 12.95 28.7 -10 11.85 28.7 -10 12.95 29.825 -10 14 29.375 -10
4 0 14 29.375 -10 12.95 29.825 -10 13.775 30.75 -10 15.25 30.025 -10
4 0 15.25 30.025 -10 13.775 30.75 -10 14.375 31.5 -10 16.325 30.45 -10
4 0 17.35 30.8 -10 16.325 30.45 -10 14.375 31.5 -10 18 31.5 -10
3 0 17.35 30.8 -10 18 31.5 -10 18 30.975 -10
4 0 8.65 19.9 -10 8.45 20.875 -10 9.1 21.825 -10 9.3 20.625 -10
4 0 8.825 18.875 -10 8.65 19.9 -10 9.3 20.625 -10 9.55 19.3 -10
4 0 9.1 17.95 -10 8.825 18.875 -10 9.55 19.3 -10 9.8 18.2 -10
4 0 9.4 17 -10 9.1 17.95 -10 9.8 18.2 -10 10.15 17.15 -10
4 0 9.825 16 -10 9.4 17 -10 10.15 17.15 -10 10.6 16.075 -10
4 0 10.4 14.625 -10 9.825 16 -10 10.6 16.075 -10 11.15 14.75 -10
4 0 11.05 13.125 -10 10.4 14.625 -10 11.15 14.75 -10 11.85 13.25 -10
4 0 11.575 11.9 -10 11.05 13.125 -10 11.85 13.25 -10 12.45 11.7 -10
4 0 12.2 10.275 -10 11.575 11.9 -10 12.45 11.7 -10 13.1 9.95 -10
4 0 12.8 8.725 -10 12.2 10.275 -10 13.1 9.95 -10 13.6 8.5 -10
4 0 12.925 8.15 -10 12.8 8.725 -10 13.6 8.5 -10 13.7 7.7 -10
4 0 12.925 7.8 -10 12.925 8.15 -10 13.7 7.7 -10 13.65 7.325 -10
4 0 12.85 7.55 -10 12.925 7.8 -10 13.65 7.325 -10 13.4 7 -10
4 0 12.6 7.325 -10 12.85 7.55 -10 13.4 7 -10 12.825 6.65 -10
4 0 12.05 7.075 -10 12.6 7.325 -10 12.825 6.65 -10 12.1 6.3 -10
4 0 11.125 6.7 -10 12.05 7.075 -10 12.1 6.3 -10 10.872 5.77833 -10
4 0 9.95 6.2 -10 11.125 6.7 -10 10.872 5.77833 -10 10.70495 5.71128 -10
4 0 9.95 6.2 -10 10.70495 5.71128 -10 9.85 5.1 -10 9.575 5.225 -10
4 0 9.025 5.725 -10 9.95 6.2 -10 9.575 5.225 -10 9.35 5.15 -10
4 0 8.2 5.25 -10 9.025 5.725 -10 9.35 5.15 -10 8.4 4.5 -10
4 0 7.4 4.7 -10 8.2 5.25 -10 8.4 4.5 -10 7.35 3.8 -10
4 0 10.425 4.85 -10 10.73723 5.55355 -10 11.6 5.1 -10 11.325 4.4 -10
4 0 11.325 4.4 -10 11.6 5.1 -10 12.45 4.675 -10 11.95 4.025 -10
4 0 11.95 4.025 -10 12.45 4.675 -10 12.9 4.375 -10 11.95 3.85 -10
4 0 11.95 3.85 -10 12.9 4.375 -10 12.95 4.125 -10 12.825 3.825 -10
4 0 11.95 3.85 -10 12.825 3.825 -10 12.45 3.125 -10 11.55 3.075 -10
4 0 11.55 3.075 -10 12.45 3.125 -10 11.7 1.925 -10 10.925 2 -10
4 0 10.925 2 -10 11.7 1.925 -10 11.2 1 -10 10.525 1.275 -10
4 0 10.525 1.275 -10 11.2 1 -10 10.95 0.925 -10 10.6 1.025 -10
4 0 10.73723 5.55355 -10 10.425 4.85 -10 9.85 5.1 -10 10.70495 5.71128 -10
3 0 8.3 20.85 -10 9.1 21.825 -10 8.45 20.875 -10
4 0 6.175 9.025 -10 6.075 8.125 -10 5.175 8.975 -10 5.325 9.825 -10
4 0 5.325 9.825 -10 5.175 8.975 -10 4.35 9.725 -10 4.425 10.6 -10
4 0 4.425 10.6 -10 4.35 9.725 -10 3.738 10.188 -10 3.575 11.25 -10
4 0 3.575 11.25 -10 3.738 10.188 -10 3.05 10.725 -10 2.675 11.825 -10
4 0 2.675 11.825 -10 3.05 10.725 -10 2.05 11.325 -10 1.775 12.3 -10
4 0 1.775 12.3 -10 2.05 11.325 -10 1 11.875 -10 1 12.675 -10
4 0 1 12.675 -10 1 11.875 -10 -0.00187 12.32313 -10 0.225 12.975 -10
4 0 6.15 6.65 -10 6.2 5.525 -10 5.7 5.225 -10 5.425 6.25 -10
4 0 5.425 6.25 -10 5.7 5.225 -10 5.15 4.825 -10 4.8 5.625 -10
4 0 4.8 5.625 -10 5.15 4.825 -10 4.6 4.275 -10 4.125 4.925 -10
4 0 4.125 4.925 -10 4.6 4.275 -10 3.95 3.625 -10 3.525 4.225 -10
4 0 3.525 4.225 -10 3.95 3.625 -10 3.25 2.9 -10 2.975 3.6 -10
4 0 2.975 3.6 -10 3.25 2.9 -10 2.75 2.325 -10 2.425 3.025 -10
4 0 2.425 3.025 -10 2.75 2.325 -10 2.25 1.75 -10 1.7 2.475 -10
4 0 1.7 2.475 -10 2.25 1.75 -10 1.8 1.3 -10 1.15 2 -10
4 0 1.15 2 -10 1.8 1.3 -10 1.3 1 -10 0.97706 1.89803 -10
4 0 0.7 1.725 -10 1.3 1 -10 0.825 0.825 -10 0.325 1.65 -10
4 0 0.325 1.65 -10 0.825 0.825 -10 0.25 0.725 -10 0.25446 1.63824 -10
4 0 2.7 4.075 -10 2.2 3.55 -10 1.95 4.2 -10 2.475 4.725 -10
4 0 2.475 4.725 -10 1.95 4.2 -10 1.75 4.725 -10 2.325 5.225 -10
4 0 2.325 5.225 -10 1.75 4.725 -10 1.65 5.175 -10 2.525 5.725 -10
4 0 2.525 5.725 -10 1.65 5.175 -10 1.825 5.85 -10 2.775 6.225 -10
4 0 2.775 6.225 -10 1.825 5.85 -10 2.15 6.425 -10 3.075 6.925 -10
4 0 3.25 7.525 -10 3.075 6.925 -10 2.4 7.05 -10 2.59813 7.77313 -10
4 0 3.425 8.275 -10 3.25 7.525 -10 2.59813 7.77313 -10 2.775 8.6 -10
4 0 3.575 8.925 -10 3.425 8.275 -10 2.775 8.6 -10 2.95 9.525 -10
4 0 3.675 9.625 -10 3.575 8.925 -10 2.95 9.525 -10 3.05 10.725 -10
3 0 3.675 9.625 -10 3.05 10.725 -10 3.738 10.188 -10
4 0 1.15 5.875 -10 1.075 5.275 -10 0.475 5.325 -10 0.575 5.925 -10
4 0 0.575 5.925 -10 0.475 5.325 -10 0 5.325 -10 0 5.925 -10
4 0 1.65 5.175 -10 1.075 5.275 -10 1.15 5.875 -10 1.825 5.85 -10
4 0 2.975 3.6 -10 2.425 3.025 -10 2.2 3.55 -10 2.7 4.075 -10
4 0 6.7 5.75 -10 6.2 5.525 -10 6.15 6.65 -10 6.725 6.85 -10
4 0 6.65 8.6 -10 6.75 7.525 -10 6.075 8.125 -10 6.175 9.025 -10
4 0 -7.01768 0.85727 -10 -7.12607 0.79502 -10 -7.34939 0.82244 -10 -7.56358 0.9243 -10
4 0 -6.93585 1.7288 -10 -7.01768 0.85727 -10 -7.56358 0.9243 -10 -7.5192 1.90117 -10
4 0 -6.78656 2.94467 -10 -6.93585 1.7288 -10 -7.5192 1.90117 -10 -7.45 2.875 -10
4 0 -6.65 3.975 -10 -6.78656 2.94467 -10 -7.45 2.875 -10 -7.425 3.75 -10
4 0 -6.65 3.975 -10 -7.425 3.75 -10 -7.4 4.575 -10 -6.55 5.05 -10
4 0 -6.42284 6.34836 -10 -6.55 5.05 -10 -7.4 4.575 -10 -7.225 6.175 -10
4 0 -6.26514 7.89278 -10 -6.42284 6.34836 -10 -7.225 6.175 -10 -7.1 7.5 -10
3 0 -7.1 7.5 -10 -6.24744 8.28767 -10 -6.26514 7.89278 -10
4 0 -6.175 9.575 -10 -6.24744 8.28767 -10 -7.1 7.5 -10 -7.025 8.925 -10
4 0 -6.225 10.4 -10 -6.175 9.575 -10 -7.025 8.925 -10 -7.025 10.125 -10
4 0 -6.275 11.475 -10 -6.225 10.4 -10 -7.025 10.125 -10 -7.1 11.4 -10
4 0 -6.425 13.275 -10 -6.275 11.475 -10 -7.1 11.4 -10 -7.225 13.325 -10
4 0 -6.65 15.125 -10 -6.425 13.275 -10 -7.225 13.325 -10 -7.45 15.05 -10
4 0 -6.975 17.075 -10 -6.65 15.125 -10 -7.45 15.05 -10 -7.775 17.075 -10
4 0 -7.35 19.05 -10 -6.975 17.075 -10 -7.775 17.075 -10 -8.125 18.975 -10
4 0 -7.675 20.575 -10 -7.35 19.05 -10 -8.125 18.975 -10 -8.425 20.35 -10
4 0 -7.975 21.825 -10 -7.675 20.575 -10 -8.425 20.35 -10 -9.15 21.65 -10
4 0 -8.337 23.038 -10 -7.975 21.825 -10 -9.15 21.65 -10 -9.075 22.475 -10
4 0 -8.337 23.038 -10 -9.075 22.475 -10 -9.125 23.1 -10 -8.625 23.95 -10
4 0 -8.625 23.95 -10 -9.125 23.1 -10 -9.225 23.7 -10 -8.785 24.655 -10
4 0 -8.785 24.655 -10 -9.225 23.7 -10 -9.425 24.325 -10 -8.74 24.895 -10
4 0 -8.74 24.895 -10 -9.425 24.325 -10 -9.725 24.875 -10 -8.95 25.85 -10
4 0 -8.95 25.85 -10 -9.725 24.875 -10 -10.075 25.525 -10 -9.7 26.6 -10
4 0 -9.7 26.6 -10 -10.075 25.525 -10 -10.65 26.35 -10 -10.275 27.2 -10
4 0 -10.275 27.2 -10 -10.65 26.35 -10 -11.2 27.075 -10 -10.825 27.775 -10
4 0 -10.825 27.775 -10 -11.2 27.075 -10 -11.925 28.025 -10 -11.65 28.7 -10
4 0 -11.65 28.7 -10 -11.925 28.025 -10 -12.675 28.875 -10 -12.725 29.825 -10
4 0 -12.725 29.825 -10 -12.675 28.875 -10 -13.775 29.675 -10 -13.55 30.75 -10
4 0 -13.55 30.75 -10 -13.775 29.675 -10 -15.025 30.325 -10 -14.15 31.5 -10
3 0 -15.025 30.325 -10 -16.325 30.75 -10 -14.15 31.5 -10
4 0 -14.15 31.5 -10 -16.325 30.75 -10 -17.35 30.925 -10 -18 31.5 -10
3 0 -17.35 30.925 -10 -18 30.95 -10 -18 31.5 -10
4 0 -9.15 21.65 -10 -8.575 20.375 -10 -8.725 19.9 -10 -9.35 20.625 -10
4 0 -9.35 20.625 -10 -8.725 19.9 -10 -8.975 18.875 -10 -9.675 19.175 -10
4 0 -9.675 19.175 -10 -8.975 18.875 -10 -9.25 17.95 -10 -9.95 18.2 -10
4 0 -9.95 18.2 -10 -9.25 17.95 -10 -9.6 16.85 -10 -10.25 17.15 -10
4 0 -10.25 17.15 -10 -9.6 16.85 -10 -10.05 15.675 -10 -10.65 16.075 -10
4 0 -10.65 16.075 -10 -10.05 15.675 -10 -10.4 14.625 -10 -11.15 14.75 -10
4 0 -11.15 14.75 -10 -10.4 14.625 -10 -10.975 13.125 -10 -11.7 13.25 -10
4 0 -11.7 13.25 -10 -10.975 13.125 -10 -11.425 11.9 -10 -12.3 11.7 -10
4 0 -12.3 11.7 -10 -11.425 11.9 -10 -12 10.275 -10 -12.9 9.95 -10
4 0 -12.9 9.95 -10 -12 10.275 -10 -12.575 8.35 -10 -13.425 8.125 -10
4 0 -13.425 8.125 -10 -12.575 8.35 -10 -12.7 7.775 -10 -13.525 7.325 -10
4 0 -13.525 7.325 -10 -12.7 7.775 -10 -12.7 7.425 -10 -13.475 6.95 -10
4 0 -13.475 6.95 -10 -12.7 7.425 -10 -12.625 7.175 -10 -13.225 6.625 -10
4 0 -13.225 6.625 -10 -12.625 7.175 -10 -12.375 6.95 -10 -12.65 6.275 -10
4 0 -12.65 6.275 -10 -12.375 6.95 -10 -11.925 6.775 -10 -11.925 5.925 -10
4 0 -11.925 5.925 -10 -11.925 6.775 -10 -11 6.4 -10 -10.797 5.47833 -10
4 0 -10.797 5.47833 -10 -11 6.4 -10 -9.825 5.9 -10 -10.62995 5.41128 -10
4 0 -9.775 4.8 -10 -10.62995 5.41128 -10 -9.825 5.9 -10 -9.4 4.95 -10
4 0 -9.4 4.95 -10 -9.825 5.9 -10 -9 5.5 -10 -9.175 4.875 -10
4 0 -9.175 4.875 -10 -9 5.5 -10 -8.2 5.075 -10 -8.225 4.25 -10
4 0 -8.225 4.25 -10 -8.2 5.075 -10 -7.4 4.575 -10 -7.425 3.75 -10
4 0 -11.525 4.8 -10 -10.66223 5.25355 -10 -10.35 4.55 -10 -11.25 4.1 -10
4 0 -12.375 4.375 -10 -11.525 4.8 -10 -11.25 4.1 -10 -11.875 3.725 -10
4 0 -12.775 4.1 -10 -12.375 4.375 -10 -11.875 3.725 -10 -11.875 3.55 -10
4 0 -12.875 3.825 -10 -12.775 4.1 -10 -11.875 3.55 -10 -12.8 3.525 -10
4 0 -12.59086 3.08833 -10 -12.8 3.525 -10 -11.875 3.55 -10 -11.70658 2.91357 -10
4 0 -12.01517 1.79563 -10 -12.59086 3.08833 -10 -11.70658 2.91357 -10 -11.23727 1.76204 -10
4 0 -11.64877 0.81005 -10 -12.01517 1.79563 -10 -11.23727 1.76204 -10 -10.95 1.025 -10
4 0 -11.41164 0.70099 -10 -11.64877 0.81005 -10 -10.95 1.025 -10 -11.05113 0.7513 -10
4 0 -9.775 4.8 -10 -10.35 4.55 -10 -10.66223 5.25355 -10 -10.62995 5.41128 -10
3 0 -8.425 20.35 -10 -8.575 20.375 -10 -9.15 21.65 -10
4 0 -5.125 9.475 -10 -6.025 8.625 -10 -6.175 9.575 -10 -5.3 10.2 -10
4 0 -4.325 10.1 -10 -5.125 9.475 -10 -5.3 10.2 -10 -4.475 10.875 -10
4 0 -3.588 10.612 -10 -4.325 10.1 -10 -4.475 10.875 -10 -3.65 11.45 -10
4 0 -2.925 11.05 -10 -3.588 10.612 -10 -3.65 11.45 -10 -2.825 11.925 -10
4 0 -2.825 11.925 -10 -1.95 12.375 -10 -2.225 11.5 -10 -2.34724 11.42142 -10
4 0 -0.425 13.15 -10 0.225 12.975 -10 -0.00187 12.32313 -10 -0.4125 12.3625 -10
4 0 -5.54254 5.46504 -10 -6.10953 6.24017 -10 -5.9 7.375 -10 -5.25 6.55 -10
4 0 -5.15 4.875 -10 -5.54254 5.46504 -10 -5.25 6.55 -10 -4.725 5.675 -10
4 0 -4.625 4.2 -10 -5.15 4.875 -10 -4.725 5.675 -10 -4.15 4.85 -10
4 0 -4.05 3.475 -10 -4.625 4.2 -10 -4.15 4.85 -10 -3.625 4.075 -10
4 0 -3.45 2.725 -10 -4.05 3.475 -10 -3.625 4.075 -10 -3.075 3.45 -10
4 0 -2.95 2.15 -10 -3.45 2.725 -10 -3.075 3.45 -10 -2.475 2.9 -10
4 0 -2.4 1.65 -10 -2.95 2.15 -10 -2.475 2.9 -10 -1.9 2.375 -10
4 0 -1.8 1.225 -10 -2.4 1.65 -10 -1.9 2.375 -10 -1.225 1.95 -10
4 0 -1.275 0.95 -10 -1.8 1.225 -10 -1.225 1.95 -10 -0.75 1.75 -10
4 0 -0.875 0.825 -10 -1.275 0.95 -10 -0.75 1.75 -10 -0.35 1.65 -10
4 0 -0.25 0.725 -10 -0.875 0.825 -10 -0.35 1.65 -10 0 1.625 -10
4 0 0.25 0.725 -10 -0.25 0.725 -10 0 1.625 -10 0.25446 1.63824 -10
4 0 -2.05 4.175 -10 -2.25 3.525 -10 -2.775 4.075 -10 -2.55 4.725 -10
4 0 -1.85 4.7 -10 -2.05 4.175 -10 -2.55 4.725 -10 -2.4 5.225 -10
4 0 -1.75 5.1 -10 -1.85 4.7 -10 -2.4 5.225 -10 -2.6 5.725 -10
4 0 -1.825 5.75 -10 -1.75 5.1 -10 -2.6 5.725 -10 -2.8 6.3 -10
4 0 -2.05 6.375 -10 -1.825 5.75 -10 -2.8 6.3 -10 -2.975 6.925 -10
4 0 -2.25 7.05 -10 -2.05 6.375 -10 -2.975 6.925 -10 -3.1 7.525 -10
4 0 -2.425 7.75 -10 -2.25 7.05 -10 -3.1 7.525 -10 -3.25 8.275 -10
4 0 -2.6 8.6 -10 -2.425 7.75 -10 -3.25 8.275 -10 -3.4 8.925 -10
4 0 -2.775 9.525 -10 -2.6 8.6 -10 -3.4 8.925 -10 -3.5 9.65 -10
4 0 -2.925 11.05 -10 -2.775 9.525 -10 -3.5 9.65 -10 -3.588 10.612 -10
4 0 -0.525 5.3 -10 -1.15 5.825 -10 -0.5 5.9 -10 0 5.325 -10
4 0 -1.15 5.825 -10 -1.125 5.225 -10 -1.75 5.1 -10 -1.31504 5.80832 -10
4 0 -2.25 3.525 -10 -2.475 2.9 -10 -3.075 3.45 -10 -2.775 4.075 -10
4 0 -5.9 7.375 -10 -6.10953 6.24017 -10 -6.42284 6.34836 -10 -6.26514 7.89278 -10
3 0 -6.24744 8.28767 -10 -6.175 9.575 -10 -6.025 8.625 -10
4 0 -1.175 12.05 -10 -1.95 12.375 -10 -1.7375 12.55 -10 -0.425 13.15 -10
4 0 -0.675 13.275 -10 -1.625 12.875 -10 -1.65 13.225 -10 -0.8 13.475 -10
4 0 -0.8 13.475 -10 -1.65 13.225 -10 -1.725 14.15 -10 -0.95 14.575 -10
4 0 -0.95 14.575 -10 -1.725 14.15 -10 -1.85 15.65 -10 -1.05 15.975 -10
4 0 -1.05 15.975 -10 -1.85 15.65 -10 -1.975 17.1 -10 -1.225 17.875 -10
4 0 -1.225 17.875 -10 -1.975 17.1 -10 -2.075 19.2 -10 -1.325 19.375 -10
4 0 -1.325 19.375 -10 -2.075 19.2 -10 -2.2 20.675 -10 -1.4 20.85 -10
4 0 -1.4 20.85 -10 -2.2 20.675 -10 -2.275 21.875 -10 -1.45 22.075 -10
4 0 -1.45 22.075 -10 -2.275 21.875 -10 -2.3 22.375 -10 -1.475 22.25 -10
4 0 -1.475 22.25 -10 -2.3 22.375 -10 -2.3 22.725 -10 -1.425 22.4 -10
4 0 -1.425 22.4 -10 -2.3 22.725 -10 -2.225 22.975 -10 -1.975 23.125 -10
4 0 -1.275 22.5 -10 -1.425 22.4 -10 -1.975 23.125 -10 -1.675 23.2 -10
4 0 -0.95 22.65 -10 -1.275 22.5 -10 -1.675 23.2 -10 -1.3 23.325 -10
4 0 -0.425 22.9 -10 -0.95 22.65 -10 -1.3 23.325 -10 -1.06953 23.45176 -10
4 0 0.225 23.175 -10 -0.425 22.9 -10 -1.06953 23.45176 -10 0 24.65 -10
4 0 1 23.6 -10 0.225 23.175 -10 0 24.65 -10 0.575 24.7 -10
4 0 1.625 24.05 -10 1 23.6 -10 0.575 24.7 -10 1.2 24.875 -10
4 0 2.2 24.45 -10 1.625 24.05 -10 1.2 24.875 -10 1.775 25.125 -10
4 0 2.725 24.85 -10 2.2 24.45 -10 1.775 25.125 -10 2.3 25.5 -10
4 0 3.325 25.35 -10 2.725 24.85 -10 2.3 25.5 -10 2.875 26 -10
4 0 3.975 25.925 -10 3.325 25.35 -10 2.875 26 -10 3.475 26.55 -10
4 0 4.575 26.55 -10 3.975 25.925 -10 3.475 26.55 -10 4.15 27.35 -10
4 0 4.925 27 -10 4.575 26.55 -10 4.15 27.35 -10 4.65 27.85 -10
4 0 5.025 27.175 -10 4.925 27 -10 4.65 27.85 -10 4.875 28.025 -10
4 0 5.025 27.175 -10 4.875 28.025 -10 5.125 28.05 -10 5.175 27.2 -10
4 0 5.175 27.2 -10 5.125 28.05 -10 5.4 27.925 -10 5.45 27 -10
4 0 5.45 27 -10 5.4 27.925 -10 6 27.525 -10 6.2 26.5 -10
4 0 6.2 26.5 -10 6 27.525 -10 6.875 26.975 -10 7.025 25.9 -10
4 0 7.025 25.9 -10 6.875 26.975 -10 7.625 26.425 -10 7.8 25.3 -10
4 0 7.8 25.3 -10 7.625 26.425 -10 8.625 25.625 -10 8.625 24.65 -10
4 0 -0.575 24.7 -10 -1.07775 23.59395 -10 -1.6 23.9 -10 -1.15 24.825 -10
4 0 -1.15 24.825 -10 -1.6 23.9 -10 -2.175 24.325 -10 -1.8 25.075 -10
4 0 -1.8 25.075 -10 -2.175 24.325 -10 -2.675 24.675 -10 -2.5 25.45 -10
4 0 -2.5 25.45 -10 -2.675 24.675 -10 -3.325 25.125 -10 -3.175 25.925 -10
4 0 -3.175 25.925 -10 -3.325 25.125 -10 -4.075 25.675 -10 -3.825 26.4 -10
4 0 -3.825 26.4 -10 -4.075 25.675 -10 -4.65 26.1 -10 -4.4 26.875 -10
4 0 -4.4 26.875 -10 -4.65 26.1 -10 -5.325 26.65 -10 -5.05 27.475 -10
4 0 -5.05 27.475 -10 -5.325 26.65 -10 -5.8 27.05 -10 -5.45 27.875 -10
4 0 -5.45 27.875 -10 -5.8 27.05 -10 -5.9 27.125 -10 -5.6 28 -10
4 0 -5.825 28.025 -10 -5.6 28 -10 -5.9 27.125 -10 -6 27.975 -10
4 0 -6 27.975 -10 -5.9 27.125 -10 -6.05 27.1 -10 -6.725 27.575 -10
4 0 -6.725 27.575 -10 -6.05 27.1 -10 -6.725 26.675 -10 -7.475 27.1 -10
4 0 -7.475 27.1 -10 -6.725 26.675 -10 -7.425 26.2 -10 -8.325 26.475 -10
4 0 -8.325 26.475 -10 -7.425 26.2 -10 -8.125 25.6 -10 -8.95 25.85 -10
3 0 -8.74 24.895 -10 -8.95 25.85 -10 -8.125 25.6 -10
4 0 0 24.65 -10 -1.06953 23.45176 -10 -1.07775 23.59395 -10 -0.575 24.7 -10
4 0 -1.7375 12.55 -10 -1.625 12.875 -10 -0.675 13.275 -10 -0.425 13.15 -10
4 15 -0.56774 3.264 -10 -1.48226 2.736 -10 -1.553 3 -10 -1.48226 3.264 -10
4 15 -0.56774 3.264 -10 -1.48226 3.264 -10 -1.289 3.45726 -10 -1.025 3.528 -10
3 15 -0.56774 3.264 -10 -1.025 3.528 -10 -0.761 3.45726 -10
4 15 -0.56774 3.264 -10 -0.497 3 -10 -0.56774 2.736 -10 -0.761 2.54274 -10
4 15 -0.56774 3.264 -10 -0.761 2.54274 -10 -1.025 2.472 -10 -1.289 2.54274 -10
3 15 -1.289 2.54274 -10 -1.48226 2.736 -10 -0.56774 3.264 -10
4 15 0.236 2.55726 -10 0.04274 1.836 -10 -0.028 2.1 -10 0.04274 2.364 -10
4 15 0.236 2.55726 -10 0.5 2.628 -10 0.764 2.55726 -10 0.95726 2.364 -10
4 15 0.236 2.55726 -10 0.95726 2.364 -10 1.028 2.1 -10 0.97706 1.89803 -10
4 15 0.236 2.55726 -10 0.97706 1.89803 -10 0.7 1.725 -10 0.325 1.65 -10
4 15 0.236 2.55726 -10 0.325 1.65 -10 0.25446 1.63824 -10 0.04274 1.836 -10
4 15 0.29274 3.661 -10 0.222 3.925 -10 0.29274 4.189 -10 0.486 4.38226 -10
4 15 0.29274 3.661 -10 0.486 4.38226 -10 0.75 4.453 -10 1.014 4.38226 -10
4 15 0.29274 3.661 -10 1.014 4.38226 -10 1.20726 4.189 -10 1.278 3.925 -10
4 15 0.29274 3.661 -10 1.278 3.925 -10 1.20726 3.661 -10 1.014 3.46774 -10
4 15 0.29274 3.661 -10 1.014 3.46774 -10 0.75 3.397 -10 0.486 3.46774 -10
4 15 -0.77386 5.26889 -10 -1.23226 4.486 -10 -1.303 4.75 -10 -1.23226 5.014 -10
3 15 -1.23226 5.014 -10 -1.039 5.20726 -10 -0.77386 5.26889 -10
4 15 -0.77386 5.26889 -10 -0.511 5.20726 -10 -0.31774 5.014 -10 -0.247 4.75 -10
4 15 -0.77386 5.26889 -10 -0.247 4.75 -10 -0.31774 4.486 -10 -0.511 4.29274 -10
4 15 -0.77386 5.26889 -10 -0.511 4.29274 -10 -0.775 4.222 -10 -1.039 4.29274 -10
3 15 -1.039 4.29274 -10 -1.23226 4.486 -10 -0.77386 5.26889 -10
4 15 -0.825 6.478 -10 -1.353 5.95 -10 -1.28226 6.214 -10 -1.089 6.40726 -10
4 15 -0.825 6.478 -10 -0.561 6.40726 -10 -0.36774 6.214 -10 -0.297 5.95 -10
4 15 -0.30724 5.91178 -10 -0.5 5.9 -10 -0.825 6.478 -10 -0.297 5.95 -10
4 15 -0.825 6.478 -10 -0.5 5.9 -10 -1.15 5.825 -10 -1.31504 5.80832 -10
4 15 0.172 6.675 -10 0.24274 6.939 -10 0.436 7.13226 -10 0.7 7.203 -10
4 15 0.172 6.675 -10 0.7 7.203 -10 0.964 7.13226 -10 1.15726 6.939 -10
4 15 0.172 6.675 -10 1.15726 6.939 -10 1.228 6.675 -10 1.15726 6.411 -10
4 15 0.172 6.675 -10 1.15726 6.411 -10 0.964 6.21774 -10 0.7 6.147 -10
4 15 0.172 6.675 -10 0.7 6.147 -10 0.436 6.21774 -10 0.24274 6.411 -10
4 15 1.672 7.45 -10 1.74274 7.714 -10 1.936 7.90726 -10 2.2 7.978 -10
4 15 1.672 7.45 -10 2.2 7.978 -10 2.464 7.90726 -10 2.59813 7.77313 -10
4 15 1.672 7.45 -10 2.59813 7.77313 -10 2.4 7.05 -10 2.37294 6.96834 -10
4 15 1.672 7.45 -10 2.2 6.922 -10 1.936 6.99274 -10 1.74274 7.186 -10
4 15 -1.389 8.20726 -10 -1.125 8.278 -10 -0.66774 8.014 -10 -1.58226 8.014 -10
4 15 -0.128 8.475 -10 -0.05726 8.739 -10 0.4 9.003 -10 -0.05726 8.211 -10
4 15 1.372 9.25 -10 1.44274 9.514 -10 1.9 9.25 -10 1.44274 8.986 -10
4 15 -0.66774 8.014 -10 -1.58226 7.486 -10 -1.653 7.75 -10 -1.58226 8.014 -10
3 15 -0.66774 8.014 -10 -1.125 8.278 -10 -0.861 8.20726 -10
4 15 -0.66774 8.014 -10 -0.597 7.75 -10 -0.66774 7.486 -10 -0.861 7.29274 -10
4 15 -0.66774 8.014 -10 -0.861 7.29274 -10 -1.125 7.222 -10 -1.389 7.29274 -10
3 15 -1.389 7.29274 -10 -1.58226 7.486 -10 -0.66774 8.014 -10
3 15 -0.05726 8.739 -10 0.136 8.93226 -10 0.4 9.003 -10
4 15 0.4 9.003 -10 0.664 8.93226 -10 0.85726 8.739 -10 0.928 8.475 -10
4 15 0.4 9.003 -10 0.928 8.475 -10 0.85726 8.211 -10 0.664 8.01774 -10
4 15 0.4 9.003 -10 0.664 8.01774 -10 0.4 7.947 -10 0.136 8.01774 -10
3 15 0.136 8.01774 -10 -0.05726 8.211 -10 0.4 9.003 -10
4 15 1.9 9.25 -10 1.44274 9.514 -10 1.636 9.70726 -10 1.9 9.778 -10
4 15 1.9 9.25 -10 1.9 9.778 -10 2.164 9.70726 -10 2.35726 9.514 -10
4 15 1.9 9.25 -10 2.35726 9.514 -10 2.428 9.25 -10 2.35726 8.986 -10
4 15 1.9 9.25 -10 2.35726 8.986 -10 2.164 8.79274 -10 1.9 8.722 -10
4 15 1.9 9.25 -10 1.9 8.722 -10 1.636 8.79274 -10 1.44274 8.986 -10
4 15 -1.764 9.93226 -10 -1.5 10.003 -10 -1.04274 9.739 -10 -1.95726 9.739 -10
4 15 -0.503 10.2 -10 -0.43226 10.464 -10 0.48226 10.464 -10 -0.43226 9.936 -10
4 15 -1.04274 9.739 -10 -1.95726 9.211 -10 -2.028 9.475 -10 -1.95726 9.739 -10
3 15 -1.04274 9.739 -10 -1.5 10.003 -10 -1.236 9.93226 -10
4 15 -1.04274 9.739 -10 -0.972 9.475 -10 -1.04274 9.211 -10 -1.236 9.01774 -10
4 15 -1.04274 9.739 -10 -1.236 9.01774 -10 -1.5 8.947 -10 -1.764 9.01774 -10
3 15 -1.764 9.01774 -10 -1.95726 9.211 -10 -1.04274 9.739 -10
4 15 0.48226 10.464 -10 -0.43226 10.464 -10 -0.239 10.65726 -10 0.025 10.728 -10
3 15 0.48226 10.464 -10 0.025 10.728 -10 0.289 10.65726 -10
4 15 0.48226 10.464 -10 0.553 10.2 -10 0.48226 9.936 -10 0.289 9.74274 -10
4 15 0.48226 10.464 -10 0.289 9.74274 -10 0.025 9.672 -10 -0.239 9.74274 -10
3 15 -0.239 9.74274 -10 -0.43226 9.936 -10 0.48226 10.464 -10
4 15 1.06774 10.711 -10 0.997 10.975 -10 1.06774 11.239 -10 1.261 10.51774 -10
4 15 1.06774 11.239 -10 1.261 11.43226 -10 1.525 11.503 -10 1.789 11.43226 -10
4 15 1.06774 11.239 -10 1.789 11.43226 -10 1.98226 11.239 -10 2.053 10.975 -10
4 15 1.06774 11.239 -10 2.053 10.975 -10 1.98226 10.711 -10 1.789 10.51774 -10
4 15 1.06774 11.239 -10 1.789 10.51774 -10 1.525 10.447 -10 1.261 10.51774 -10
4 15 -2.225 11.5 -10 -1.77871 11.73377 -10 -1.611 10.76774 -10 -2.34724 11.42142 -10
4 15 -0.878 11.95 -10 -0.8026 12.20262 -10 -0.35 11.422 -10 -0.80726 11.686 -10
4 15 -2.33226 10.961 -10 -2.403 11.225 -10 -1.611 10.76774 -10 -2.139 10.76774 -10
4 15 -1.611 10.76774 -10 -1.611 11.68226 -10 -1.41774 11.489 -10 -1.347 11.225 -10
3 15 -1.611 10.76774 -10 -1.347 11.225 -10 -1.41774 10.961 -10
3 15 -1.875 10.697 -10 -2.139 10.76774 -10 -1.611 10.76774 -10
4 15 -0.35 11.422 -10 -0.8026 12.20262 -10 -0.4125 12.3625 -10 -0.00187 12.32313 -10
4 15 -0.35 11.422 -10 0.10726 12.214 -10 0.178 11.95 -10 0.10726 11.686 -10
3 15 -0.35 11.422 -10 0.10726 11.686 -10 -0.086 11.49274 -10
3 15 -0.35 11.422 -10 -0.614 11.49274 -10 -0.80726 11.686 -10
3 0 -1.75 5.1 -10 -1.825 5.75 -10 -1.31504 5.80832 -10
4 0 0 5.325 -10 -0.5 5.9 -10 -0.30724 5.91178 -10 0 5.925 -10
3 0 3.075 6.925 -10 2.37294 6.96834 -10 2.4 7.05 -10
3 0 2.15 6.425 -10 2.37294 6.96834 -10 3.075 6.925 -10
3 15 -1.611 10.76774 -10 -2.403 11.225 -10 -2.34724 11.42142 -10
3 15 -1.611 10.76774 -10 -1.77871 11.73377 -10 -1.611 11.68226 -10
3 0 -2.925 11.05 -10 -2.825 11.925 -10 -2.34724 11.42142 -10
3 0 -2.225 11.5 -10 -1.95 12.375 -10 -1.77871 11.73377 -10
3 0 -1.77871 11.73377 -10 -1.95 12.375 -10 -1.175 12.05 -10
3 0 -1.175 12.05 -10 -0.425 13.15 -10 -0.8026 12.20262 -10
3 0 -0.8026 12.20262 -10 -0.425 13.15 -10 -0.4125 12.3625 -10
3 15 -0.35 11.422 -10 -0.00187 12.32313 -10 0.10726 12.214 -10
3 15 2.2 6.922 -10 1.672 7.45 -10 2.37294 6.96834 -10
3 15 -1.31504 5.80832 -10 -1.353 5.95 -10 -0.825 6.478 -10
3 0 -1.125 5.225 -10 -1.15 5.825 -10 -0.77386 5.26889 -10
3 0 -0.77386 5.26889 -10 -1.15 5.825 -10 -0.525 5.3 -10
3 0 1.3 1 -10 0.7 1.725 -10 0.97706 1.89803 -10
4 484 0.04274 1.836 -10 0.25446 1.63824 -10 0 1.625 -10 -0.35 1.65 -10
4 484 -0.028 2.1 -10 0.04274 1.836 -10 -0.35 1.65 -10 -0.75 1.75 -10
4 484 -0.028 2.1 -10 -0.75 1.75 -10 -0.761 2.54274 -10 -0.56774 2.736 -10
4 484 0.04274 2.364 -10 -0.028 2.1 -10 -0.56774 2.736 -10 -0.497 3 -10
4 484 0.236 2.55726 -10 0.04274 2.364 -10 -0.497 3 -10 0.486 3.46774 -10
4 484 0.5 2.628 -10 0.236 2.55726 -10 0.486 3.46774 -10 0.75 3.397 -10
4 484 0.764 2.55726 -10 0.5 2.628 -10 0.75 3.397 -10 1.014 3.46774 -10
4 484 0.764 2.55726 -10 1.014 3.46774 -10 1.7 2.475 -10 0.95726 2.364 -10
4 484 1.028 2.1 -10 0.95726 2.364 -10 1.7 2.475 -10 1.15 2 -10
3 484 0.97706 1.89803 -10 1.028 2.1 -10 1.15 2 -10
4 484 2.425 3.025 -10 1.7 2.475 -10 1.014 3.46774 -10 2.2 3.55 -10
3 484 1.014 3.46774 -10 1.20726 3.661 -10 2.2 3.55 -10
4 484 2.2 3.55 -10 1.20726 3.661 -10 1.278 3.925 -10 1.95 4.2 -10
4 484 1.95 4.2 -10 1.278 3.925 -10 1.20726 4.189 -10 1.75 4.725 -10
4 484 1.65 5.175 -10 1.75 4.725 -10 1.20726 4.189 -10 1.014 4.38226 -10
4 484 1.075 5.275 -10 1.65 5.175 -10 1.014 4.38226 -10 0.75 4.453 -10
4 484 0.475 5.325 -10 1.075 5.275 -10 0.75 4.453 -10 0.486 4.38226 -10
4 484 0.475 5.325 -10 0.486 4.38226 -10 -0.247 4.75 -10 0 5.325 -10
3 484 -0.247 4.75 -10 -0.31774 5.014 -10 0 5.325 -10
4 484 0 5.325 -10 -0.31774 5.014 -10 -0.511 5.20726 -10 -0.525 5.3 -10
3 484 -0.511 5.20726 -10 -0.77386 5.26889 -10 -0.525 5.3 -10
4 484 -0.247 4.75 -10 0.486 4.38226 -10 0.29274 4.189 -10 -0.31774 4.486 -10
4 484 -0.511 4.29274 -10 -0.31774 4.486 -10 0.29274 4.189 -10 0.222 3.925 -10
4 484 -0.761 3.45726 -10 -0.511 4.29274 -10 0.222 3.925 -10 0.29274 3.661 -10
4 484 -0.56774 3.264 -10 -0.761 3.45726 -10 0.29274 3.661 -10 0.486 3.46774 -10
3 484 -0.497 3 -10 -0.56774 3.264 -10 0.486 3.46774 -10
4 484 -1.025 2.472 -10 -0.761 2.54274 -10 -0.75 1.75 -10 -1.225 1.95 -10
4 484 -1.289 2.54274 -10 -1.025 2.472 -10 -1.225 1.95 -10 -1.9 2.375 -10
3 484 -1.9 2.375 -10 -1.48226 2.736 -10 -1.289 2.54274 -10
4 484 -1.553 3 -10 -1.48226 2.736 -10 -1.9 2.375 -10 -2.475 2.9 -10
4 484 -1.553 3 -10 -2.475 2.9 -10 -2.25 3.525 -10 -1.48226 3.264 -10
4 484 -1.289 3.45726 -10 -1.48226 3.264 -10 -2.25 3.525 -10 -2.05 4.175 -10
4 484 -1.039 4.29274 -10 -1.289 3.45726 -10 -2.05 4.175 -10 -1.23226 4.486 -10
4 484 -1.23226 4.486 -10 -2.05 4.175 -10 -1.85 4.7 -10 -1.303 4.75 -10
4 484 -1.303 4.75 -10 -1.85 4.7 -10 -1.75 5.1 -10 -1.23226 5.014 -10
4 484 -1.75 5.1 -10 -1.125 5.225 -10 -1.039 5.20726 -10 -1.23226 5.014 -10
3 484 -1.039 5.20726 -10 -1.125 5.225 -10 -0.77386 5.26889 -10
4 484 -1.025 3.528 -10 -1.289 3.45726 -10 -1.039 4.29274 -10 -0.775 4.222 -10
4 484 -0.761 3.45726 -10 -1.025 3.528 -10 -0.775 4.222 -10 -0.511 4.29274 -10
4 484 -1.353 5.95 -10 -1.31504 5.80832 -10 -1.825 5.75 -10 -2.05 6.375 -10
4 484 -1.28226 6.214 -10 -1.353 5.95 -10 -2.05 6.375 -10 -1.389 7.29274 -10
4 484 -1.389 7.29274 -10 -2.05 6.375 -10 -2.25 7.05 -10 -1.58226 7.486 -10
4 484 -1.653 7.75 -10 -1.58226 7.486 -10 -2.25 7.05 -10 -2.425 7.75 -10
4 484 -1.58226 8.014 -10 -1.653 7.75 -10 -2.425 7.75 -10 -1.764 9.01774 -10
4 484 -1.764 9.01774 -10 -2.425 7.75 -10 -2.6 8.6 -10 -1.95726 9.211 -10
4 484 -1.95726 9.211 -10 -2.6 8.6 -10 -2.775 9.525 -10 -2.028 9.475 -10
3 484 -2.028 9.475 -10 -2.775 9.525 -10 -1.95726 9.739 -10
4 484 -1.764 9.93226 -10 -1.95726 9.739 -10 -2.775 9.525 -10 -1.875 10.697 -10
3 484 -2.775 9.525 -10 -2.139 10.76774 -10 -1.875 10.697 -10
4 484 -2.33226 10.961 -10 -2.139 10.76774 -10 -2.775 9.525 -10 -2.925 11.05 -10
3 484 -2.33226 10.961 -10 -2.925 11.05 -10 -2.403 11.225 -10
3 484 -2.925 11.05 -10 -2.34724 11.42142 -10 -2.403 11.225 -10
4 484 -1.5 10.003 -10 -1.764 9.93226 -10 -1.875 10.697 -10 -1.611 10.76774 -10
4 484 -1.236 9.93226 -10 -1.5 10.003 -10 -1.611 10.76774 -10 -1.41774 10.961 -10
4 484 -0.503 10.2 -10 -1.236 9.93226 -10 -1.41774 10.961 -10 -0.43226 10.464 -10
4 484 -0.239 10.65726 -10 -0.43226 10.464 -10 -1.41774 10.961 -10 -1.347 11.225 -10
4 484 -0.35 11.422 -10 -0.239 10.65726 -10 -1.347 11.225 -10 -0.614 11.49274 -10
4 484 -0.80726 11.686 -10 -0.614 11.49274 -10 -1.347 11.225 -10 -1.41774 11.489 -10
4 484 -0.878 11.95 -10 -0.80726 11.686 -10 -1.41774 11.489 -10 -1.611 11.68226 -10
4 484 -0.878 11.95 -10 -1.611 11.68226 -10 -1.175 12.05 -10 -0.8026 12.20262 -10
3 484 -1.611 11.68226 -10 -1.77871 11.73377 -10 -1.175 12.05 -10
4 484 -0.239 10.65726 -10 -0.35 11.422 -10 -0.086 11.49274 -10 0.025 10.728 -10
4 484 0.289 10.65726 -10 0.025 10.728 -10 -0.086 11.49274 -10 0.10726 11.686 -10
4 484 0.997 10.975 -10 0.289 10.65726 -10 0.10726 11.686 -10 1.06774 11.239 -10
4 484 1.06774 11.239 -10 0.10726 11.686 -10 0.178 11.95 -10 1 11.875 -10
3 484 1 11.875 -10 0.178 11.95 -10 0.10726 12.214 -10
3 484 1 11.875 -10 0.10726 12.214 -10 -0.00187 12.32313 -10
3 484 1.06774 11.239 -10 1 11.875 -10 1.261 11.43226 -10
3 484 1.261 11.43226 -10 1 11.875 -10 1.525 11.503 -10
3 484 1.789 11.43226 -10 1.525 11.503 -10 1 11.875 -10
3 484 2.05 11.325 -10 1.789 11.43226 -10 1 11.875 -10
3 484 1.98226 11.239 -10 1.789 11.43226 -10 2.05 11.325 -10
4 484 2.053 10.975 -10 1.98226 11.239 -10 2.05 11.325 -10 3.05 10.725 -10
4 484 1.98226 10.711 -10 2.053 10.975 -10 3.05 10.725 -10 2.95 9.525 -10
4 484 1.98226 10.711 -10 2.95 9.525 -10 2.35726 9.514 -10 2.164 9.70726 -10
4 484 1.98226 10.711 -10 2.164 9.70726 -10 1.9 9.778 -10 1.789 10.51774 -10
4 484 1.525 10.447 -10 1.789 10.51774 -10 1.9 9.778 -10 1.636 9.70726 -10
4 484 1.525 10.447 -10 1.636 9.70726 -10 1.44274 9.514 -10 1.261 10.51774 -10
4 484 1.261 10.51774 -10 1.44274 9.514 -10 0.553 10.2 -10 1.06774 10.711 -10
4 484 1.06774 10.711 -10 0.553 10.2 -10 0.48226 10.464 -10 0.997 10.975 -10
3 484 0.48226 10.464 -10 0.289 10.65726 -10 0.997 10.975 -10
4 484 0.48226 9.936 -10 0.553 10.2 -10 1.44274 9.514 -10 1.372 9.25 -10
4 484 0.48226 9.936 -10 1.372 9.25 -10 0.664 8.93226 -10 0.289 9.74274 -10
4 484 0.289 9.74274 -10 0.664 8.93226 -10 0.4 9.003 -10 0.025 9.672 -10
3 484 0.136 8.93226 -10 0.025 9.672 -10 0.4 9.003 -10
4 484 0.025 9.672 -10 0.136 8.93226 -10 -0.05726 8.739 -10 -0.239 9.74274 -10
4 484 -0.239 9.74274 -10 -0.05726 8.739 -10 -0.972 9.475 -10 -0.43226 9.936 -10
4 484 -0.43226 9.936 -10 -0.972 9.475 -10 -1.04274 9.739 -10 -0.503 10.2 -10
3 484 -1.04274 9.739 -10 -1.236 9.93226 -10 -0.503 10.2 -10
4 484 -1.58226 8.014 -10 -1.764 9.01774 -10 -1.5 8.947 -10 -1.389 8.20726 -10
4 484 -1.125 8.278 -10 -1.389 8.20726 -10 -1.5 8.947 -10 -1.236 9.01774 -10
4 484 -0.861 8.20726 -10 -1.125 8.278 -10 -1.236 9.01774 -10 -1.04274 9.211 -10
4 484 -0.128 8.475 -10 -0.861 8.20726 -10 -1.04274 9.211 -10 -0.05726 8.739 -10
3 484 -0.05726 8.739 -10 -1.04274 9.211 -10 -0.972 9.475 -10
4 484 -0.66774 8.014 -10 -0.861 8.20726 -10 -0.128 8.475 -10 -0.05726 8.211 -10
4 484 -0.597 7.75 -10 -0.66774 8.014 -10 -0.05726 8.211 -10 0.136 8.01774 -10
4 484 -0.66774 7.486 -10 -0.597 7.75 -10 0.136 8.01774 -10 0.24274 6.939 -10
4 484 0.436 7.13226 -10 0.24274 6.939 -10 0.136 8.01774 -10 0.4 7.947 -10
4 484 0.7 7.203 -10 0.436 7.13226 -10 0.4 7.947 -10 0.664 8.01774 -10
4 484 0.964 7.13226 -10 0.7 7.203 -10 0.664 8.01774 -10 0.85726 8.211 -10
4 484 1.672 7.45 -10 0.964 7.13226 -10 0.85726 8.211 -10 1.74274 7.714 -10
4 484 1.74274 7.714 -10 0.85726 8.211 -10 0.928 8.475 -10 1.936 7.90726 -10
4 484 1.636 8.79274 -10 1.936 7.90726 -10 0.928 8.475 -10 1.44274 8.986 -10
4 484 1.44274 8.986 -10 0.928 8.475 -10 0.85726 8.739 -10 1.372 9.25 -10
3 484 0.85726 8.739 -10 0.664 8.93226 -10 1.372 9.25 -10
4 484 1.936 7.90726 -10 1.636 8.79274 -10 1.9 8.722 -10 2.2 7.978 -10
4 484 2.2 7.978 -10 1.9 8.722 -10 2.164 8.79274 -10 2.464 7.90726 -10
4 484 2.464 7.90726 -10 2.164 8.79274 -10 2.775 8.6 -10 2.59813 7.77313 -10
3 484 2.775 8.6 -10 2.164 8.79274 -10 2.35726 8.986 -10
4 484 2.775 8.6 -10 2.35726 8.986 -10 2.428 9.25 -10 2.95 9.525 -10
3 484 2.428 9.25 -10 2.35726 9.514 -10 2.95 9.525 -10
4 484 1.15726 6.939 -10 0.964 7.13226 -10 1.672 7.45 -10 1.74274 7.186 -10
4 484 1.228 6.675 -10 1.15726 6.939 -10 1.74274 7.186 -10 1.936 6.99274 -10
4 484 2.15 6.425 -10 1.228 6.675 -10 1.936 6.99274 -10 2.2 6.922 -10
3 484 2.15 6.425 -10 2.2 6.922 -10 2.37294 6.96834 -10
4 484 1.15726 6.411 -10 1.228 6.675 -10 2.15 6.425 -10 1.825 5.85 -10
4 484 0.964 6.21774 -10 1.15726 6.411 -10 1.825 5.85 -10 1.15 5.875 -10
4 484 0.7 6.147 -10 0.964 6.21774 -10 1.15 5.875 -10 0.575 5.925 -10
4 484 0.436 6.21774 -10 0.7 6.147 -10 0.575 5.925 -10 0 5.925 -10
4 484 0.24274 6.411 -10 0.436 6.21774 -10 0 5.925 -10 -0.30724 5.91178 -10
4 484 0.24274 6.411 -10 -0.297 5.95 -10 -0.36774 6.214 -10 0.172 6.675 -10
4 484 0.172 6.675 -10 -0.36774 6.214 -10 -0.561 6.40726 -10 0.24274 6.939 -10
4 484 0.24274 6.939 -10 -0.561 6.40726 -10 -0.825 6.478 -10 -0.861 7.29274 -10
3 484 0.24274 6.939 -10 -0.861 7.29274 -10 -0.66774 7.486 -10
4 484 -1.125 7.222 -10 -0.861 7.29274 -10 -0.825 6.478 -10 -1.089 6.40726 -10
4 484 -1.389 7.29274 -10 -1.125 7.222 -10 -1.089 6.40726 -10 -1.28226 6.214 -10
3 484 -0.30724 5.91178 -10 -0.297 5.95 -10 0.24274 6.411 -10
4 15 -0.875 0.825 -10 -7.12607 0.79502 -10 -7.01768 0.85727 -10 -1.275 0.95 -10
3 15 -7.01768 0.85727 -10 -1.8 1.225 -10 -1.275 0.95 -10
4 15 -2.4 1.65 -10 -1.8 1.225 -10 -7.01768 0.85727 -10 -6.93585 1.7288 -10
3 15 -2.4 1.65 -10 -6.93585 1.7288 -10 -2.95 2.15 -10
4 15 -3.45 2.725 -10 -2.95 2.15 -10 -6.93585 1.7288 -10 -6.78656 2.94467 -10
3 15 -3.45 2.725 -10 -6.78656 2.94467 -10 -4.05 3.475 -10
4 15 -4.625 4.2 -10 -4.05 3.475 -10 -6.78656 2.94467 -10 -6.65 3.975 -10
4 15 -5.15 4.875 -10 -4.625 4.2 -10 -6.65 3.975 -10 -6.55 5.05 -10
4 15 -5.54254 5.46504 -10 -5.15 4.875 -10 -6.55 5.05 -10 -6.10953 6.24017 -10
3 15 -6.55 5.05 -10 -6.42284 6.34836 -10 -6.10953 6.24017 -10
4 15 6.625 1.05 -10 6.725 0.975 -10 0.825 0.825 -10 1.3 1 -10
3 15 1.3 1 -10 1.8 1.3 -10 6.625 1.05 -10
3 15 6.625 1.05 -10 1.8 1.3 -10 2.25 1.75 -10
4 15 6.625 1.05 -10 2.25 1.75 -10 2.75 2.325 -10 6.65 1.925 -10
4 15 6.65 1.925 -10 2.75 2.325 -10 3.25 2.9 -10 3.95 3.625 -10
4 15 6.65 3.15 -10 6.65 1.925 -10 3.95 3.625 -10 4.6 4.275 -10
4 15 6.65 3.975 -10 6.65 3.15 -10 4.6 4.275 -10 5.15 4.825 -10
4 15 6.65 3.975 -10 5.15 4.825 -10 5.7 5.225 -10 6.7 4.95 -10
4 15 5.7 5.225 -10 6.2 5.525 -10 6.7 5.75 -10 6.7 4.95 -10
4 15 3.525 4.225 -10 2.975 3.6 -10 2.7 4.075 -10 2.475 4.725 -10
4 15 3.525 4.225 -10 2.475 4.725 -10 2.325 5.225 -10 4.125 4.925 -10
4 15 4.125 4.925 -10 2.325 5.225 -10 2.525 5.725 -10 2.775 6.225 -10
4 15 4.8 5.625 -10 4.125 4.925 -10 2.775 6.225 -10 3.075 6.925 -10
4 15 5.425 6.25 -10 4.8 5.625 -10 3.075 6.925 -10 3.25 7.525 -10
4 15 6.15 6.65 -10 5.425 6.25 -10 3.25 7.525 -10 3.425 8.275 -10
4 15 6.15 6.65 -10 3.425 8.275 -10 5.175 8.975 -10 6.075 8.125 -10
4 15 6.15 6.65 -10 6.075 8.125 -10 6.75 7.525 -10 6.725 6.85 -10
3 15 3.425 8.275 -10 3.575 8.925 -10 5.175 8.975 -10
4 15 5.175 8.975 -10 3.575 8.925 -10 3.675 9.625 -10 4.35 9.725 -10
3 15 3.675 9.625 -10 3.738 10.188 -10 4.35 9.725 -10
4 15 -4.325 10.1 -10 -3.588 10.612 -10 -3.5 9.65 -10 -5.125 9.475 -10
4 15 -5.125 9.475 -10 -3.5 9.65 -10 -3.4 8.925 -10 -6.025 8.625 -10
4 15 -6.025 8.625 -10 -3.4 8.925 -10 -3.25 8.275 -10 -6.24744 8.28767 -10
4 15 -6.26514 7.89278 -10 -6.24744 8.28767 -10 -3.25 8.275 -10 -5.9 7.375 -10
4 15 -5.9 7.375 -10 -3.25 8.275 -10 -3.1 7.525 -10 -5.25 6.55 -10
4 15 -5.25 6.55 -10 -3.1 7.525 -10 -2.975 6.925 -10 -4.725 5.675 -10
4 15 -4.725 5.675 -10 -2.975 6.925 -10 -2.8 6.3 -10 -4.15 4.85 -10
4 15 -4.15 4.85 -10 -2.8 6.3 -10 -2.6 5.725 -10 -2.55 4.725 -10
4 15 -3.625 4.075 -10 -4.15 4.85 -10 -2.55 4.725 -10 -2.775 4.075 -10
3 15 -3.075 3.45 -10 -3.625 4.075 -10 -2.775 4.075 -10
3 15 -2.55 4.725 -10 -2.6 5.725 -10 -2.4 5.225 -10
4 16 1.35483 14.875 -10 0.23931 14.65311 -10 0.19517 14.875 -10 0.23931 15.09689 -10
4 16 1.35483 14.875 -10 0.23931 15.09689 -10 0.365 15.285 -10 0.55311 15.41069 -10
4 16 1.35483 14.875 -10 0.55311 15.41069 -10 0.775 15.45483 -10 0.99689 15.41069 -10
4 16 1.35483 14.875 -10 0.99689 15.41069 -10 1.185 15.285 -10 1.31069 15.09689 -10
4 16 1.35483 14.875 -10 1.31069 14.65311 -10 1.185 14.465 -10 0.99689 14.33931 -10
4 16 1.35483 14.875 -10 0.99689 14.33931 -10 0.775 14.29517 -10 0.55311 14.33931 -10
4 16 1.35483 14.875 -10 0.55311 14.33931 -10 0.365 14.465 -10 0.23931 14.65311 -10
4 0 0.19517 14.875 -10 0.23931 14.65311 -10 -0.20801 14.46782 -10 -0.289 14.875 -10
4 0 0.23931 15.09689 -10 0.19517 14.875 -10 -0.289 14.875 -10 -0.20801 15.28218 -10
4 0 0.365 15.285 -10 0.23931 15.09689 -10 -0.20801 15.28218 -10 0.02264 15.62736 -10
4 0 0.55311 15.41069 -10 0.365 15.285 -10 0.02264 15.62736 -10 0.36782 15.85801 -10
4 0 0.775 15.45483 -10 0.55311 15.41069 -10 0.36782 15.85801 -10 0.775 15.939 -10
4 0 0.99689 15.41069 -10 0.775 15.45483 -10 0.775 15.939 -10 1.18218 15.85801 -10
4 0 1.185 15.285 -10 0.99689 15.41069 -10 1.18218 15.85801 -10 1.52736 15.62736 -10
4 0 1.31069 15.09689 -10 1.185 15.285 -10 1.52736 15.62736 -10 1.75801 15.28218 -10
4 0 1.35483 14.875 -10 1.31069 15.09689 -10 1.75801 15.28218 -10 1.839 14.875 -10
4 0 1.31069 14.65311 -10 1.35483 14.875 -10 1.839 14.875 -10 1.75801 14.46782 -10
4 0 1.185 14.465 -10 1.31069 14.65311 -10 1.75801 14.46782 -10 1.52736 14.12264 -10
4 0 0.99689 14.33931 -10 1.185 14.465 -10 1.52736 14.12264 -10 1.18218 13.89199 -10
4 0 0.775 14.29517 -10 0.99689 14.33931 -10 1.18218 13.89199 -10 0.775 13.811 -10
4 0 0.55311 14.33931 -10 0.775 14.29517 -10 0.775 13.811 -10 0.36782 13.89199 -10
4 0 0.365 14.465 -10 0.55311 14.33931 -10 0.36782 13.89199 -10 0.02264 14.12264 -10
4 0 0.23931 14.65311 -10 0.365 14.465 -10 0.02264 14.12264 -10 -0.20801 14.46782 -10
4 16 1.20483 18 -10 0.08931 17.77811 -10 0.04517 18 -10 0.08931 18.22189 -10
4 16 1.20483 18 -10 0.08931 18.22189 -10 0.215 18.41 -10 0.40311 18.53569 -10
4 16 1.20483 18 -10 0.40311 18.53569 -10 0.625 18.57983 -10 0.84689 18.53569 -10
4 16 1.20483 18 -10 0.84689 18.53569 -10 1.035 18.41 -10 1.16069 18.22189 -10
4 16 1.20483 18 -10 1.16069 17.77811 -10 1.035 17.59 -10 0.84689 17.46431 -10
4 16 1.20483 18 -10 0.84689 17.46431 -10 0.625 17.42017 -10 0.40311 17.46431 -10
4 16 1.20483 18 -10 0.40311 17.46431 -10 0.215 17.59 -10 0.08931 17.77811 -10
4 0 0.04517 18 -10 0.08931 17.77811 -10 -0.35801 17.59282 -10 -0.439 18 -10
4 0 0.08931 18.22189 -10 0.04517 18 -10 -0.439 18 -10 -0.35801 18.40718 -10
4 0 0.215 18.41 -10 0.08931 18.22189 -10 -0.35801 18.40718 -10 -0.12736 18.75236 -10
4 0 0.40311 18.53569 -10 0.215 18.41 -10 -0.12736 18.75236 -10 0.21782 18.98301 -10
4 0 0.625 18.57983 -10 0.40311 18.53569 -10 0.21782 18.98301 -10 0.625 19.064 -10
4 0 0.84689 18.53569 -10 0.625 18.57983 -10 0.625 19.064 -10 1.03218 18.98301 -10
4 0 1.035 18.41 -10 0.84689 18.53569 -10 1.03218 18.98301 -10 1.37736 18.75236 -10
4 0 1.16069 18.22189 -10 1.035 18.41 -10 1.37736 18.75236 -10 1.60801 18.40718 -10
4 0 1.20483 18 -10 1.16069 18.22189 -10 1.60801 18.40718 -10 1.689 18 -10
4 0 1.16069 17.77811 -10 1.20483 18 -10 1.689 18 -10 1.60801 17.59282 -10
4 0 1.035 17.59 -10 1.16069 17.77811 -10 1.60801 17.59282 -10 1.37736 17.24764 -10
4 0 0.84689 17.46431 -10 1.035 17.59 -10 1.37736 17.24764 -10 1.03218 17.01699 -10
4 0 0.625 17.42017 -10 0.84689 17.46431 -10 1.03218 17.01699 -10 0.625 16.936 -10
4 0 0.40311 17.46431 -10 0.625 17.42017 -10 0.625 16.936 -10 0.21782 17.01699 -10
4 0 0.215 17.59 -10 0.40311 17.46431 -10 0.21782 17.01699 -10 -0.12736 17.24764 -10
4 0 0.08931 17.77811 -10 0.215 17.59 -10 -0.12736 17.24764 -10 -0.35801 17.59282 -10
4 16 0.95483 21.175 -10 -0.16069 20.95311 -10 -0.20483 21.175 -10 -0.16069 21.39689 -10
4 16 0.95483 21.175 -10 -0.16069 21.39689 -10 -0.035 21.585 -10 0.15311 21.71069 -10
4 16 0.95483 21.175 -10 0.15311 21.71069 -10 0.375 21.75483 -10 0.59689 21.71069 -10
4 16 0.95483 21.175 -10 0.59689 21.71069 -10 0.785 21.585 -10 0.91069 21.39689 -10
4 16 0.95483 21.175 -10 0.91069 20.95311 -10 0.785 20.765 -10 0.59689 20.63931 -10
4 16 0.95483 21.175 -10 0.59689 20.63931 -10 0.375 20.59517 -10 0.15311 20.63931 -10
4 16 0.95483 21.175 -10 0.15311 20.63931 -10 -0.035 20.765 -10 -0.16069 20.95311 -10
4 0 -0.20483 21.175 -10 -0.16069 20.95311 -10 -0.60801 20.76782 -10 -0.689 21.175 -10
4 0 -0.16069 21.39689 -10 -0.20483 21.175 -10 -0.689 21.175 -10 -0.60801 21.58218 -10
4 0 -0.035 21.585 -10 -0.16069 21.39689 -10 -0.60801 21.58218 -10 -0.37736 21.92736 -10
4 0 0.15311 21.71069 -10 -0.035 21.585 -10 -0.37736 21.92736 -10 -0.03218 22.15801 -10
4 0 0.375 21.75483 -10 0.15311 21.71069 -10 -0.03218 22.15801 -10 0.375 22.239 -10
4 0 0.59689 21.71069 -10 0.375 21.75483 -10 0.375 22.239 -10 0.78218 22.15801 -10
4 0 0.785 21.585 -10 0.59689 21.71069 -10 0.78218 22.15801 -10 1.12736 21.92736 -10
4 0 0.91069 21.39689 -10 0.785 21.585 -10 1.12736 21.92736 -10 1.35801 21.58218 -10
4 0 0.95483 21.175 -10 0.91069 21.39689 -10 1.35801 21.58218 -10 1.439 21.175 -10
4 0 0.91069 20.95311 -10 0.95483 21.175 -10 1.439 21.175 -10 1.35801 20.76782 -10
4 0 0.785 20.765 -10 0.91069 20.95311 -10 1.35801 20.76782 -10 1.12736 20.42264 -10
4 0 0.59689 20.63931 -10 0.785 20.765 -10 1.12736 20.42264 -10 0.78218 20.19199 -10
4 0 0.375 20.59517 -10 0.59689 20.63931 -10 0.78218 20.19199 -10 0.375 20.111 -10
4 0 0.15311 20.63931 -10 0.375 20.59517 -10 0.375 20.111 -10 -0.03218 20.19199 -10
4 0 -0.035 20.765 -10 0.15311 20.63931 -10 -0.03218 20.19199 -10 -0.37736 20.42264 -10
4 0 -0.16069 20.95311 -10 -0.035 20.765 -10 -0.37736 20.42264 -10 -0.60801 20.76782 -10
4 16 -10.52038 23.42815 -10 -10.53256 22.67165 -10 -10.70325 22.52286 -10 -10.92396 22.47222 -10
4 16 -10.52038 23.42815 -10 -10.92396 22.47222 -10 -11.16107 22.52745 -10 -11.3785 22.68013 -10
4 16 -10.52038 23.42815 -10 -11.3785 22.68013 -10 -11.54314 22.90703 -10 -11.62993 23.17359 -10
4 16 -10.52038 23.42815 -10 -11.62993 23.17359 -10 -11.62565 23.43924 -10 -11.53096 23.66353 -10
4 16 -10.52038 23.42815 -10 -11.53096 23.66353 -10 -11.36027 23.81232 -10 -11.13956 23.86296 -10
4 16 -10.52038 23.42815 -10 -11.13956 23.86296 -10 -10.90245 23.80773 -10 -10.68502 23.65505 -10
4 16 -10.52038 23.42815 -10 -10.43359 23.16159 -10 -10.43787 22.89594 -10 -10.53256 22.67165 -10
4 0 -10.70325 22.52286 -10 -10.53256 22.67165 -10 -10.19088 22.33219 -10 -10.4784 22.08156 -10
4 0 -10.92396 22.47222 -10 -10.70325 22.52286 -10 -10.4784 22.08156 -10 -10.85017 21.99627 -10
4 0 -11.16107 22.52745 -10 -10.92396 22.47222 -10 -10.85017 21.99627 -10 -11.24958 22.08929 -10
4 0 -11.3785 22.68013 -10 -11.16107 22.52745 -10 -11.24958 22.08929 -10 -11.61584 22.34648 -10
4 0 -11.54314 22.90703 -10 -11.3785 22.68013 -10 -11.61584 22.34648 -10 -11.89317 22.72868 -10
4 0 -11.62993 23.17359 -10 -11.54314 22.90703 -10 -11.89317 22.72868 -10 -12.03936 23.1777 -10
4 0 -11.62565 23.43924 -10 -11.62993 23.17359 -10 -12.03936 23.1777 -10 -12.03215 23.62517 -10
4 0 -11.53096 23.66353 -10 -11.62565 23.43924 -10 -12.03215 23.62517 -10 -11.87265 24.00299 -10
4 0 -11.36027 23.81232 -10 -11.53096 23.66353 -10 -11.87265 24.00299 -10 -11.58512 24.25362 -10
4 0 -11.13956 23.86296 -10 -11.36027 23.81232 -10 -11.58512 24.25362 -10 -11.21335 24.33891 -10
4 0 -10.90245 23.80773 -10 -11.13956 23.86296 -10 -11.21335 24.33891 -10 -10.81394 24.24588 -10
4 0 -10.68502 23.65505 -10 -10.90245 23.80773 -10 -10.81394 24.24588 -10 -10.44768 23.9887 -10
4 0 -10.52038 23.42815 -10 -10.68502 23.65505 -10 -10.44768 23.9887 -10 -10.17035 23.6065 -10
4 0 -10.43359 23.16159 -10 -10.52038 23.42815 -10 -10.17035 23.6065 -10 -10.02416 23.15748 -10
4 0 -10.43787 22.89594 -10 -10.43359 23.16159 -10 -10.02416 23.15748 -10 -10.03137 22.71001 -10
4 0 -10.53256 22.67165 -10 -10.43787 22.89594 -10 -10.03137 22.71001 -10 -10.19088 22.33219 -10
4 16 -13.0785 25.75513 -10 -13.24314 25.98203 -10 -12.22038 26.50315 -10 -12.86107 25.60245 -10
4 16 -12.62396 25.54722 -10 -12.86107 25.60245 -10 -12.22038 26.50315 -10 -12.40325 25.59786 -10
4 16 -12.23256 25.74665 -10 -12.40325 25.59786 -10 -12.22038 26.50315 -10 -12.13787 25.97094 -10
3 16 -12.13787 25.97094 -10 -12.22038 26.50315 -10 -12.13359 26.23659 -10
4 16 -12.60245 26.88273 -10 -12.38502 26.73005 -10 -12.22038 26.50315 -10 -12.83956 26.93796 -10
4 16 -13.06027 26.88732 -10 -12.83956 26.93796 -10 -12.22038 26.50315 -10 -13.23096 26.73853 -10
4 16 -13.32565 26.51424 -10 -13.23096 26.73853 -10 -12.22038 26.50315 -10 -13.32993 26.24859 -10
3 16 -13.24314 25.98203 -10 -13.32993 26.24859 -10 -12.22038 26.50315 -10
4 0 -13.24314 25.98203 -10 -13.0785 25.75513 -10 -13.31584 25.42148 -10 -13.59317 25.80368 -10
4 0 -13.32993 26.24859 -10 -13.24314 25.98203 -10 -13.59317 25.80368 -10 -13.73936 26.2527 -10
4 0 -13.0785 25.75513 -10 -12.86107 25.60245 -10 -12.94958 25.16429 -10 -13.31584 25.42148 -10
4 0 -12.86107 25.60245 -10 -12.62396 25.54722 -10 -12.55017 25.07127 -10 -12.94958 25.16429 -10
4 0 -12.62396 25.54722 -10 -12.40325 25.59786 -10 -12.1784 25.15656 -10 -12.55017 25.07127 -10
4 0 -12.40325 25.59786 -10 -12.23256 25.74665 -10 -11.89088 25.40719 -10 -12.1784 25.15656 -10
4 0 -12.23256 25.74665 -10 -12.13787 25.97094 -10 -11.73137 25.78501 -10 -11.89088 25.40719 -10
4 0 -12.13787 25.97094 -10 -12.13359 26.23659 -10 -11.72416 26.23248 -10 -11.73137 25.78501 -10
4 0 -12.13359 26.23659 -10 -12.22038 26.50315 -10 -11.87035 26.6815 -10 -11.72416 26.23248 -10
4 0 -12.22038 26.50315 -10 -12.38502 26.73005 -10 -12.14768 27.0637 -10 -11.87035 26.6815 -10
4 0 -12.38502 26.73005 -10 -12.60245 26.88273 -10 -12.51394 27.32088 -10 -12.14768 27.0637 -10
4 0 -12.60245 26.88273 -10 -12.83956 26.93796 -10 -12.91335 27.41391 -10 -12.51394 27.32088 -10
4 0 -12.83956 26.93796 -10 -13.06027 26.88732 -10 -13.28512 27.32862 -10 -12.91335 27.41391 -10
4 0 -13.06027 26.88732 -10 -13.23096 26.73853 -10 -13.57265 27.07799 -10 -13.28512 27.32862 -10
4 0 -13.23096 26.73853 -10 -13.32565 26.51424 -10 -13.73215 26.70017 -10 -13.57265 27.07799 -10
4 0 -13.32565 26.51424 -10 -13.32993 26.24859 -10 -13.73936 26.2527 -10 -13.73215 26.70017 -10
4 16 10.81498 23.33005 -10 10.97962 23.10315 -10 11.06641 22.83659 -10 10.59755 23.48273 -10
4 16 10.36044 23.53796 -10 10.59755 23.48273 -10 11.06641 22.83659 -10 10.12174 23.52262 -10
4 0 11.32965 23.2815 -10 11.06641 22.83659 -10 10.97962 23.10315 -10 11.05232 23.6637 -10
4 0 11.05232 23.6637 -10 10.97962 23.10315 -10 10.81498 23.33005 -10 10.68606 23.92088 -10
4 0 10.68606 23.92088 -10 10.81498 23.33005 -10 10.59755 23.48273 -10 10.28665 24.01391 -10
4 0 10.28665 24.01391 -10 10.59755 23.48273 -10 10.36044 23.53796 -10 9.99587 23.91432 -10
4 16 12.95462 25.97815 -10 13.04141 25.71159 -10 12.10124 26.3888 -10 12.78998 26.20505 -10
4 16 12.57255 26.35773 -10 12.78998 26.20505 -10 12.10124 26.3888 -10 12.33544 26.41296 -10
4 0 13.30465 26.1565 -10 13.04141 25.71159 -10 12.95462 25.97815 -10 13.02732 26.5387 -10
4 0 13.02732 26.5387 -10 12.95462 25.97815 -10 12.78998 26.20505 -10 12.66106 26.79588 -10
4 0 12.66106 26.79588 -10 12.78998 26.20505 -10 12.57255 26.35773 -10 12.26165 26.88891 -10
4 0 12.26165 26.88891 -10 12.57255 26.35773 -10 12.33544 26.41296 -10 11.96937 26.79914 -10
4 0 11.27113 22.78454 -10 11.06641 22.83659 -10 11.32965 23.2815 -10 11.45084 22.93248 -10
4 0 10.36044 23.53796 -10 10.12174 23.52262 -10 9.96431 23.68697 -10 9.99587 23.91432 -10
4 0 12.33544 26.41296 -10 12.10124 26.3888 -10 11.93631 26.56097 -10 11.96937 26.79914 -10
4 0 13.24613 25.65954 -10 13.04141 25.71159 -10 13.30465 26.1565 -10 13.42584 25.80748 -10
4 16 18 30.975 -10 18 31.5 -10 19 32 -10 19 29 -10
4 16 17.35 30.8 -10 18 30.975 -10 19 29 -10 16.325 30.45 -10
4 16 15.25 30.025 -10 16.325 30.45 -10 19 29 -10 14 29.375 -10
4 16 13.02732 26.5387 -10 14 29.375 -10 19 29 -10 13.30465 26.1565 -10
3 16 13.42584 25.80748 -10 13.30465 26.1565 -10 19 29 -10
4 16 13.7 7.7 -10 19 29 -10 14.345 2 -10 13.65 7.325 -10
4 16 10.73723 5.55355 -10 10.70495 5.71128 -10 10.872 5.77833 -10 11.6 5.1 -10
4 16 11.6 5.1 -10 10.872 5.77833 -10 12.1 6.3 -10 12.45 4.675 -10
3 16 12.45 4.675 -10 12.1 6.3 -10 12.825 6.65 -10
4 16 12.45 4.675 -10 12.825 6.65 -10 13.4 7 -10 12.9 4.375 -10
4 16 12.9 4.375 -10 13.4 7 -10 13.65 7.325 -10 14.345 2 -10
3 16 14.345 2 -10 12.95 4.125 -10 12.9 4.375 -10
3 16 14.345 2 -10 12.825 3.825 -10 12.95 4.125 -10
3 16 14.345 2 -10 12.45 3.125 -10 12.825 3.825 -10
4 16 11.7 1.925 -10 12.45 3.125 -10 14.345 2 -10 12 0 -10
3 16 12 0 -10 11.2 1 -10 11.7 1.925 -10
3 16 12 0 -10 10.95 0.925 -10 11.2 1 -10
4 16 10.6 1.025 -10 10.95 0.925 -10 12 0 -10 7.175 1.05 -10
3 16 12 0 -10 6.95 0.975 -10 7.175 1.05 -10
4 16 10.6 1.025 -10 7.175 1.05 -10 7.25 2.025 -10 10.525 1.275 -10
4 16 10.525 1.275 -10 7.25 2.025 -10 7.3 3 -10 10.925 2 -10
4 16 10.925 2 -10 7.3 3 -10 7.35 3.8 -10 8.4 4.5 -10
4 16 10.925 2 -10 8.4 4.5 -10 9.85 5.1 -10 10.425 4.85 -10
4 16 11.55 3.075 -10 10.925 2 -10 10.425 4.85 -10 11.325 4.4 -10
4 16 11.325 4.4 -10 11.95 4.025 -10 11.95 3.85 -10 11.55 3.075 -10
4 16 9.35 5.15 -10 9.575 5.225 -10 9.85 5.1 -10 8.4 4.5 -10
4 16 13.7 7.7 -10 13.24613 25.65954 -10 13.42584 25.80748 -10 19 29 -10
4 16 13.04141 25.71159 -10 13.24613 25.65954 -10 11.45084 22.93248 -10 11.32965 23.2815 -10
4 16 13.04141 25.71159 -10 11.32965 23.2815 -10 11.05232 23.6637 -10 12.10124 26.3888 -10
4 16 12.10124 26.3888 -10 11.05232 23.6637 -10 10.68606 23.92088 -10 11.93631 26.56097 -10
4 16 11.93631 26.56097 -10 10.68606 23.92088 -10 10.28665 24.01391 -10 10.65 26.35 -10
4 16 11.93631 26.56097 -10 10.65 26.35 -10 11.25 27.075 -10 11.96937 26.79914 -10
4 16 11.96937 26.79914 -10 11.25 27.075 -10 12 27.85 -10 12.26165 26.88891 -10
4 16 12.26165 26.88891 -10 12 27.85 -10 12.95 28.7 -10 12.66106 26.79588 -10
4 16 12.66106 26.79588 -10 12.95 28.7 -10 14 29.375 -10 13.02732 26.5387 -10
3 16 10.28665 24.01391 -10 10.075 25.525 -10 10.65 26.35 -10
4 16 9.6 24.9 -10 10.075 25.525 -10 10.28665 24.01391 -10 9.99587 23.91432 -10
4 16 9.3 24.35 -10 9.6 24.9 -10 9.99587 23.91432 -10 9.1 23.725 -10
4 16 9.1 23.725 -10 9.99587 23.91432 -10 9.96431 23.68697 -10 9.05 23.125 -10
4 16 9.05 23.125 -10 9.96431 23.68697 -10 10.12174 23.52262 -10 9.05 22.45 -10
4 16 9.1 21.825 -10 9.05 22.45 -10 10.12174 23.52262 -10 9.3 20.625 -10
4 16 9.3 20.625 -10 10.12174 23.52262 -10 11.06641 22.83659 -10 9.55 19.3 -10
4 16 9.55 19.3 -10 11.06641 22.83659 -10 11.27113 22.78454 -10 9.8 18.2 -10
4 16 10.15 17.15 -10 9.8 18.2 -10 11.27113 22.78454 -10 10.6 16.075 -10
4 16 11.15 14.75 -10 10.6 16.075 -10 11.27113 22.78454 -10 11.85 13.25 -10
4 16 11.85 13.25 -10 11.27113 22.78454 -10 11.45084 22.93248 -10 12.45 11.7 -10
4 16 12.45 11.7 -10 11.45084 22.93248 -10 13.24613 25.65954 -10 13.1 9.95 -10
3 16 13.6 8.5 -10 13.1 9.95 -10 13.24613 25.65954 -10
3 16 18 31.5 -10 14.375 31.5 -10 19 32 -10
4 16 19 32 -10 14.375 31.5 -10 -14.15 31.5 -10 -19 32 -10
3 16 -14.15 31.5 -10 -18 31.5 -10 -19 32 -10
4 16 -19 32 -10 -18 31.5 -10 -18 30.95 -10 -19 29 -10
4 16 -19 29 -10 -18 30.95 -10 -17.35 30.925 -10 -16.325 30.75 -10
4 16 -19 29 -10 -16.325 30.75 -10 -15.025 30.325 -10 -13.775 29.675 -10
4 16 -19 29 -10 -13.775 29.675 -10 -13.28512 27.32862 -10 -13.57265 27.07799 -10
3 16 -13.73215 26.70017 -10 -19 29 -10 -13.57265 27.07799 -10
3 16 -13.73936 26.2527 -10 -19 29 -10 -13.73215 26.70017 -10
3 16 -13.59317 25.80368 -10 -19 29 -10 -13.73936 26.2527 -10
4 16 -19 29 -10 -13.59317 25.80368 -10 -13.31584 25.42148 -10 -12.03936 23.1777 -10
4 16 -19 29 -10 -12.03936 23.1777 -10 -13.425 8.125 -10 -13.525 7.325 -10
4 16 -14.345 2 -10 -19 29 -10 -13.525 7.325 -10 -13.475 6.95 -10
3 16 -14.345 2 -10 -13.475 6.95 -10 -13.225 6.625 -10
4 16 -14.345 2 -10 -13.225 6.625 -10 -12.65 6.275 -10 -12.775 4.1 -10
3 16 -14.345 2 -10 -12.775 4.1 -10 -12.875 3.825 -10
3 16 -14.345 2 -10 -12.875 3.825 -10 -12.8 3.525 -10
4 16 -14.345 2 -10 -12.8 3.525 -10 -12.59086 3.08833 -10 -12.01517 1.79563 -10
4 16 -12 0 -10 -14.345 2 -10 -12.01517 1.79563 -10 -11.64877 0.81005 -10
3 16 -12 0 -10 -11.64877 0.81005 -10 -11.41164 0.70099 -10
4 16 -12 0 -10 -11.41164 0.70099 -10 -11.05113 0.7513 -10 -7.34939 0.82244 -10
4 16 -7.56358 0.9243 -10 -7.34939 0.82244 -10 -11.05113 0.7513 -10 -10.95 1.025 -10
4 16 -7.5192 1.90117 -10 -7.56358 0.9243 -10 -10.95 1.025 -10 -11.23727 1.76204 -10
4 16 -7.45 2.875 -10 -7.5192 1.90117 -10 -11.23727 1.76204 -10 -11.70658 2.91357 -10
4 16 -7.45 2.875 -10 -11.70658 2.91357 -10 -11.25 4.1 -10 -7.425 3.75 -10
4 16 -8.225 4.25 -10 -7.425 3.75 -10 -11.25 4.1 -10 -10.35 4.55 -10
4 16 -8.225 4.25 -10 -10.35 4.55 -10 -9.775 4.8 -10 -9.175 4.875 -10
3 16 -9.775 4.8 -10 -9.4 4.95 -10 -9.175 4.875 -10
4 16 -11.875 3.55 -10 -11.875 3.725 -10 -11.25 4.1 -10 -11.70658 2.91357 -10
3 16 -12 0 -10 -7.34939 0.82244 -10 -7.12607 0.79502 -10
4 16 -12 0 -10 -7.12607 0.79502 -10 -0.875 0.825 -10 -0.25 0.725 -10
4 16 -12 0 -10 -0.25 0.725 -10 0.25 0.725 -10 12 0 -10
4 16 6.725 0.975 -10 6.95 0.975 -10 12 0 -10 0.825 0.825 -10
3 16 12 0 -10 0.25 0.725 -10 0.825 0.825 -10
4 16 -10.797 5.47833 -10 -10.62995 5.41128 -10 -10.66223 5.25355 -10 -11.525 4.8 -10
4 16 -11.925 5.925 -10 -10.797 5.47833 -10 -11.525 4.8 -10 -12.375 4.375 -10
4 16 -12.65 6.275 -10 -11.925 5.925 -10 -12.375 4.375 -10 -12.775 4.1 -10
4 16 -7.225 6.175 -10 -7.4 4.575 -10 -8.2 5.075 -10 -7.1 7.5 -10
3 16 -8.2 5.075 -10 -9 5.5 -10 -7.1 7.5 -10
3 16 -9 5.5 -10 -9.825 5.9 -10 -7.1 7.5 -10
4 16 -7.1 7.5 -10 -9.825 5.9 -10 -11 6.4 -10 -7.025 8.925 -10
4 16 -7.025 8.925 -10 -11 6.4 -10 -11.925 6.775 -10 -12.7 7.425 -10
4 16 -7.025 8.925 -10 -12.7 7.425 -10 -12.7 7.775 -10 -12.575 8.35 -10
4 16 -7.025 8.925 -10 -12.575 8.35 -10 -12 10.275 -10 -7.025 10.125 -10
4 16 -7.025 10.125 -10 -12 10.275 -10 -11.425 11.9 -10 -7.1 11.4 -10
4 16 -12.375 6.95 -10 -12.625 7.175 -10 -12.7 7.425 -10 -11.925 6.775 -10
4 16 -7.1 11.4 -10 -11.425 11.9 -10 -10.975 13.125 -10 -7.225 13.325 -10
4 16 -7.225 13.325 -10 -10.975 13.125 -10 -10.4 14.625 -10 -7.45 15.05 -10
4 16 -7.45 15.05 -10 -10.4 14.625 -10 -10.05 15.675 -10 -7.775 17.075 -10
3 16 -10.05 15.675 -10 -9.6 16.85 -10 -7.775 17.075 -10
4 16 -7.775 17.075 -10 -9.6 16.85 -10 -9.25 17.95 -10 -8.125 18.975 -10
3 16 -9.25 17.95 -10 -8.975 18.875 -10 -8.125 18.975 -10
4 16 -8.125 18.975 -10 -8.975 18.875 -10 -8.725 19.9 -10 -8.425 20.35 -10
3 16 -8.725 19.9 -10 -8.575 20.375 -10 -8.425 20.35 -10
4 16 -13.28512 27.32862 -10 -13.775 29.675 -10 -12.675 28.875 -10 -12.91335 27.41391 -10
4 16 -12.91335 27.41391 -10 -12.675 28.875 -10 -11.925 28.025 -10 -12.51394 27.32088 -10
4 16 -12.14768 27.0637 -10 -12.51394 27.32088 -10 -11.925 28.025 -10 -11.2 27.075 -10
3 16 -11.87035 26.6815 -10 -12.14768 27.0637 -10 -11.2 27.075 -10
4 16 -11.72416 26.23248 -10 -11.87035 26.6815 -10 -11.2 27.075 -10 -10.65 26.35 -10
4 16 -11.73137 25.78501 -10 -11.72416 26.23248 -10 -10.65 26.35 -10 -10.075 25.525 -10
4 16 -11.21335 24.33891 -10 -11.73137 25.78501 -10 -10.075 25.525 -10 -10.81394 24.24588 -10
4 16 -10.81394 24.24588 -10 -10.075 25.525 -10 -9.725 24.875 -10 -10.44768 23.9887 -10
4 16 -10.44768 23.9887 -10 -9.725 24.875 -10 -9.425 24.325 -10 -10.17035 23.6065 -10
4 16 -10.17035 23.6065 -10 -9.425 24.325 -10 -9.225 23.7 -10 -10.02416 23.15748 -10
4 16 -10.02416 23.15748 -10 -9.225 23.7 -10 -9.125 23.1 -10 -10.03137 22.71001 -10
4 16 -10.03137 22.71001 -10 -9.125 23.1 -10 -9.075 22.475 -10 -10.19088 22.33219 -10
4 16 -10.19088 22.33219 -10 -9.075 22.475 -10 -9.15 21.65 -10 -10.4784 22.08156 -10
4 16 -12.03936 23.1777 -10 -13.31584 25.42148 -10 -12.94958 25.16429 -10 -12.03215 23.62517 -10
4 16 -12.03215 23.62517 -10 -12.94958 25.16429 -10 -12.55017 25.07127 -10 -11.87265 24.00299 -10
4 16 -11.87265 24.00299 -10 -12.55017 25.07127 -10 -12.1784 25.15656 -10 -11.58512 24.25362 -10
4 16 -11.58512 24.25362 -10 -12.1784 25.15656 -10 -11.89088 25.40719 -10 -11.21335 24.33891 -10
3 16 -11.21335 24.33891 -10 -11.89088 25.40719 -10 -11.73137 25.78501 -10
4 16 -10.4784 22.08156 -10 -9.15 21.65 -10 -9.35 20.625 -10 -10.85017 21.99627 -10
4 16 -10.85017 21.99627 -10 -9.35 20.625 -10 -9.675 19.175 -10 -9.95 18.2 -10
4 16 -11.24958 22.08929 -10 -10.85017 21.99627 -10 -9.95 18.2 -10 -10.25 17.15 -10
4 16 -13.425 8.125 -10 -12.03936 23.1777 -10 -11.89317 22.72868 -10 -12.9 9.95 -10
4 16 -12.3 11.7 -10 -12.9 9.95 -10 -11.89317 22.72868 -10 -11.61584 22.34648 -10
4 16 -11.7 13.25 -10 -12.3 11.7 -10 -11.61584 22.34648 -10 -11.15 14.75 -10
4 16 -11.15 14.75 -10 -11.61584 22.34648 -10 -11.24958 22.08929 -10 -10.65 16.075 -10
3 16 -10.65 16.075 -10 -11.24958 22.08929 -10 -10.25 17.15 -10
4 16 -5.3 10.2 -10 -6.175 9.575 -10 -6.225 10.4 -10 -6.275 11.475 -10
4 16 -4.475 10.875 -10 -5.3 10.2 -10 -6.275 11.475 -10 -6.425 13.275 -10
3 16 -4.475 10.875 -10 -6.425 13.275 -10 -3.65 11.45 -10
3 16 -3.65 11.45 -10 -6.425 13.275 -10 -2.825 11.925 -10
4 16 -1.95 12.375 -10 -2.825 11.925 -10 -6.425 13.275 -10 -1.65 13.225 -10
4 16 -1.725 14.15 -10 -1.65 13.225 -10 -6.425 13.275 -10 -6.65 15.125 -10
4 16 -1.85 15.65 -10 -1.725 14.15 -10 -6.65 15.125 -10 -6.975 17.075 -10
4 16 -1.975 17.1 -10 -1.85 15.65 -10 -6.975 17.075 -10 -7.35 19.05 -10
4 16 -2.075 19.2 -10 -1.975 17.1 -10 -7.35 19.05 -10 -7.675 20.575 -10
3 16 -2.075 19.2 -10 -7.675 20.575 -10 -2.2 20.675 -10
4 16 -2.275 21.875 -10 -2.2 20.675 -10 -7.675 20.575 -10 -7.975 21.825 -10
4 16 -1.95 12.375 -10 -1.65 13.225 -10 -1.625 12.875 -10 -1.7375 12.55 -10
4 16 -0.425 13.15 -10 -0.675 13.275 -10 -0.8 13.475 -10 -0.20801 14.46782 -10
4 16 -1.07775 23.59395 -10 -1.06953 23.45176 -10 -1.3 23.325 -10 -1.6 23.9 -10
4 16 -1.6 23.9 -10 -1.3 23.325 -10 -1.675 23.2 -10 -1.975 23.125 -10
4 16 -2.175 24.325 -10 -1.6 23.9 -10 -1.975 23.125 -10 -2.225 22.975 -10
4 16 -2.675 24.675 -10 -2.175 24.325 -10 -2.225 22.975 -10 -3.325 25.125 -10
4 16 -4.075 25.675 -10 -3.325 25.125 -10 -2.225 22.975 -10 -2.3 22.725 -10
4 16 -8.337 23.038 -10 -4.075 25.675 -10 -2.3 22.725 -10 -2.3 22.375 -10
4 16 -7.975 21.825 -10 -8.337 23.038 -10 -2.3 22.375 -10 -2.275 21.875 -10
4 16 -8.337 23.038 -10 -8.125 25.6 -10 -7.425 26.2 -10 -6.725 26.675 -10
4 16 -8.337 23.038 -10 -6.725 26.675 -10 -5.325 26.65 -10 -4.65 26.1 -10
3 16 -8.337 23.038 -10 -4.65 26.1 -10 -4.075 25.675 -10
4 16 -6.05 27.1 -10 -5.9 27.125 -10 -5.8 27.05 -10 -6.725 26.675 -10
3 16 -5.325 26.65 -10 -6.725 26.675 -10 -5.8 27.05 -10
4 16 -8.625 23.95 -10 -8.785 24.655 -10 -8.74 24.895 -10 -8.125 25.6 -10
3 16 -8.337 23.038 -10 -8.625 23.95 -10 -8.125 25.6 -10
4 16 -1.475 22.25 -10 -1.425 22.4 -10 -1.275 22.5 -10 -1.45 22.075 -10
4 16 -1.45 22.075 -10 -1.275 22.5 -10 -0.95 22.65 -10 -0.37736 21.92736 -10
3 16 -0.60801 21.58218 -10 -1.45 22.075 -10 -0.37736 21.92736 -10
4 16 -1.45 22.075 -10 -0.60801 21.58218 -10 -0.689 21.175 -10 -1.4 20.85 -10
4 16 -1.4 20.85 -10 -0.689 21.175 -10 -0.60801 20.76782 -10 -1.325 19.375 -10
4 16 -1.325 19.375 -10 -0.60801 20.76782 -10 -0.37736 20.42264 -10 -0.12736 18.75236 -10
4 16 0.21782 18.98301 -10 -0.12736 18.75236 -10 -0.37736 20.42264 -10 -0.03218 20.19199 -10
4 16 0.21782 18.98301 -10 -0.03218 20.19199 -10 0.375 20.111 -10 0.625 19.064 -10
4 16 0.625 19.064 -10 0.375 20.111 -10 0.78218 20.19199 -10 1.03218 18.98301 -10
4 16 1.37736 18.75236 -10 1.03218 18.98301 -10 0.78218 20.19199 -10 1.12736 20.42264 -10
4 16 1.37736 18.75236 -10 1.12736 20.42264 -10 1.35801 20.76782 -10 7.35 19.05 -10
4 16 -0.37736 21.92736 -10 -0.95 22.65 -10 -0.425 22.9 -10 -0.03218 22.15801 -10
4 16 0.375 22.239 -10 -0.03218 22.15801 -10 -0.425 22.9 -10 0.225 23.175 -10
4 16 0.78218 22.15801 -10 0.375 22.239 -10 0.225 23.175 -10 1 23.6 -10
4 16 1.12736 21.92736 -10 0.78218 22.15801 -10 1 23.6 -10 1.625 24.05 -10
4 16 1.12736 21.92736 -10 1.625 24.05 -10 2.2 24.45 -10 1.35801 21.58218 -10
4 16 1.35801 21.58218 -10 2.2 24.45 -10 2.725 24.85 -10 1.439 21.175 -10
4 16 1.439 21.175 -10 2.725 24.85 -10 3.325 25.35 -10 7.025 25.9 -10
4 16 6.2 26.5 -10 7.025 25.9 -10 3.325 25.35 -10 3.975 25.925 -10
3 16 3.975 25.925 -10 4.575 26.55 -10 6.2 26.5 -10
4 16 6.2 26.5 -10 4.575 26.55 -10 4.925 27 -10 5.45 27 -10
4 16 4.925 27 -10 5.025 27.175 -10 5.175 27.2 -10 5.45 27 -10
4 16 8.025 23.3 -10 7.025 25.9 -10 7.8 25.3 -10 8.325 23.975 -10
3 16 8.325 23.975 -10 7.8 25.3 -10 8.625 24.65 -10
4 16 1.439 21.175 -10 7.025 25.9 -10 8.025 23.3 -10 7.85 22.625 -10
4 16 1.439 21.175 -10 7.85 22.625 -10 7.7 21.75 -10 1.35801 20.76782 -10
3 16 7.55 20.6 -10 1.35801 20.76782 -10 7.7 21.75 -10
3 16 7.35 19.05 -10 1.35801 20.76782 -10 7.55 20.6 -10
3 16 1.60801 18.40718 -10 1.37736 18.75236 -10 7.35 19.05 -10
4 16 1.689 18 -10 1.60801 18.40718 -10 7.35 19.05 -10 7.15 17.025 -10
3 16 7.15 17.025 -10 1.60801 17.59282 -10 1.689 18 -10
4 16 -1.325 19.375 -10 -0.12736 18.75236 -10 -0.35801 18.40718 -10 -1.225 17.875 -10
3 16 -1.225 17.875 -10 -0.35801 18.40718 -10 -0.439 18 -10
4 16 -1.225 17.875 -10 -0.439 18 -10 -0.35801 17.59282 -10 -1.05 15.975 -10
4 16 -1.05 15.975 -10 -0.35801 17.59282 -10 -0.12736 17.24764 -10 0.02264 15.62736 -10
4 16 0.02264 15.62736 -10 -0.12736 17.24764 -10 0.21782 17.01699 -10 0.36782 15.85801 -10
4 16 0.36782 15.85801 -10 0.21782 17.01699 -10 0.625 16.936 -10 0.775 15.939 -10
4 16 0.775 15.939 -10 0.625 16.936 -10 1.03218 17.01699 -10 1.18218 15.85801 -10
4 16 1.18218 15.85801 -10 1.03218 17.01699 -10 1.37736 17.24764 -10 1.52736 15.62736 -10
4 16 7.15 17.025 -10 1.52736 15.62736 -10 1.37736 17.24764 -10 1.60801 17.59282 -10
3 16 1.75801 15.28218 -10 1.52736 15.62736 -10 7.15 17.025 -10
4 16 1.839 14.875 -10 1.75801 15.28218 -10 7.15 17.025 -10 6.95 15.075 -10
4 16 1.75801 14.46782 -10 1.839 14.875 -10 6.95 15.075 -10 6.825 12.95 -10
4 16 1.52736 14.12264 -10 1.75801 14.46782 -10 6.825 12.95 -10 1.775 12.3 -10
3 16 2.675 11.825 -10 1.775 12.3 -10 6.825 12.95 -10
3 16 3.575 11.25 -10 2.675 11.825 -10 6.825 12.95 -10
4 16 4.425 10.6 -10 3.575 11.25 -10 6.825 12.95 -10 6.725 11 -10
4 16 5.325 9.825 -10 4.425 10.6 -10 6.725 11 -10 6.7 9.775 -10
4 16 6.175 9.025 -10 5.325 9.825 -10 6.7 9.775 -10 6.65 8.6 -10
4 16 -1.05 15.975 -10 0.02264 15.62736 -10 -0.20801 15.28218 -10 -0.95 14.575 -10
3 16 -0.95 14.575 -10 -0.20801 15.28218 -10 -0.289 14.875 -10
4 16 -0.95 14.575 -10 -0.289 14.875 -10 -0.20801 14.46782 -10 -0.8 13.475 -10
3 16 -0.425 13.15 -10 -0.20801 14.46782 -10 0.02264 14.12264 -10
4 16 -0.425 13.15 -10 0.02264 14.12264 -10 0.36782 13.89199 -10 0.225 12.975 -10
4 16 0.225 12.975 -10 0.36782 13.89199 -10 0.775 13.811 -10 1 12.675 -10
4 16 1 12.675 -10 0.775 13.811 -10 1.18218 13.89199 -10 1.775 12.3 -10
3 16 1.775 12.3 -10 1.18218 13.89199 -10 1.52736 14.12264 -10
4 16 8.3 20.85 -10 8.45 20.875 -10 8.65 19.9 -10 8.125 18.975 -10
3 16 8.825 18.875 -10 8.125 18.975 -10 8.65 19.9 -10
4 16 8.125 18.975 -10 8.825 18.875 -10 9.1 17.95 -10 7.95 17.025 -10
3 16 9.4 17 -10 7.95 17.025 -10 9.1 17.95 -10
4 16 7.95 17.025 -10 9.4 17 -10 9.825 16 -10 7.75 15 -10
4 16 7.75 15 -10 9.825 16 -10 10.4 14.625 -10 7.625 13 -10
4 16 7.625 13 -10 10.4 14.625 -10 11.05 13.125 -10 11.575 11.9 -10
4 16 7.55 11.075 -10 7.625 13 -10 11.575 11.9 -10 12.2 10.275 -10
4 16 7.475 9.8 -10 7.55 11.075 -10 12.2 10.275 -10 12.8 8.725 -10
4 16 7.425 8.6 -10 7.475 9.8 -10 12.8 8.725 -10 12.05 7.075 -10
3 16 11.125 6.7 -10 7.425 8.6 -10 12.05 7.075 -10
4 16 7.425 8.6 -10 11.125 6.7 -10 9.95 6.2 -10 7.4 7.45 -10
4 16 7.4 7.45 -10 9.95 6.2 -10 9.025 5.725 -10 7.4 6.825 -10
4 16 7.4 6.825 -10 9.025 5.725 -10 8.2 5.25 -10 7.375 5.625 -10
3 16 7.4 4.7 -10 7.375 5.625 -10 8.2 5.25 -10
4 16 12.925 7.8 -10 12.85 7.55 -10 12.6 7.325 -10 12.925 8.15 -10
4 16 12.925 8.15 -10 12.6 7.325 -10 12.05 7.075 -10 12.8 8.725 -10
4 16 13.775 30.75 -10 12.95 29.825 -10 5.4 27.925 -10 14.375 31.5 -10
4 16 6 27.525 -10 5.4 27.925 -10 12.95 29.825 -10 11.85 28.7 -10
3 16 6 27.525 -10 11.85 28.7 -10 10.875 27.775 -10
4 16 6 27.525 -10 10.875 27.775 -10 10.3 27.2 -10 6.875 26.975 -10
4 16 6.875 26.975 -10 10.3 27.2 -10 9.7 26.6 -10 7.625 26.425 -10
4 16 7.625 26.425 -10 9.7 26.6 -10 9.15 26.1 -10 8.625 25.625 -10
3 16 5.4 27.925 -10 5.125 28.05 -10 14.375 31.5 -10
4 16 14.375 31.5 -10 5.125 28.05 -10 4.875 28.025 -10 -5.6 28 -10
4 16 0.575 24.7 -10 0 24.65 -10 -0.575 24.7 -10 1.2 24.875 -10
4 16 1.2 24.875 -10 -0.575 24.7 -10 -1.15 24.825 -10 1.775 25.125 -10
4 16 1.775 25.125 -10 -1.15 24.825 -10 -1.8 25.075 -10 2.3 25.5 -10
4 16 2.3 25.5 -10 -1.8 25.075 -10 -2.5 25.45 -10 2.875 26 -10
4 16 2.875 26 -10 -2.5 25.45 -10 -3.175 25.925 -10 3.475 26.55 -10
4 16 3.475 26.55 -10 -3.175 25.925 -10 -3.825 26.4 -10 4.15 27.35 -10
4 16 4.15 27.35 -10 -3.825 26.4 -10 -4.4 26.875 -10 4.65 27.85 -10
4 16 4.65 27.85 -10 -4.4 26.875 -10 -5.05 27.475 -10 4.875 28.025 -10
3 16 -5.05 27.475 -10 -5.45 27.875 -10 4.875 28.025 -10
3 16 -5.45 27.875 -10 -5.6 28 -10 4.875 28.025 -10
3 16 -8.95 25.85 -10 -9.7 26.6 -10 -8.325 26.475 -10
4 16 -7.475 27.1 -10 -8.325 26.475 -10 -9.7 26.6 -10 -10.275 27.2 -10
4 16 -6.725 27.575 -10 -7.475 27.1 -10 -10.275 27.2 -10 -10.825 27.775 -10
4 16 -6.725 27.575 -10 -10.825 27.775 -10 -11.65 28.7 -10 -6 27.975 -10
4 16 -6 27.975 -10 -11.65 28.7 -10 -12.725 29.825 -10 -13.55 30.75 -10
4 16 -6 27.975 -10 -13.55 30.75 -10 -14.15 31.5 -10 -5.825 28.025 -10
4 16 -5.6 28 -10 -5.825 28.025 -10 -14.15 31.5 -10 14.375 31.5 -10
3 16 13.7 7.7 -10 13.6 8.5 -10 13.24613 25.65954 -10
