0 FILE bl_1613.dat
0 ANTLERS, NO. 1
0 Name:  bl_1613.dat
0 Author:  
0 BFC CERTIFY CCW
3 16 0.000 0.000 -2.000 -1.421 -4.702 -1.416 -1.421 0.000 -1.416 0.874390 0.258154 0.843603 0.352338 0.843612 0.258152
3 16 0.000 0.000 -2.000 0.000 -4.702 -2.000 -1.421 -4.702 -1.416 0.874390 0.258154 0.874380 0.352340 0.843603 0.352338
3 16 0.000 0.000 -2.000 -1.421 0.000 -1.416 0.000 0.000 0.000 0.078759 0.278509 0.051483 0.289859 0.051593 0.251287
3 16 -2.008 0.000 0.000 -1.421 -4.702 -1.416 -2.008 -4.702 0.000 0.812904 0.258150 0.843603 0.352338 0.812895 0.352336
3 16 -2.008 0.000 0.000 -1.421 0.000 -1.416 -1.421 -4.702 -1.416 0.812904 0.258150 0.843612 0.258152 0.843603 0.352338
3 16 -1.421 0.000 -1.416 -2.008 0.000 0.000 0.000 0.000 0.000 0.051483 0.289859 0.024256 0.278568 0.051593 0.251287
3 16 -4.253 -16.899 -2.243 -5.142 -16.042 -2.243 -3.301 -15.022 -2.250 0.602986 0.731875 0.605124 0.708575 0.642023 0.723710
3 16 -0.943 -15.063 -2.243 -1.324 -16.089 -2.243 -3.301 -15.022 -2.250 0.669366 0.759043 0.649688 0.765580 0.642023 0.723710
3 16 -2.169 -16.822 -2.243 -3.213 -17.117 -2.243 -3.301 -15.022 -2.250 0.628824 0.761765 0.612101 0.749822 0.642023 0.723710
3 16 -9.224 -22.922 -2.243 -9.990 -22.160 -2.243 -7.985 -20.818 -2.250 0.455022 0.729733 0.457224 0.709377 0.500812 0.723109
3 16 -7.115 -22.994 -2.243 -8.130 -23.235 -2.243 -7.985 -20.818 -2.250 0.478942 0.761762 0.463364 0.749610 0.500812 0.723109
3 16 -5.838 -21.168 -2.243 -6.223 -22.241 -2.243 -7.985 -20.818 -2.250 0.521087 0.759007 0.500644 0.766033 0.500812 0.723109
3 16 -11.663 -17.547 -2.250 -6.035 -14.406 -2.243 -7.756 -16.866 -2.243 0.505589 0.629984 0.618743 0.675989 0.561957 0.679675
3 16 -11.663 -17.547 -2.250 -6.071 -10.131 -2.250 -6.035 -14.406 -2.243 0.505589 0.629984 0.681546 0.624856 0.618743 0.675989
3 16 -18.087 -16.372 -2.243 -16.000 -15.290 -2.250 -17.473 -17.163 -2.243 0.446801 0.521242 0.487517 0.539147 0.442441 0.539599
3 16 -18.231 -15.195 -2.243 -17.856 -14.200 -2.243 -16.000 -15.290 -2.250 0.462349 0.505125 0.481499 0.498733 0.487517 0.539147
3 16 -15.866 -13.198 -2.243 -16.000 -15.290 -2.250 -17.067 -13.453 -2.243 0.520052 0.516291 0.487517 0.539147 0.502013 0.501533
3 16 -11.663 -17.547 -2.250 -10.532 -11.224 -2.243 -6.071 -10.131 -2.250 0.505589 0.629984 0.612497 0.571786 0.681546 0.624856
3 16 -11.663 -17.547 -2.250 -12.248 -13.675 -2.243 -10.532 -11.224 -2.243 0.505589 0.629984 0.555906 0.575433 0.612497 0.571786
3 16 -12.971 -6.714 -2.243 -11.791 -6.505 -2.243 -11.149 -8.846 -2.250 0.650340 0.482267 0.667396 0.497264 0.640371 0.534471
3 16 -13.769 -7.513 -2.243 -11.149 -8.846 -2.250 -14.166 -8.570 -2.243 0.629078 0.479934 0.640371 0.534471 0.608733 0.486582
3 16 -13.374 -10.520 -2.243 -14.013 -9.671 -2.243 -11.149 -8.846 -2.250 0.589266 0.521371 0.594251 0.501872 0.640371 0.534471
3 16 -14.755 -25.248 -2.243 -14.788 -22.309 -2.250 -13.727 -24.931 -2.243 0.355103 0.675564 0.398156 0.640221 0.371978 0.686998
3 16 -16.734 -24.616 -2.243 -14.788 -22.309 -2.250 -15.839 -25.122 -2.243 0.340983 0.638821 0.398156 0.640221 0.344109 0.658034
3 16 -17.416 -23.912 -2.243 -17.797 -23.036 -2.243 -14.788 -22.309 -2.250 0.343306 0.620395 0.351736 0.604369 0.398156 0.640221
3 16 -14.788 -22.309 -2.250 -17.818 -22.100 -2.243 -17.430 -21.076 -2.243 0.398156 0.640221 0.365319 0.592961 0.385052 0.586560
3 16 -7.985 -20.818 -2.250 -10.642 -20.941 -2.243 -11.663 -17.547 -2.250 0.500812 0.723109 0.467514 0.685293 0.505589 0.629984
3 16 -7.985 -20.818 -2.250 -9.990 -22.160 -2.243 -10.642 -20.941 -2.243 0.500812 0.723109 0.457224 0.709377 0.467514 0.685293
3 16 -7.756 -16.866 -2.243 -7.985 -20.818 -2.250 -11.663 -17.547 -2.250 0.561957 0.679675 0.500812 0.723109 0.505589 0.629984
3 16 -7.756 -16.866 -2.243 -6.059 -20.058 -2.243 -7.985 -20.818 -2.250 0.561957 0.679675 0.534868 0.742585 0.500812 0.723109
3 16 -7.435 -7.077 -2.243 -5.573 -7.571 -2.250 -6.071 -10.131 -2.250 0.710546 0.568468 0.725449 0.601998 0.681546 0.624856
3 16 -7.435 -7.077 -2.243 -6.518 -5.055 -2.243 -5.573 -7.571 -2.250 0.710546 0.568468 0.751268 0.558057 0.725449 0.601998
3 16 -1.852 -7.571 -3.827 0.000 -4.702 -3.906 0.000 -7.571 -4.000 0.907703 0.589900 0.872177 0.646249 0.871520 0.590244
3 16 -1.852 -7.571 -3.827 -1.845 -4.702 -3.737 0.000 -4.702 -3.906 0.907703 0.589900 0.908268 0.645724 0.872177 0.646249
3 16 -13.769 -7.513 -2.243 -12.971 -6.714 -2.243 -11.149 -8.846 -2.250 0.629078 0.479934 0.650340 0.482267 0.640371 0.534471
3 16 -14.166 -8.570 -2.243 -11.149 -8.846 -2.250 -14.013 -9.671 -2.243 0.608733 0.486582 0.640371 0.534471 0.594251 0.501872
3 16 -12.399 -10.962 -2.243 -13.374 -10.520 -2.243 -11.149 -8.846 -2.250 0.594275 0.541026 0.589266 0.521371 0.640371 0.534471
3 16 -5.694 -4.702 -2.250 -6.518 -5.055 -2.243 -6.509 -4.702 -2.243 0.766280 0.566063 0.751268 0.558057 0.756629 0.554006
3 16 -5.573 -7.571 -2.250 -6.518 -5.055 -2.243 -5.694 -4.702 -2.250 0.725449 0.601998 0.751268 0.558057 0.766280 0.566063
3 16 -11.149 -8.846 -2.250 -7.435 -7.077 -2.243 -6.071 -10.131 -2.250 0.640371 0.534471 0.710546 0.568468 0.681546 0.624856
3 16 -11.149 -8.846 -2.250 -11.791 -6.505 -2.243 -7.435 -7.077 -2.243 0.640371 0.534471 0.667396 0.497264 0.710546 0.568468
3 16 -17.067 -13.453 -2.243 -16.000 -15.290 -2.250 -17.856 -14.200 -2.243 0.502013 0.501533 0.487517 0.539147 0.481499 0.498733
3 16 -18.087 -16.372 -2.243 -18.231 -15.195 -2.243 -16.000 -15.290 -2.250 0.446801 0.521242 0.462349 0.505125 0.487517 0.539147
3 16 -16.473 -17.614 -2.243 -17.473 -17.163 -2.243 -16.000 -15.290 -2.250 0.447587 0.559676 0.442441 0.539599 0.487517 0.539147
3 16 -17.797 -23.036 -2.243 -17.818 -22.100 -2.243 -14.788 -22.309 -2.250 0.351736 0.604369 0.365319 0.592961 0.398156 0.640221
3 16 -16.734 -24.616 -2.243 -17.416 -23.912 -2.243 -14.788 -22.309 -2.250 0.340983 0.638821 0.343306 0.620395 0.398156 0.640221
3 16 -14.755 -25.248 -2.243 -15.839 -25.122 -2.243 -14.788 -22.309 -2.250 0.355103 0.675564 0.344109 0.658034 0.398156 0.640221
3 16 -13.727 -24.931 -2.243 -14.788 -22.309 -2.250 -12.922 -24.226 -2.243 0.371978 0.686998 0.398156 0.640221 0.391934 0.690547
3 16 -8.130 -23.235 -2.243 -9.224 -22.922 -2.243 -7.985 -20.818 -2.250 0.463364 0.749610 0.455022 0.729733 0.500812 0.723109
3 16 -6.223 -22.241 -2.243 -7.115 -22.994 -2.243 -7.985 -20.818 -2.250 0.500644 0.766033 0.478942 0.761762 0.500812 0.723109
3 16 -6.059 -20.058 -2.243 -5.838 -21.168 -2.243 -7.985 -20.818 -2.250 0.534868 0.742585 0.521087 0.759007 0.500812 0.723109
3 16 -15.186 -17.795 -2.243 -16.000 -15.290 -2.250 -11.663 -17.547 -2.250 0.460173 0.580850 0.487517 0.539147 0.505589 0.629984
3 16 -15.186 -17.795 -2.243 -16.473 -17.614 -2.243 -16.000 -15.290 -2.250 0.460173 0.580850 0.447587 0.559676 0.487517 0.539147
3 16 -16.000 -15.290 -2.250 -12.248 -13.675 -2.243 -11.663 -17.547 -2.250 0.487517 0.539147 0.555906 0.575433 0.505589 0.629984
3 16 -16.000 -15.290 -2.250 -15.866 -13.198 -2.243 -12.248 -13.675 -2.243 0.487517 0.539147 0.520052 0.516291 0.555906 0.575433
3 16 -3.213 -17.117 -2.243 -4.253 -16.899 -2.243 -3.301 -15.022 -2.250 0.612101 0.749822 0.602986 0.731875 0.642023 0.723710
3 16 -1.324 -16.089 -2.243 -2.169 -16.822 -2.243 -3.301 -15.022 -2.250 0.649688 0.765580 0.628824 0.761765 0.642023 0.723710
3 16 -1.217 -13.881 -2.243 -0.943 -15.063 -2.243 -3.301 -15.022 -2.250 0.683593 0.740981 0.669366 0.759043 0.642023 0.723710
3 16 -3.301 -15.022 -2.250 -6.035 -14.406 -2.243 -6.071 -10.131 -2.250 0.642023 0.723710 0.618743 0.675989 0.681546 0.624856
3 16 -3.301 -15.022 -2.250 -5.142 -16.042 -2.243 -6.035 -14.406 -2.243 0.642023 0.723710 0.605124 0.708575 0.618743 0.675989
3 16 -3.394 -10.050 -2.243 -3.301 -15.022 -2.250 -6.071 -10.131 -2.250 0.714434 0.663511 0.642023 0.723710 0.681546 0.624856
3 16 -3.394 -10.050 -2.243 -1.217 -13.881 -2.243 -3.301 -15.022 -2.250 0.714434 0.663511 0.683593 0.740981 0.642023 0.723710
3 16 -3.725 -7.571 -3.352 -1.845 -4.702 -3.737 -1.852 -7.571 -3.827 0.945297 0.589721 0.908268 0.645724 0.907703 0.589900
3 16 -3.725 -7.571 -3.352 -3.871 -4.702 -3.228 -1.845 -4.702 -3.737 0.945297 0.589721 0.948892 0.645506 0.908268 0.645724
3 16 0.000 -4.702 -2.000 -1.845 -4.702 -3.737 -1.421 -4.702 -1.416 0.605827 0.123839 0.575741 0.160905 0.577822 0.116499
3 16 0.000 -4.702 -2.000 0.000 -4.702 -3.906 -1.845 -4.702 -3.737 0.605827 0.123839 0.610613 0.159426 0.575741 0.160905
3 16 -1.421 -4.702 -1.416 -3.871 -4.702 -3.228 -2.008 -4.702 0.000 0.577822 0.116499 0.536624 0.156495 0.563294 0.091533
3 16 -1.421 -4.702 -1.416 -1.845 -4.702 -3.737 -3.871 -4.702 -3.228 0.577822 0.116499 0.575741 0.160905 0.536624 0.156495
3 16 -5.573 -7.571 -2.250 -3.394 -10.050 -2.243 -6.071 -10.131 -2.250 0.725449 0.601998 0.714434 0.663511 0.681546 0.624856
3 16 -5.573 -7.571 -2.250 -2.405 -8.670 -2.243 -3.394 -10.050 -2.243 0.725449 0.601998 0.746465 0.661654 0.714434 0.663511
3 16 -3.871 -4.702 -3.228 -5.573 -7.571 -2.250 -5.694 -4.702 -2.250 0.948892 0.645506 0.987180 0.589754 0.989107 0.645550
3 16 -3.871 -4.702 -3.228 -3.725 -7.571 -3.352 -5.573 -7.571 -2.250 0.948892 0.645506 0.945297 0.589721 0.987180 0.589754
3 16 -3.871 -4.702 -3.228 -5.694 -4.702 -2.250 -2.008 -4.702 0.000 0.536624 0.156495 0.500122 0.142811 0.563294 0.091533
3 16 0.000 -7.571 -4.000 0.000 -8.670 -2.243 -1.852 -7.571 -3.827 0.882592 0.536058 0.883015 0.575726 0.847114 0.539167
3 16 -3.725 -7.571 -3.352 -2.405 -8.670 -2.243 -5.573 -7.571 -2.250 0.810969 0.547022 0.837035 0.576404 0.773872 0.565038
3 16 -3.725 -7.571 -3.352 0.000 -8.670 -2.243 -2.405 -8.670 -2.243 0.810969 0.547022 0.883015 0.575726 0.837035 0.576404
3 16 -3.725 -7.571 -3.352 -1.852 -7.571 -3.827 0.000 -8.670 -2.243 0.810969 0.547022 0.847114 0.539167 0.883015 0.575726
3 16 -10.532 -11.224 -2.243 -11.149 -8.846 -2.250 -6.071 -10.131 -2.250 0.612497 0.571786 0.640371 0.534471 0.681546 0.624856
3 16 -10.532 -11.224 -2.243 -12.399 -10.962 -2.243 -11.149 -8.846 -2.250 0.612497 0.571786 0.594275 0.541026 0.640371 0.534471
3 16 -14.788 -22.309 -2.250 -10.642 -20.941 -2.243 -12.922 -24.226 -2.243 0.398156 0.640221 0.467514 0.685293 0.391934 0.690547
3 16 -14.788 -22.309 -2.250 -11.663 -17.547 -2.250 -10.642 -20.941 -2.243 0.398156 0.640221 0.505589 0.629984 0.467514 0.685293
3 16 -14.788 -22.309 -2.250 -15.186 -17.795 -2.243 -11.663 -17.547 -2.250 0.398156 0.640221 0.460173 0.580850 0.505589 0.629984
3 16 -14.788 -22.309 -2.250 -17.430 -21.076 -2.243 -15.186 -17.795 -2.243 0.398156 0.640221 0.385052 0.586560 0.460173 0.580850
3 16 -1.421 -4.702 1.416 0.000 0.000 2.000 -1.421 0.000 1.416 0.963484 0.891613 0.932700 0.797413 0.963483 0.797413
3 16 -1.421 -4.702 1.416 0.000 -4.702 2.000 0.000 0.000 2.000 0.963484 0.891613 0.932702 0.891614 0.932700 0.797413
3 16 -1.421 0.000 1.416 0.000 0.000 2.000 0.000 0.000 0.000 0.013020 0.251317 0.024426 0.224065 0.051593 0.251287
3 16 -1.421 -4.702 1.416 -2.008 0.000 0.000 -2.008 -4.702 0.000 0.782187 0.352333 0.812904 0.258150 0.812895 0.352336
3 16 -1.421 -4.702 1.416 -1.421 0.000 1.416 -2.008 0.000 0.000 0.782187 0.352333 0.782196 0.258147 0.812904 0.258150
3 16 -2.008 0.000 0.000 -1.421 0.000 1.416 0.000 0.000 0.000 0.024256 0.278568 0.013020 0.251317 0.051593 0.251287
3 16 -5.142 -16.042 2.243 -4.253 -16.899 2.243 -3.301 -15.022 2.250 0.612384 0.227307 0.610232 0.203983 0.649315 0.212142
3 16 -1.324 -16.089 2.243 -0.943 -15.063 2.243 -3.301 -15.022 2.250 0.656970 0.170220 0.676673 0.176756 0.649315 0.212142
3 16 -3.213 -17.117 2.243 -2.169 -16.822 2.243 -3.301 -15.022 2.250 0.619348 0.186012 0.636085 0.174048 0.649315 0.212142
3 16 -9.990 -22.160 2.243 -9.224 -22.922 2.243 -7.985 -20.818 2.250 0.464378 0.226440 0.462183 0.206060 0.508020 0.212712
3 16 -8.130 -23.235 2.243 -7.115 -22.994 2.243 -7.985 -20.818 2.250 0.470544 0.186165 0.486145 0.174006 0.508020 0.212712
3 16 -6.223 -22.241 2.243 -5.838 -21.168 2.243 -7.985 -20.818 2.250 0.507872 0.169740 0.528335 0.176784 0.508020 0.212712
3 16 -11.663 -17.547 2.250 -6.035 -14.406 2.243 -6.071 -10.131 2.250 0.512772 0.305948 0.626033 0.259927 0.688870 0.311168
3 16 -11.663 -17.547 2.250 -7.756 -16.866 2.243 -6.035 -14.406 2.243 0.512772 0.305948 0.569211 0.256218 0.626033 0.259927
3 16 -16.000 -15.290 2.250 -18.087 -16.372 2.243 -17.473 -17.163 2.243 0.494701 0.396901 0.453913 0.414957 0.449509 0.396470
3 16 -17.856 -14.200 2.243 -18.231 -15.195 2.243 -16.000 -15.290 2.250 0.488802 0.437313 0.469032 0.430584 0.494701 0.396901
3 16 -16.000 -15.290 2.250 -15.866 -13.198 2.243 -17.067 -13.453 2.243 0.494701 0.396901 0.527245 0.419762 0.509209 0.434494
3 16 -11.663 -17.547 2.250 -10.532 -11.224 2.243 -12.248 -13.675 2.243 0.512772 0.305948 0.619775 0.364228 0.563130 0.360558
3 16 -11.663 -17.547 2.250 -6.071 -10.131 2.250 -10.532 -11.224 2.243 0.512772 0.305948 0.688870 0.311168 0.619775 0.364228
3 16 -11.791 -6.505 2.243 -12.971 -6.714 2.243 -11.149 -8.846 2.250 0.674717 0.438831 0.657635 0.453840 0.647670 0.401574
3 16 -11.149 -8.846 2.250 -13.769 -7.513 2.243 -14.166 -8.570 2.243 0.647670 0.401574 0.636347 0.456169 0.615982 0.449507
3 16 -14.013 -9.671 2.243 -13.374 -10.520 2.243 -11.149 -8.846 2.250 0.601490 0.434195 0.596505 0.414673 0.647670 0.401574
3 16 -14.788 -22.309 2.250 -14.755 -25.248 2.243 -13.727 -24.931 2.243 0.405224 0.295678 0.362131 0.260290 0.379027 0.248847
3 16 -14.788 -22.309 2.250 -16.734 -24.616 2.243 -15.839 -25.122 2.243 0.405224 0.295678 0.347991 0.297071 0.351124 0.277838
3 16 -17.797 -23.036 2.243 -17.416 -23.912 2.243 -14.788 -22.309 2.250 0.358750 0.331562 0.350314 0.315518 0.405224 0.295678
3 16 -17.430 -21.076 2.243 -15.186 -17.795 -2.243 -17.430 -21.076 -2.243 0.190929 0.796614 0.114933 0.711123 0.190775 0.711009
3 16 -17.430 -21.076 2.243 -15.186 -17.795 2.243 -15.186 -17.795 -2.243 0.190929 0.796614 0.115082 0.796749 0.114933 0.711123
3 16 -17.818 -22.100 2.243 -14.788 -22.309 2.250 -17.430 -21.076 2.243 0.372346 0.342984 0.405224 0.295678 0.392099 0.349395
3 16 -7.985 -20.818 2.250 -10.642 -20.941 2.243 -9.990 -22.160 2.243 0.508020 0.212712 0.474665 0.250561 0.464378 0.226440
3 16 -7.985 -20.818 2.250 -11.663 -17.547 2.250 -10.642 -20.941 2.243 0.508020 0.212712 0.512772 0.305948 0.474665 0.250561
3 16 -7.756 -16.866 2.243 -7.985 -20.818 2.250 -6.059 -20.058 2.243 0.569211 0.256218 0.508020 0.212712 0.542122 0.193230
3 16 -7.756 -16.866 2.243 -11.663 -17.547 2.250 -7.985 -20.818 2.250 0.569211 0.256218 0.512772 0.305948 0.508020 0.212712
3 16 -7.435 -7.077 2.243 -5.573 -7.571 2.250 -6.518 -5.055 2.243 0.717904 0.367573 0.732682 0.334143 0.758710 0.377972
3 16 -7.435 -7.077 2.243 -6.071 -10.131 2.250 -5.573 -7.571 2.250 0.717904 0.367573 0.688870 0.311168 0.732682 0.334143
3 16 -1.852 -7.571 3.827 0.000 -4.702 3.906 -1.845 -4.702 3.737 0.092179 0.924739 0.128344 0.980449 0.092354 0.980401
3 16 -1.852 -7.571 3.827 0.000 -7.571 4.000 0.000 -4.702 3.906 0.092179 0.924739 0.128252 0.924606 0.128344 0.980449
3 16 -12.971 -6.714 2.243 -13.769 -7.513 2.243 -11.149 -8.846 2.250 0.657635 0.453840 0.636347 0.456169 0.647670 0.401574
3 16 -11.149 -8.846 2.250 -14.166 -8.570 2.243 -14.013 -9.671 2.243 0.647670 0.401574 0.615982 0.449507 0.601490 0.434195
3 16 -13.374 -10.520 2.243 -12.399 -10.962 2.243 -11.149 -8.846 2.250 0.596505 0.414673 0.601528 0.394997 0.647670 0.401574
3 16 -6.518 -5.055 2.243 -5.694 -4.702 2.250 -6.509 -4.702 2.243 0.758710 0.377972 0.773731 0.369955 0.764065 0.382024
3 16 -6.518 -5.055 2.243 -5.573 -7.571 2.250 -5.694 -4.702 2.250 0.758710 0.377972 0.732682 0.334143 0.773731 0.369955
3 16 -7.435 -7.077 2.243 -11.149 -8.846 2.250 -6.071 -10.131 2.250 0.717904 0.367573 0.647670 0.401574 0.688870 0.311168
3 16 -7.435 -7.077 2.243 -11.791 -6.505 2.243 -11.149 -8.846 2.250 0.717904 0.367573 0.674717 0.438831 0.647670 0.401574
3 16 -16.000 -15.290 2.250 -17.067 -13.453 2.243 -17.856 -14.200 2.243 0.494701 0.396901 0.509209 0.434494 0.488802 0.437313
3 16 -18.231 -15.195 2.243 -18.087 -16.372 2.243 -16.000 -15.290 2.250 0.469032 0.430584 0.453913 0.414957 0.494701 0.396901
3 16 -17.473 -17.163 2.243 -16.473 -17.614 2.243 -16.000 -15.290 2.250 0.449509 0.396470 0.454694 0.376330 0.494701 0.396901
3 16 -17.818 -22.100 2.243 -17.797 -23.036 2.243 -14.788 -22.309 2.250 0.372346 0.342984 0.358750 0.331562 0.405224 0.295678
3 16 -17.416 -23.912 2.243 -16.734 -24.616 2.243 -14.788 -22.309 2.250 0.350314 0.315518 0.347991 0.297071 0.405224 0.295678
3 16 -15.839 -25.122 2.243 -14.755 -25.248 2.243 -14.788 -22.309 2.250 0.351124 0.277838 0.362131 0.260290 0.405224 0.295678
3 16 -14.788 -22.309 2.250 -13.727 -24.931 2.243 -12.922 -24.226 2.243 0.405224 0.295678 0.379027 0.248847 0.399003 0.245295
3 16 -9.224 -22.922 2.243 -8.130 -23.235 2.243 -7.985 -20.818 2.250 0.462183 0.206060 0.470544 0.186165 0.508020 0.212712
3 16 -7.115 -22.994 2.243 -6.223 -22.241 2.243 -7.985 -20.818 2.250 0.486145 0.174006 0.507872 0.169740 0.508020 0.212712
3 16 -5.838 -21.168 2.243 -6.059 -20.058 2.243 -7.985 -20.818 2.250 0.528335 0.176784 0.542122 0.193230 0.508020 0.212712
3 16 -15.186 -17.795 2.243 -16.000 -15.290 2.250 -16.473 -17.614 2.243 0.467300 0.355129 0.494701 0.396901 0.454694 0.376330
3 16 -15.186 -17.795 2.243 -11.663 -17.547 2.250 -16.000 -15.290 2.250 0.467300 0.355129 0.512772 0.305948 0.494701 0.396901
3 16 -16.000 -15.290 2.250 -12.248 -13.675 2.243 -15.866 -13.198 2.243 0.494701 0.396901 0.563130 0.360558 0.527245 0.419762
3 16 -16.000 -15.290 2.250 -11.663 -17.547 2.250 -12.248 -13.675 2.243 0.494701 0.396901 0.512772 0.305948 0.563130 0.360558
3 16 -4.253 -16.899 2.243 -3.213 -17.117 2.243 -3.301 -15.022 2.250 0.610232 0.203983 0.619348 0.186012 0.649315 0.212142
3 16 -2.169 -16.822 2.243 -1.324 -16.089 2.243 -3.301 -15.022 2.250 0.636085 0.174048 0.656970 0.170220 0.649315 0.212142
3 16 -0.943 -15.063 2.243 -1.217 -13.881 2.243 -3.301 -15.022 2.250 0.676673 0.176756 0.690927 0.194835 0.649315 0.212142
3 16 -6.035 -14.406 2.243 -3.301 -15.022 2.250 -6.071 -10.131 2.250 0.626033 0.259927 0.649315 0.212142 0.688870 0.311168
3 16 -6.035 -14.406 2.243 -5.142 -16.042 2.243 -3.301 -15.022 2.250 0.626033 0.259927 0.612384 0.227307 0.649315 0.212142
3 16 -3.394 -10.050 2.243 -3.301 -15.022 2.250 -1.217 -13.881 2.243 0.721830 0.272489 0.649315 0.212142 0.690927 0.194835
3 16 -3.394 -10.050 2.243 -6.071 -10.131 2.250 -3.301 -15.022 2.250 0.721830 0.272489 0.688870 0.311168 0.649315 0.212142
3 16 -3.725 -7.571 3.352 -1.845 -4.702 3.737 -3.871 -4.702 3.228 0.054700 0.925051 0.092354 0.980401 0.051850 0.980713
3 16 -3.725 -7.571 3.352 -1.852 -7.571 3.827 -1.845 -4.702 3.737 0.054700 0.925051 0.092179 0.924739 0.092354 0.980401
3 16 -1.845 -4.702 3.737 0.000 -4.702 2.000 -1.421 -4.702 1.416 0.556972 0.021339 0.595782 0.049139 0.570710 0.063616
3 16 -1.845 -4.702 3.737 0.000 -4.702 3.906 0.000 -4.702 2.000 0.556972 0.021339 0.590996 0.013551 0.595782 0.049139
3 16 -3.871 -4.702 3.228 -1.421 -4.702 1.416 -2.008 -4.702 0.000 0.520410 0.035927 0.570710 0.063616 0.563294 0.091533
3 16 -3.871 -4.702 3.228 -1.845 -4.702 3.737 -1.421 -4.702 1.416 0.520410 0.035927 0.556972 0.021339 0.570710 0.063616
3 16 -3.394 -10.050 2.243 -5.573 -7.571 2.250 -6.071 -10.131 2.250 0.721830 0.272489 0.732682 0.334143 0.688870 0.311168
3 16 -3.394 -10.050 2.243 -2.405 -8.670 2.243 -5.573 -7.571 2.250 0.721830 0.272489 0.753980 0.274217 0.732682 0.334143
3 16 -5.573 -7.571 2.250 -3.871 -4.702 3.228 -5.694 -4.702 2.250 0.012947 0.925632 0.051850 0.980713 0.011759 0.981282
3 16 -5.573 -7.571 2.250 -3.725 -7.571 3.352 -3.871 -4.702 3.228 0.012947 0.925632 0.054700 0.925051 0.051850 0.980713
3 16 -5.694 -4.702 2.250 -3.871 -4.702 3.228 -2.008 -4.702 0.000 0.488820 0.058769 0.520410 0.035927 0.563294 0.091533
3 16 0.000 -8.670 2.243 0.000 -7.571 4.000 -1.852 -7.571 3.827 0.798765 0.491928 0.799058 0.533043 0.763597 0.530638
3 16 -3.725 -7.571 3.352 -2.405 -8.670 2.243 0.000 -8.670 2.243 0.726768 0.524376 0.752518 0.492838 0.798765 0.491928
3 16 -3.725 -7.571 3.352 -5.573 -7.571 2.250 -2.405 -8.670 2.243 0.726768 0.524376 0.695933 0.507442 0.752518 0.492838
3 16 -1.852 -7.571 3.827 -3.725 -7.571 3.352 0.000 -8.670 2.243 0.763597 0.530638 0.726768 0.524376 0.798765 0.491928
3 16 -11.149 -8.846 2.250 -10.532 -11.224 2.243 -6.071 -10.131 2.250 0.647670 0.401574 0.619775 0.364228 0.688870 0.311168
3 16 -11.149 -8.846 2.250 -12.399 -10.962 2.243 -10.532 -11.224 2.243 0.647670 0.401574 0.601528 0.394997 0.619775 0.364228
3 16 -5.694 -4.702 2.250 -2.008 -4.702 0.000 -5.694 -4.702 -2.250 0.488820 0.058769 0.563294 0.091533 0.500122 0.142811
3 16 -6.518 -5.055 2.243 -6.509 -4.702 -2.243 -6.518 -5.055 -2.243 0.946007 0.773528 0.850270 0.781401 0.850245 0.773844
3 16 -6.518 -5.055 2.243 -6.509 -4.702 2.243 -6.509 -4.702 -2.243 0.946007 0.773528 0.946031 0.781085 0.850270 0.781401
3 16 -7.435 -7.077 2.243 -6.518 -5.055 -2.243 -7.435 -7.077 -2.243 0.491785 0.825283 0.396168 0.872991 0.395980 0.825598
3 16 -7.435 -7.077 2.243 -6.518 -5.055 2.243 -6.518 -5.055 -2.243 0.491785 0.825283 0.491930 0.872675 0.396168 0.872991
3 16 -11.791 -6.505 2.243 -7.435 -7.077 -2.243 -11.791 -6.505 -2.243 0.599659 0.869914 0.510846 0.780955 0.598878 0.780013
3 16 -11.791 -6.505 2.243 -7.435 -7.077 2.243 -7.435 -7.077 -2.243 0.599659 0.869914 0.511684 0.870746 0.510846 0.780955
3 16 -12.971 -6.714 2.243 -11.791 -6.505 -2.243 -12.971 -6.714 -2.243 0.623702 0.869636 0.598878 0.780013 0.622940 0.779856
3 16 -12.971 -6.714 2.243 -11.791 -6.505 2.243 -11.791 -6.505 -2.243 0.623702 0.869636 0.599659 0.869914 0.598878 0.780013
3 16 -13.769 -7.513 2.243 -12.971 -6.714 -2.243 -13.769 -7.513 -2.243 0.646385 0.869406 0.622940 0.779856 0.645640 0.779707
3 16 -13.769 -7.513 2.243 -12.971 -6.714 2.243 -12.971 -6.714 -2.243 0.646385 0.869406 0.623702 0.869636 0.622940 0.779856
3 16 -14.166 -8.570 2.243 -13.769 -7.513 -2.243 -14.166 -8.570 -2.243 0.669073 0.869287 0.645640 0.779707 0.668345 0.779460
3 16 -14.166 -8.570 2.243 -13.769 -7.513 2.243 -13.769 -7.513 -2.243 0.669073 0.869287 0.646385 0.869406 0.645640 0.779707
3 16 -14.013 -9.671 2.243 -14.166 -8.570 -2.243 -14.013 -9.671 -2.243 0.691356 0.869135 0.668345 0.779460 0.690645 0.779255
3 16 -14.013 -9.671 2.243 -14.166 -8.570 2.243 -14.166 -8.570 -2.243 0.691356 0.869135 0.669073 0.869287 0.668345 0.779460
3 16 -13.374 -10.520 2.243 -14.013 -9.671 -2.243 -13.374 -10.520 -2.243 0.712618 0.868946 0.690645 0.779255 0.711918 0.779124
3 16 -13.374 -10.520 2.243 -14.013 -9.671 2.243 -14.013 -9.671 -2.243 0.712618 0.868946 0.691356 0.869135 0.690645 0.779255
3 16 -12.399 -10.962 2.243 -13.374 -10.520 -2.243 -12.399 -10.962 -2.243 0.734039 0.868776 0.711918 0.779124 0.733347 0.778978
3 16 -12.399 -10.962 2.243 -13.374 -10.520 2.243 -13.374 -10.520 -2.243 0.734039 0.868776 0.712618 0.868946 0.711918 0.779124
3 16 -10.532 -11.224 2.243 -12.399 -10.962 -2.243 -10.532 -11.224 -2.243 0.771774 0.868496 0.733347 0.778978 0.771090 0.778706
3 16 -10.532 -11.224 2.243 -12.399 -10.962 2.243 -12.399 -10.962 -2.243 0.771774 0.868496 0.734039 0.868776 0.733347 0.778978
3 16 -12.248 -13.675 2.243 -10.532 -11.224 -2.243 -12.248 -13.675 -2.243 0.096510 0.010957 0.009335 0.069434 0.009174 0.011198
3 16 -12.248 -13.675 2.243 -10.532 -11.224 2.243 -10.532 -11.224 -2.243 0.096510 0.010957 0.096671 0.069192 0.009335 0.069434
3 16 -15.866 -13.198 2.243 -12.248 -13.675 -2.243 -15.866 -13.198 -2.243 0.881156 0.392020 0.955156 0.481329 0.881954 0.482109
3 16 -15.866 -13.198 2.243 -12.248 -13.675 2.243 -12.248 -13.675 -2.243 0.881156 0.392020 0.954344 0.391488 0.955156 0.481329
3 16 -17.067 -13.453 2.243 -15.866 -13.198 -2.243 -17.067 -13.453 -2.243 0.856465 0.392431 0.881954 0.482109 0.857255 0.482156
3 16 -17.067 -13.453 2.243 -15.866 -13.198 2.243 -15.866 -13.198 -2.243 0.856465 0.392431 0.881156 0.392020 0.881954 0.482109
3 16 -17.856 -14.200 2.243 -17.067 -13.453 -2.243 -17.856 -14.200 -2.243 0.834547 0.392575 0.857255 0.482156 0.835339 0.482389
3 16 -17.856 -14.200 2.243 -17.067 -13.453 2.243 -17.067 -13.453 -2.243 0.834547 0.392575 0.856465 0.392431 0.857255 0.482156
3 16 -18.231 -15.195 2.243 -17.856 -14.200 -2.243 -18.231 -15.195 -2.243 0.812348 0.392748 0.835339 0.482389 0.813136 0.482614
3 16 -18.231 -15.195 2.243 -17.856 -14.200 2.243 -17.856 -14.200 -2.243 0.812348 0.392748 0.834547 0.392575 0.835339 0.482389
3 16 -18.087 -16.372 2.243 -18.231 -15.195 -2.243 -18.087 -16.372 -2.243 0.789304 0.392930 0.813136 0.482614 0.790089 0.482848
3 16 -18.087 -16.372 2.243 -18.231 -15.195 2.243 -18.231 -15.195 -2.243 0.789304 0.392930 0.812348 0.392748 0.813136 0.482614
3 16 -17.473 -17.163 2.243 -18.087 -16.372 -2.243 -17.473 -17.163 -2.243 0.769220 0.393129 0.790089 0.482848 0.770002 0.483011
3 16 -17.473 -17.163 2.243 -18.087 -16.372 2.243 -18.087 -16.372 -2.243 0.769220 0.393129 0.789304 0.392930 0.790089 0.482848
3 16 -16.473 -17.614 2.243 -17.473 -17.163 -2.243 -16.473 -17.614 -2.243 0.747263 0.393350 0.770002 0.483011 0.748043 0.483187
3 16 -16.473 -17.614 2.243 -17.473 -17.163 2.243 -17.473 -17.163 -2.243 0.747263 0.393350 0.769220 0.393129 0.770002 0.483011
3 16 -15.186 -17.795 2.243 -16.473 -17.614 -2.243 -15.186 -17.795 -2.243 0.721234 0.393588 0.748043 0.483187 0.722013 0.483411
3 16 -15.186 -17.795 2.243 -16.473 -17.614 2.243 -16.473 -17.614 -2.243 0.721234 0.393588 0.747263 0.393350 0.748043 0.483187
3 16 -17.818 -22.100 2.243 -17.430 -21.076 -2.243 -17.818 -22.100 -2.243 0.211817 0.796578 0.190775 0.711009 0.211662 0.710972
3 16 -17.818 -22.100 2.243 -17.430 -21.076 2.243 -17.430 -21.076 -2.243 0.211817 0.796578 0.190929 0.796614 0.190775 0.711009
3 16 -17.797 -23.036 2.243 -17.818 -22.100 -2.243 -17.797 -23.036 -2.243 0.229684 0.796540 0.211662 0.710972 0.229527 0.710944
3 16 -17.797 -23.036 2.243 -17.818 -22.100 2.243 -17.818 -22.100 -2.243 0.229684 0.796540 0.211817 0.796578 0.211662 0.710972
3 16 -17.416 -23.912 2.243 -17.797 -23.036 -2.243 -17.416 -23.912 -2.243 0.247931 0.796485 0.229527 0.710944 0.247772 0.710932
3 16 -17.416 -23.912 2.243 -17.797 -23.036 2.243 -17.797 -23.036 -2.243 0.247931 0.796485 0.229684 0.796540 0.229527 0.710944
3 16 -16.734 -24.616 2.243 -17.416 -23.912 -2.243 -16.734 -24.616 -2.243 0.266651 0.796483 0.247772 0.710932 0.266491 0.710865
3 16 -16.734 -24.616 2.243 -17.416 -23.912 2.243 -17.416 -23.912 -2.243 0.266651 0.796483 0.247931 0.796485 0.247772 0.710932
3 16 -15.839 -25.122 2.243 -16.734 -24.616 -2.243 -15.839 -25.122 -2.243 0.286271 0.796440 0.266491 0.710865 0.286109 0.710830
3 16 -15.839 -25.122 2.243 -16.734 -24.616 2.243 -16.734 -24.616 -2.243 0.286271 0.796440 0.266651 0.796483 0.266491 0.710865
3 16 -14.755 -25.248 2.243 -15.839 -25.122 -2.243 -14.755 -25.248 -2.243 0.307130 0.796375 0.286109 0.710830 0.306968 0.710815
3 16 -14.755 -25.248 2.243 -15.839 -25.122 2.243 -15.839 -25.122 -2.243 0.307130 0.796375 0.286271 0.796440 0.286109 0.710830
3 16 -13.727 -24.931 2.243 -14.755 -25.248 -2.243 -13.727 -24.931 -2.243 0.327676 0.796356 0.306968 0.710815 0.327512 0.710755
3 16 -13.727 -24.931 2.243 -14.755 -25.248 2.243 -14.755 -25.248 -2.243 0.327676 0.796356 0.307130 0.796375 0.306968 0.710815
3 16 -12.922 -24.226 2.243 -13.727 -24.931 -2.243 -12.922 -24.226 -2.243 0.348091 0.796331 0.327512 0.710755 0.347927 0.710699
3 16 -12.922 -24.226 2.243 -13.727 -24.931 2.243 -13.727 -24.931 -2.243 0.348091 0.796331 0.327676 0.796356 0.327512 0.710755
3 16 -10.642 -20.941 2.243 -12.922 -24.226 -2.243 -10.642 -20.941 -2.243 0.424377 0.796183 0.347927 0.710699 0.424212 0.710546
3 16 -10.642 -20.941 2.243 -12.922 -24.226 2.243 -12.922 -24.226 -2.243 0.424377 0.796183 0.348091 0.796331 0.347927 0.710699
3 16 -9.990 -22.160 2.243 -10.642 -20.941 -2.243 -9.990 -22.160 -2.243 0.751175 0.760882 0.724378 0.674638 0.750971 0.674597
3 16 -9.990 -22.160 2.243 -10.642 -20.941 2.243 -10.642 -20.941 -2.243 0.751175 0.760882 0.724583 0.760968 0.724378 0.674638
3 16 -9.224 -22.922 2.243 -9.990 -22.160 -2.243 -9.224 -22.922 -2.243 0.771980 0.760806 0.750971 0.674597 0.771776 0.674575
3 16 -9.224 -22.922 2.243 -9.990 -22.160 2.243 -9.990 -22.160 -2.243 0.771980 0.760806 0.751175 0.760882 0.750971 0.674597
3 16 -8.130 -23.235 2.243 -9.224 -22.922 -2.243 -8.130 -23.235 -2.243 0.793889 0.760789 0.771776 0.674575 0.793684 0.674492
3 16 -8.130 -23.235 2.243 -9.224 -22.922 2.243 -9.224 -22.922 -2.243 0.793889 0.760789 0.771980 0.760806 0.771776 0.674575
3 16 -7.115 -22.994 2.243 -8.130 -23.235 -2.243 -7.115 -22.994 -2.243 0.813955 0.760752 0.793684 0.674492 0.813751 0.674432
3 16 -7.115 -22.994 2.243 -8.130 -23.235 2.243 -8.130 -23.235 -2.243 0.813955 0.760752 0.793889 0.760789 0.793684 0.674492
3 16 -6.223 -22.241 2.243 -7.115 -22.994 -2.243 -6.223 -22.241 -2.243 0.836409 0.760691 0.813751 0.674432 0.836205 0.674386
3 16 -6.223 -22.241 2.243 -7.115 -22.994 2.243 -7.115 -22.994 -2.243 0.836409 0.760691 0.813955 0.760752 0.813751 0.674432
3 16 -5.838 -21.168 2.243 -6.223 -22.241 -2.243 -5.838 -21.168 -2.243 0.858351 0.760634 0.836205 0.674386 0.858147 0.674338
3 16 -5.838 -21.168 2.243 -6.223 -22.241 2.243 -6.223 -22.241 -2.243 0.858351 0.760634 0.836409 0.760691 0.836205 0.674386
3 16 -6.059 -20.058 2.243 -5.838 -21.168 -2.243 -6.059 -20.058 -2.243 0.880110 0.760580 0.858147 0.674338 0.879905 0.674288
3 16 -6.059 -20.058 2.243 -5.838 -21.168 2.243 -5.838 -21.168 -2.243 0.880110 0.760580 0.858351 0.760634 0.858147 0.674338
3 16 -7.756 -16.866 2.243 -6.059 -20.058 -2.243 -7.756 -16.866 -2.243 0.949633 0.760414 0.879905 0.674288 0.949427 0.674123
3 16 -7.756 -16.866 2.243 -6.059 -20.058 2.243 -6.059 -20.058 -2.243 0.949633 0.760414 0.880110 0.760580 0.879905 0.674288
3 16 -6.035 -14.406 2.243 -7.756 -16.866 -2.243 -6.035 -14.406 -2.243 0.095836 0.541384 0.010576 0.598531 0.010287 0.541384
3 16 -6.035 -14.406 2.243 -7.756 -16.866 2.243 -7.756 -16.866 -2.243 0.095836 0.541384 0.095718 0.598528 0.010576 0.598531
3 16 -5.142 -16.042 2.243 -6.035 -14.406 -2.243 -5.142 -16.042 -2.243 0.608857 0.979416 0.572987 0.893057 0.608860 0.893068
3 16 -5.142 -16.042 2.243 -6.035 -14.406 2.243 -6.035 -14.406 -2.243 0.608857 0.979416 0.572983 0.979424 0.572987 0.893057
3 16 -4.253 -16.899 2.243 -5.142 -16.042 -2.243 -4.253 -16.899 -2.243 0.632628 0.979401 0.608860 0.893068 0.632632 0.893087
3 16 -4.253 -16.899 2.243 -5.142 -16.042 2.243 -5.142 -16.042 -2.243 0.632628 0.979401 0.608857 0.979416 0.608860 0.893068
3 16 -3.213 -17.117 2.243 -4.253 -16.899 -2.243 -3.213 -17.117 -2.243 0.653080 0.979415 0.632632 0.893087 0.653082 0.893075
3 16 -3.213 -17.117 2.243 -4.253 -16.899 2.243 -4.253 -16.899 -2.243 0.653080 0.979415 0.632628 0.979401 0.632632 0.893087
3 16 -2.169 -16.822 2.243 -3.213 -17.117 -2.243 -2.169 -16.822 -2.243 0.673955 0.979420 0.653082 0.893075 0.673958 0.893070
3 16 -2.169 -16.822 2.243 -3.213 -17.117 2.243 -3.213 -17.117 -2.243 0.673955 0.979420 0.653080 0.979415 0.653082 0.893075
3 16 -1.324 -16.089 2.243 -2.169 -16.822 -2.243 -1.324 -16.089 -2.243 0.695500 0.979423 0.673958 0.893070 0.695502 0.893069
3 16 -1.324 -16.089 2.243 -2.169 -16.822 2.243 -2.169 -16.822 -2.243 0.695500 0.979423 0.673955 0.979420 0.673958 0.893070
3 16 -0.943 -15.063 2.243 -1.324 -16.089 -2.243 -0.943 -15.063 -2.243 0.716564 0.979422 0.695502 0.893069 0.716566 0.893070
3 16 -0.943 -15.063 2.243 -1.324 -16.089 2.243 -1.324 -16.089 -2.243 0.716564 0.979422 0.695500 0.979423 0.695502 0.893069
3 16 -1.217 -13.881 2.243 -0.943 -15.063 -2.243 -1.217 -13.881 -2.243 0.739936 0.979414 0.716566 0.893070 0.739938 0.893079
3 16 -1.217 -13.881 2.243 -0.943 -15.063 2.243 -0.943 -15.063 -2.243 0.739936 0.979414 0.716564 0.979422 0.716566 0.893070
3 16 -3.394 -10.050 2.243 -1.217 -13.881 -2.243 -3.394 -10.050 -2.243 0.824786 0.979423 0.739938 0.893079 0.824787 0.893068
3 16 -3.394 -10.050 2.243 -1.217 -13.881 2.243 -1.217 -13.881 -2.243 0.824786 0.979423 0.739936 0.979414 0.739938 0.893079
3 16 -2.405 -8.670 2.243 -3.394 -10.050 -2.243 -2.405 -8.670 -2.243 0.500802 0.451276 0.415931 0.483384 0.415932 0.451276
3 16 -2.405 -8.670 2.243 -3.394 -10.050 2.243 -3.394 -10.050 -2.243 0.500802 0.451276 0.500802 0.483383 0.415931 0.483384
3 16 -2.405 -8.670 2.243 0.000 -8.670 -2.243 0.000 -8.670 2.243 0.101460 0.710856 0.055635 0.796366 0.055625 0.710862
3 16 -2.405 -8.670 2.243 -2.405 -8.670 -2.243 0.000 -8.670 -2.243 0.101460 0.710856 0.101470 0.796360 0.055635 0.796366
3 16 -10.642 -20.941 2.243 -14.788 -22.309 2.250 -12.922 -24.226 2.243 0.474665 0.250561 0.405224 0.295678 0.399003 0.245295
3 16 -10.642 -20.941 2.243 -11.663 -17.547 2.250 -14.788 -22.309 2.250 0.474665 0.250561 0.512772 0.305948 0.405224 0.295678
3 16 -14.788 -22.309 2.250 -15.186 -17.795 2.243 -17.430 -21.076 2.243 0.405224 0.295678 0.467300 0.355129 0.392099 0.349395
3 16 -14.788 -22.309 2.250 -11.663 -17.547 2.250 -15.186 -17.795 2.243 0.405224 0.295678 0.512772 0.305948 0.467300 0.355129
3 16 1.421 -4.702 -1.416 0.000 0.000 -2.000 1.421 0.000 -1.416 0.905158 0.352343 0.874390 0.258154 0.905167 0.258157
3 16 1.421 -4.702 -1.416 0.000 -4.702 -2.000 0.000 0.000 -2.000 0.905158 0.352343 0.874380 0.352340 0.874390 0.258154
3 16 1.421 0.000 -1.416 0.000 0.000 -2.000 0.000 0.000 0.000 0.090165 0.251256 0.078759 0.278509 0.051593 0.251287
3 16 1.421 -4.702 -1.416 2.008 0.000 0.000 2.008 -4.702 0.000 0.840495 0.891616 0.871206 0.797415 0.871207 0.891615
3 16 1.421 -4.702 -1.416 1.421 0.000 -1.416 2.008 0.000 0.000 0.840495 0.891616 0.840493 0.797416 0.871206 0.797415
3 16 2.008 0.000 0.000 1.421 0.000 -1.416 0.000 0.000 0.000 0.078929 0.224006 0.090165 0.251256 0.051593 0.251287
3 16 5.142 -16.042 -2.243 4.253 -16.899 -2.243 3.301 -15.022 -2.250 0.269364 0.066652 0.267599 0.043312 0.306368 0.051629
3 16 1.324 -16.089 -2.243 0.943 -15.063 -2.243 3.301 -15.022 -2.250 0.313756 0.009634 0.333693 0.016018 0.306368 0.051629
3 16 3.213 -17.117 -2.243 2.169 -16.822 -2.243 3.301 -15.022 -2.250 0.276900 0.026032 0.292929 0.013855 0.306368 0.051629
3 16 9.990 -22.160 -2.243 9.224 -22.922 -2.243 7.985 -20.818 -2.250 0.120526 0.066349 0.118323 0.045807 0.164438 0.052410
3 16 8.130 -23.235 -2.243 7.115 -22.994 -2.243 7.985 -20.818 -2.250 0.126719 0.025789 0.142382 0.013574 0.164438 0.052410
3 16 6.223 -22.241 -2.243 5.838 -21.168 -2.243 7.985 -20.818 -2.250 0.164164 0.009274 0.184702 0.016279 0.164438 0.052410
3 16 11.663 -17.547 -2.250 6.035 -14.406 -2.243 6.071 -10.131 -2.250 0.169615 0.145804 0.282988 0.099626 0.345882 0.151130
3 16 11.663 -17.547 -2.250 7.756 -16.866 -2.243 6.035 -14.406 -2.243 0.169615 0.145804 0.226055 0.095875 0.282988 0.099626
3 16 16.000 -15.290 -2.250 18.087 -16.372 -2.243 17.472 -17.163 -2.243 0.151168 0.237367 0.109627 0.255747 0.105142 0.236898
3 16 17.856 -14.200 -2.243 18.231 -15.195 -2.243 16.000 -15.290 -2.250 0.145147 0.278517 0.125685 0.271896 0.151168 0.237367
3 16 16.000 -15.290 -2.250 15.866 -13.198 -2.243 17.067 -13.453 -2.243 0.151168 0.237367 0.184256 0.260497 0.165955 0.275602
3 16 11.663 -17.547 -2.250 10.532 -11.224 -2.243 12.248 -13.675 -2.243 0.169615 0.145804 0.276664 0.204028 0.220121 0.200396
3 16 11.663 -17.547 -2.250 6.071 -10.131 -2.250 10.532 -11.224 -2.243 0.169615 0.145804 0.345882 0.151130 0.276664 0.204028
3 16 11.791 -6.505 -2.243 12.971 -6.714 -2.243 11.149 -8.846 -2.250 0.330446 0.278778 0.313050 0.293323 0.304060 0.241239
3 16 11.149 -8.846 -2.250 13.769 -7.513 -2.243 14.166 -8.570 -2.243 0.304060 0.241239 0.291982 0.295122 0.272044 0.288243
3 16 14.013 -9.671 -2.243 13.374 -10.520 -2.243 11.149 -8.846 -2.250 0.257943 0.273002 0.253207 0.253700 0.304060 0.241239
3 16 14.788 -22.309 -2.250 14.755 -25.248 -2.243 13.727 -24.931 -2.243 0.063674 0.135919 0.022000 0.102142 0.038015 0.090982
3 16 14.788 -22.309 -2.250 16.734 -24.616 -2.243 15.839 -25.122 -2.243 0.063674 0.135919 0.008696 0.137256 0.011656 0.118980
3 16 17.797 -23.036 -2.243 17.416 -23.912 -2.243 14.788 -22.309 -2.250 0.018694 0.170427 0.010732 0.154881 0.063674 0.135919
3 16 15.185 -17.795 -2.243 17.430 -21.076 2.243 17.430 -21.076 -2.243 0.007238 0.700706 0.081838 0.616505 0.081844 0.700709
3 16 15.185 -17.795 -2.243 15.185 -17.795 2.243 17.430 -21.076 2.243 0.007238 0.700706 0.007237 0.616483 0.081838 0.616505
3 16 17.818 -22.100 -2.243 14.788 -22.309 -2.250 17.430 -21.076 -2.243 0.031737 0.181548 0.063674 0.135919 0.050718 0.187943
3 16 7.985 -20.818 -2.250 10.642 -20.941 -2.243 9.990 -22.160 -2.243 0.164438 0.052410 0.131116 0.090840 0.120526 0.066349
3 16 7.985 -20.818 -2.250 11.663 -17.547 -2.250 10.642 -20.941 -2.243 0.164438 0.052410 0.169615 0.145804 0.131116 0.090840
3 16 7.756 -16.866 -2.243 7.985 -20.818 -2.250 6.059 -20.058 -2.243 0.226055 0.095875 0.164438 0.052410 0.198598 0.032726
3 16 7.756 -16.866 -2.243 11.663 -17.547 -2.250 7.985 -20.818 -2.250 0.226055 0.095875 0.169615 0.145804 0.164438 0.052410
3 16 7.435 -7.077 -2.243 5.573 -7.571 -2.250 6.518 -5.055 -2.243 0.374839 0.208047 0.389803 0.174287 0.416524 0.218773
3 16 7.435 -7.077 -2.243 6.071 -10.131 -2.250 5.573 -7.571 -2.250 0.374839 0.208047 0.345882 0.151130 0.389803 0.174287
3 16 1.852 -7.571 -3.827 0.000 -4.702 -3.906 1.845 -4.702 -3.737 0.835341 0.590756 0.872177 0.646249 0.836082 0.646579
3 16 1.852 -7.571 -3.827 0.000 -7.571 -4.000 0.000 -4.702 -3.906 0.835341 0.590756 0.871520 0.590244 0.872177 0.646249
3 16 12.971 -6.714 -2.243 13.769 -7.513 -2.243 11.149 -8.846 -2.250 0.313050 0.293323 0.291982 0.295122 0.304060 0.241239
3 16 11.149 -8.846 -2.250 14.166 -8.570 -2.243 14.013 -9.671 -2.243 0.304060 0.241239 0.272044 0.288243 0.257943 0.273002
3 16 13.374 -10.520 -2.243 12.399 -10.962 -2.243 11.149 -8.846 -2.250 0.253207 0.253700 0.258332 0.234251 0.304060 0.241239
3 16 6.518 -5.055 -2.243 5.694 -4.702 -2.250 6.509 -4.702 -2.243 0.416524 0.218773 0.431869 0.210546 0.422018 0.222888
3 16 6.518 -5.055 -2.243 5.573 -7.571 -2.250 5.694 -4.702 -2.250 0.416524 0.218773 0.389803 0.174287 0.431869 0.210546
3 16 7.435 -7.077 -2.243 11.149 -8.846 -2.250 6.071 -10.131 -2.250 0.374839 0.208047 0.304060 0.241239 0.345882 0.151130
3 16 7.435 -7.077 -2.243 11.791 -6.505 -2.243 11.149 -8.846 -2.250 0.374839 0.208047 0.330446 0.278778 0.304060 0.241239
3 16 16.000 -15.290 -2.250 17.067 -13.453 -2.243 17.856 -14.200 -2.243 0.151168 0.237367 0.165955 0.275602 0.145147 0.278517
3 16 18.231 -15.195 -2.243 18.087 -16.372 -2.243 16.000 -15.290 -2.250 0.125685 0.271896 0.109627 0.255747 0.151168 0.237367
3 16 17.472 -17.163 -2.243 16.473 -17.614 -2.243 16.000 -15.290 -2.250 0.105142 0.236898 0.110452 0.216289 0.151168 0.237367
3 16 17.818 -22.100 -2.243 17.797 -23.036 -2.243 14.788 -22.309 -2.250 0.031737 0.181548 0.018694 0.170427 0.063674 0.135919
3 16 17.416 -23.912 -2.243 16.734 -24.616 -2.243 14.788 -22.309 -2.250 0.010732 0.154881 0.008696 0.137256 0.063674 0.135919
3 16 15.839 -25.122 -2.243 14.755 -25.248 -2.243 14.788 -22.309 -2.250 0.011656 0.118980 0.022000 0.102142 0.063674 0.135919
3 16 14.788 -22.309 -2.250 13.727 -24.931 -2.243 12.922 -24.226 -2.243 0.063674 0.135919 0.038015 0.090982 0.057143 0.087133
3 16 9.224 -22.922 -2.243 8.130 -23.235 -2.243 7.985 -20.818 -2.250 0.118323 0.045807 0.126719 0.025789 0.164438 0.052410
3 16 7.115 -22.994 -2.243 6.223 -22.241 -2.243 7.985 -20.818 -2.250 0.142382 0.013574 0.164164 0.009274 0.164438 0.052410
3 16 5.838 -21.168 -2.243 6.059 -20.058 -2.243 7.985 -20.818 -2.250 0.184702 0.016279 0.198598 0.032726 0.164438 0.052410
3 16 15.185 -17.795 -2.243 16.000 -15.290 -2.250 16.473 -17.614 -2.243 0.123789 0.194583 0.151168 0.237367 0.110452 0.216289
3 16 15.185 -17.795 -2.243 11.663 -17.547 -2.250 16.000 -15.290 -2.250 0.123789 0.194583 0.169615 0.145804 0.151168 0.237367
3 16 16.000 -15.290 -2.250 12.248 -13.675 -2.243 15.866 -13.198 -2.243 0.151168 0.237367 0.220121 0.200396 0.184256 0.260497
3 16 16.000 -15.290 -2.250 11.663 -17.547 -2.250 12.248 -13.675 -2.243 0.151168 0.237367 0.169615 0.145804 0.220121 0.200396
3 16 4.253 -16.899 -2.243 3.213 -17.117 -2.243 3.301 -15.022 -2.250 0.267599 0.043312 0.276900 0.026032 0.306368 0.051629
3 16 2.169 -16.822 -2.243 1.324 -16.089 -2.243 3.301 -15.022 -2.250 0.292929 0.013855 0.313756 0.009634 0.306368 0.051629
3 16 0.943 -15.063 -2.243 1.217 -13.881 -2.243 3.301 -15.022 -2.250 0.333693 0.016018 0.348173 0.034219 0.306368 0.051629
3 16 6.035 -14.406 -2.243 3.301 -15.022 -2.250 6.071 -10.131 -2.250 0.282988 0.099626 0.306368 0.051629 0.345882 0.151130
3 16 6.035 -14.406 -2.243 5.142 -16.042 -2.243 3.301 -15.022 -2.250 0.282988 0.099626 0.269364 0.066652 0.306368 0.051629
3 16 3.394 -10.050 -2.243 3.301 -15.022 -2.250 1.217 -13.881 -2.243 0.379146 0.112489 0.306368 0.051629 0.348173 0.034219
3 16 3.394 -10.050 -2.243 6.071 -10.131 -2.250 3.301 -15.022 -2.250 0.379146 0.112489 0.345882 0.151130 0.306368 0.051629
3 16 3.725 -7.571 -3.352 1.845 -4.702 -3.737 3.871 -4.702 -3.228 0.797759 0.591459 0.836082 0.646579 0.795460 0.647314
3 16 3.725 -7.571 -3.352 1.852 -7.571 -3.827 1.845 -4.702 -3.737 0.797759 0.591459 0.835341 0.590756 0.836082 0.646579
3 16 1.845 -4.702 -3.737 0.000 -4.702 -2.000 1.421 -4.702 -1.416 0.644637 0.151639 0.605827 0.123839 0.630899 0.109361
3 16 1.845 -4.702 -3.737 0.000 -4.702 -3.906 0.000 -4.702 -2.000 0.644637 0.151639 0.610613 0.159426 0.605827 0.123839
3 16 3.871 -4.702 -3.228 1.421 -4.702 -1.416 2.008 -4.702 0.000 0.681199 0.137052 0.630899 0.109361 0.638316 0.081444
3 16 3.871 -4.702 -3.228 1.845 -4.702 -3.737 1.421 -4.702 -1.416 0.681199 0.137052 0.644637 0.151639 0.630899 0.109361
3 16 3.394 -10.050 -2.243 5.573 -7.571 -2.250 6.071 -10.131 -2.250 0.379146 0.112489 0.389803 0.174287 0.345882 0.151130
3 16 3.394 -10.050 -2.243 2.405 -8.670 -2.243 5.573 -7.571 -2.250 0.379146 0.112489 0.411343 0.114551 0.389803 0.174287
3 16 5.573 -7.571 -2.250 3.871 -4.702 -3.228 5.694 -4.702 -2.250 0.755891 0.592461 0.795460 0.647314 0.755256 0.648285
3 16 5.573 -7.571 -2.250 3.725 -7.571 -3.352 3.871 -4.702 -3.228 0.755891 0.592461 0.797759 0.591459 0.795460 0.647314
3 16 5.694 -4.702 -2.250 3.871 -4.702 -3.228 2.008 -4.702 0.000 0.712789 0.114212 0.681199 0.137052 0.638316 0.081444
3 16 0.000 -8.670 -2.243 0.000 -7.571 -4.000 1.852 -7.571 -3.827 0.883015 0.575726 0.882592 0.536058 0.918124 0.538409
3 16 3.725 -7.571 -3.352 2.405 -8.670 -2.243 0.000 -8.670 -2.243 0.954428 0.545476 0.929002 0.575419 0.883015 0.575726
3 16 3.725 -7.571 -3.352 5.573 -7.571 -2.250 2.405 -8.670 -2.243 0.954428 0.545476 0.991905 0.562690 0.929002 0.575419
3 16 1.852 -7.571 -3.827 3.725 -7.571 -3.352 0.000 -8.670 -2.243 0.918124 0.538409 0.954428 0.545476 0.883015 0.575726
3 16 11.149 -8.846 -2.250 10.532 -11.224 -2.243 6.071 -10.131 -2.250 0.304060 0.241239 0.276664 0.204028 0.345882 0.151130
3 16 11.149 -8.846 -2.250 12.399 -10.962 -2.243 10.532 -11.224 -2.243 0.304060 0.241239 0.258332 0.234251 0.276664 0.204028
3 16 5.694 -4.702 -2.250 6.509 -4.702 2.243 6.509 -4.702 -2.243 0.712789 0.114212 0.716728 0.028245 0.727996 0.112042
3 16 5.694 -4.702 -2.250 5.694 -4.702 2.250 6.509 -4.702 2.243 0.712789 0.114212 0.701488 0.030169 0.716728 0.028245
3 16 6.509 -4.702 -2.243 6.518 -5.055 2.243 6.518 -5.055 -2.243 0.981652 0.389015 0.977313 0.478356 0.974620 0.389225
3 16 6.509 -4.702 -2.243 6.509 -4.702 2.243 6.518 -5.055 2.243 0.981652 0.389015 0.984344 0.478144 0.977313 0.478356
3 16 6.518 -5.055 -2.243 7.435 -7.077 2.243 7.435 -7.077 -2.243 0.978182 0.271676 0.936776 0.362140 0.934083 0.272993
3 16 6.518 -5.055 -2.243 6.518 -5.055 2.243 7.435 -7.077 2.243 0.978182 0.271676 0.980875 0.360808 0.936776 0.362140
3 16 7.435 -7.077 -2.243 11.791 -6.505 2.243 11.791 -6.505 -2.243 0.323974 0.805846 0.236831 0.894958 0.236739 0.805851
3 16 7.435 -7.077 -2.243 7.435 -7.077 2.243 11.791 -6.505 2.243 0.323974 0.805846 0.324054 0.894845 0.236831 0.894958
3 16 11.791 -6.505 -2.243 12.971 -6.714 2.243 12.971 -6.714 -2.243 0.236739 0.805851 0.212993 0.894918 0.212896 0.805930
3 16 11.791 -6.505 -2.243 11.791 -6.505 2.243 12.971 -6.714 2.243 0.236739 0.805851 0.236831 0.894958 0.212993 0.894918
3 16 12.971 -6.714 -2.243 13.769 -7.513 2.243 13.769 -7.513 -2.243 0.212896 0.805930 0.190505 0.894906 0.190405 0.805995
3 16 12.971 -6.714 -2.243 12.971 -6.714 2.243 13.769 -7.513 2.243 0.212896 0.805930 0.212993 0.894918 0.190505 0.894906
3 16 13.769 -7.513 -2.243 14.166 -8.570 2.243 14.166 -8.570 -2.243 0.190405 0.805995 0.168013 0.894997 0.167908 0.805958
3 16 13.769 -7.513 -2.243 13.769 -7.513 2.243 14.166 -8.570 2.243 0.190405 0.805995 0.190505 0.894906 0.168013 0.894997
3 16 14.166 -8.570 -2.243 14.013 -9.671 2.243 14.013 -9.671 -2.243 0.167908 0.805958 0.145922 0.895048 0.145811 0.805957
3 16 14.166 -8.570 -2.243 14.166 -8.570 2.243 14.013 -9.671 2.243 0.167908 0.805958 0.168013 0.894997 0.145922 0.895048
3 16 14.013 -9.671 -2.243 13.374 -10.520 2.243 13.374 -10.520 -2.243 0.145811 0.805957 0.124846 0.895050 0.124732 0.806015
3 16 14.013 -9.671 -2.243 14.013 -9.671 2.243 13.374 -10.520 2.243 0.145811 0.805957 0.145922 0.895048 0.124846 0.895050
3 16 13.374 -10.520 -2.243 12.399 -10.962 2.243 12.399 -10.962 -2.243 0.124732 0.806015 0.103610 0.895068 0.103495 0.806058
3 16 13.374 -10.520 -2.243 13.374 -10.520 2.243 12.399 -10.962 2.243 0.124732 0.806015 0.124846 0.895050 0.103610 0.895068
3 16 12.399 -10.962 -2.243 10.532 -11.224 2.243 10.532 -11.224 -2.243 0.103495 0.806058 0.066205 0.895115 0.066089 0.806122
3 16 12.399 -10.962 -2.243 12.399 -10.962 2.243 10.532 -11.224 2.243 0.103495 0.806058 0.103610 0.895068 0.066205 0.895115
3 16 10.532 -11.224 -2.243 12.248 -13.675 2.243 12.248 -13.675 -2.243 0.006616 0.308545 0.100171 0.370568 0.006781 0.370817
3 16 10.532 -11.224 -2.243 10.532 -11.224 2.243 12.248 -13.675 2.243 0.006616 0.308545 0.100005 0.308296 0.100171 0.370568
3 16 12.248 -13.675 -2.243 15.866 -13.198 2.243 15.866 -13.198 -2.243 0.747185 0.218921 0.822552 0.126216 0.822575 0.219010
3 16 12.248 -13.675 -2.243 12.248 -13.675 2.243 15.866 -13.198 2.243 0.747185 0.218921 0.747157 0.126384 0.822552 0.126216
3 16 15.866 -13.198 -2.243 17.067 -13.453 2.243 17.067 -13.453 -2.243 0.822575 0.219010 0.847987 0.126407 0.848011 0.218814
3 16 15.866 -13.198 -2.243 15.866 -13.198 2.243 17.067 -13.453 2.243 0.822575 0.219010 0.822552 0.126216 0.847987 0.126407
3 16 17.067 -13.453 -2.243 17.856 -14.200 2.243 17.856 -14.200 -2.243 0.848011 0.218814 0.870567 0.126344 0.870583 0.218848
3 16 17.067 -13.453 -2.243 17.067 -13.453 2.243 17.856 -14.200 2.243 0.848011 0.218814 0.847987 0.126407 0.870567 0.126344
3 16 17.856 -14.200 -2.243 18.231 -15.195 2.243 18.231 -15.195 -2.243 0.870583 0.218848 0.892670 0.126321 0.892684 0.218863
3 16 17.856 -14.200 -2.243 17.856 -14.200 2.243 18.231 -15.195 2.243 0.870583 0.218848 0.870567 0.126344 0.892670 0.126321
3 16 18.231 -15.195 -2.243 18.087 -16.372 2.243 18.087 -16.372 -2.243 0.892684 0.218863 0.917176 0.126283 0.917187 0.218903
3 16 18.231 -15.195 -2.243 18.231 -15.195 2.243 18.087 -16.372 2.243 0.892684 0.218863 0.892670 0.126321 0.917176 0.126283
3 16 18.087 -16.372 -2.243 17.472 -17.163 2.243 17.472 -17.163 -2.243 0.917187 0.218903 0.937867 0.126306 0.937875 0.218882
3 16 18.087 -16.372 -2.243 18.087 -16.372 2.243 17.472 -17.163 2.243 0.917187 0.218903 0.917176 0.126283 0.937867 0.126306
3 16 17.472 -17.163 -2.243 16.473 -17.614 2.243 16.473 -17.614 -2.243 0.937875 0.218882 0.960486 0.126328 0.960492 0.218860
3 16 17.472 -17.163 -2.243 17.472 -17.163 2.243 16.473 -17.614 2.243 0.937875 0.218882 0.937867 0.126306 0.960486 0.126328
3 16 16.473 -17.614 -2.243 15.185 -17.795 2.243 15.185 -17.795 -2.243 0.960492 0.218860 0.987298 0.126334 0.987303 0.218853
3 16 16.473 -17.614 -2.243 16.473 -17.614 2.243 15.185 -17.795 2.243 0.960492 0.218860 0.960486 0.126328 0.987298 0.126334
3 16 17.430 -21.076 -2.243 17.818 -22.100 2.243 17.818 -22.100 -2.243 0.081844 0.700709 0.102382 0.616506 0.102390 0.700710
3 16 17.430 -21.076 -2.243 17.430 -21.076 2.243 17.818 -22.100 2.243 0.081844 0.700709 0.081838 0.616505 0.102382 0.616506
3 16 17.818 -22.100 -2.243 17.797 -23.036 2.243 17.797 -23.036 -2.243 0.102390 0.700710 0.119954 0.616510 0.119965 0.700705
3 16 17.818 -22.100 -2.243 17.818 -22.100 2.243 17.797 -23.036 2.243 0.102390 0.700710 0.102382 0.616506 0.119954 0.616510
3 16 17.797 -23.036 -2.243 17.416 -23.912 2.243 17.416 -23.912 -2.243 0.119965 0.700705 0.137899 0.616530 0.137913 0.700681
3 16 17.797 -23.036 -2.243 17.797 -23.036 2.243 17.416 -23.912 2.243 0.119965 0.700705 0.119954 0.616510 0.137899 0.616530
3 16 17.416 -23.912 -2.243 16.734 -24.616 2.243 16.734 -24.616 -2.243 0.137913 0.700681 0.156311 0.616493 0.156327 0.700710
3 16 17.416 -23.912 -2.243 17.416 -23.912 2.243 16.734 -24.616 2.243 0.137913 0.700681 0.137899 0.616530 0.156311 0.616493
3 16 16.734 -24.616 -2.243 15.839 -25.122 2.243 15.839 -25.122 -2.243 0.156327 0.700710 0.175606 0.616494 0.175627 0.700701
3 16 16.734 -24.616 -2.243 16.734 -24.616 2.243 15.839 -25.122 2.243 0.156327 0.700710 0.156311 0.616493 0.175606 0.616494
3 16 15.839 -25.122 -2.243 14.755 -25.248 2.243 14.755 -25.248 -2.243 0.175627 0.700701 0.196122 0.616511 0.196147 0.700669
3 16 15.839 -25.122 -2.243 15.839 -25.122 2.243 14.755 -25.248 2.243 0.175627 0.700701 0.175606 0.616494 0.196122 0.616511
3 16 14.755 -25.248 -2.243 13.727 -24.931 2.243 13.727 -24.931 -2.243 0.196147 0.700669 0.216329 0.616481 0.216357 0.700680
3 16 14.755 -25.248 -2.243 14.755 -25.248 2.243 13.727 -24.931 2.243 0.196147 0.700669 0.196122 0.616511 0.216329 0.616481
3 16 13.727 -24.931 -2.243 12.922 -24.226 2.243 12.922 -24.226 -2.243 0.216357 0.700680 0.236409 0.616458 0.236439 0.700688
3 16 13.727 -24.931 -2.243 13.727 -24.931 2.243 12.922 -24.226 2.243 0.216357 0.700680 0.216329 0.616481 0.236409 0.616458
3 16 12.922 -24.226 -2.243 10.642 -20.941 2.243 10.642 -20.941 -2.243 0.236439 0.700688 0.311442 0.616413 0.311479 0.700649
3 16 12.922 -24.226 -2.243 12.922 -24.226 2.243 10.642 -20.941 2.243 0.236439 0.700688 0.236409 0.616458 0.311442 0.616413
3 16 10.642 -20.941 -2.243 9.990 -22.160 2.243 9.990 -22.160 -2.243 0.969414 0.009407 0.943029 0.095774 0.942823 0.009492
3 16 10.642 -20.941 -2.243 10.642 -20.941 2.243 9.990 -22.160 2.243 0.969414 0.009407 0.969620 0.095734 0.943029 0.095774
3 16 9.990 -22.160 -2.243 9.224 -22.922 2.243 9.224 -22.922 -2.243 0.942823 0.009492 0.922225 0.095798 0.922019 0.009569
3 16 9.990 -22.160 -2.243 9.990 -22.160 2.243 9.224 -22.922 2.243 0.942823 0.009492 0.943029 0.095774 0.922225 0.095798
3 16 9.224 -22.922 -2.243 8.130 -23.235 2.243 8.130 -23.235 -2.243 0.922019 0.009569 0.900317 0.095884 0.900112 0.009590
3 16 9.224 -22.922 -2.243 9.224 -22.922 2.243 8.130 -23.235 2.243 0.922019 0.009569 0.922225 0.095798 0.900317 0.095884
3 16 8.130 -23.235 -2.243 7.115 -22.994 2.243 7.115 -22.994 -2.243 0.900112 0.009590 0.880252 0.095943 0.880046 0.009626
3 16 8.130 -23.235 -2.243 8.130 -23.235 2.243 7.115 -22.994 2.243 0.900112 0.009590 0.900317 0.095884 0.880252 0.095943
3 16 7.115 -22.994 -2.243 6.223 -22.241 2.243 6.223 -22.241 -2.243 0.880046 0.009626 0.857799 0.095988 0.857593 0.009686
3 16 7.115 -22.994 -2.243 7.115 -22.994 2.243 6.223 -22.241 2.243 0.880046 0.009626 0.880252 0.095943 0.857799 0.095988
3 16 6.223 -22.241 -2.243 5.838 -21.168 2.243 5.838 -21.168 -2.243 0.857593 0.009686 0.835858 0.096036 0.835652 0.009744
3 16 6.223 -22.241 -2.243 6.223 -22.241 2.243 5.838 -21.168 2.243 0.857593 0.009686 0.857799 0.095988 0.835858 0.096036
3 16 5.838 -21.168 -2.243 6.059 -20.058 2.243 6.059 -20.058 -2.243 0.835652 0.009744 0.814100 0.096086 0.813894 0.009797
3 16 5.838 -21.168 -2.243 5.838 -21.168 2.243 6.059 -20.058 2.243 0.835652 0.009744 0.835858 0.096036 0.814100 0.096086
3 16 6.059 -20.058 -2.243 7.756 -16.866 2.243 7.756 -16.866 -2.243 0.813894 0.009797 0.744580 0.096251 0.744375 0.009962
3 16 6.059 -20.058 -2.243 6.059 -20.058 2.243 7.756 -16.866 2.243 0.813894 0.009797 0.814100 0.096086 0.744580 0.096251
3 16 7.756 -16.866 -2.243 6.035 -14.406 2.243 6.035 -14.406 -2.243 0.865788 0.924819 0.951111 0.981932 0.865762 0.981912
3 16 7.756 -16.866 -2.243 7.756 -16.866 2.243 6.035 -14.406 2.243 0.865788 0.924819 0.951109 0.924839 0.951111 0.981932
3 16 6.035 -14.406 -2.243 5.142 -16.042 2.243 5.142 -16.042 -2.243 0.277203 0.990234 0.313082 0.903880 0.313077 0.990227
3 16 6.035 -14.406 -2.243 6.035 -14.406 2.243 5.142 -16.042 2.243 0.277203 0.990234 0.277208 0.903868 0.313082 0.903880
3 16 5.142 -16.042 -2.243 4.253 -16.899 2.243 4.253 -16.899 -2.243 0.313077 0.990227 0.336855 0.903897 0.336850 0.990211
3 16 5.142 -16.042 -2.243 5.142 -16.042 2.243 4.253 -16.899 2.243 0.313077 0.990227 0.313082 0.903880 0.336855 0.903897
3 16 4.253 -16.899 -2.243 3.213 -17.117 2.243 3.213 -17.117 -2.243 0.336850 0.990211 0.357306 0.903885 0.357301 0.990225
3 16 4.253 -16.899 -2.243 4.253 -16.899 2.243 3.213 -17.117 2.243 0.336850 0.990211 0.336855 0.903897 0.357306 0.903885
3 16 3.213 -17.117 -2.243 2.169 -16.822 2.243 2.169 -16.822 -2.243 0.357301 0.990225 0.378181 0.903881 0.378177 0.990232
3 16 3.213 -17.117 -2.243 3.213 -17.117 2.243 2.169 -16.822 2.243 0.357301 0.990225 0.357306 0.903885 0.378181 0.903881
3 16 2.169 -16.822 -2.243 1.324 -16.089 2.243 1.324 -16.089 -2.243 0.378177 0.990232 0.399725 0.903882 0.399721 0.990235
3 16 2.169 -16.822 -2.243 2.169 -16.822 2.243 1.324 -16.089 2.243 0.378177 0.990232 0.378181 0.903881 0.399725 0.903882
3 16 1.324 -16.089 -2.243 0.943 -15.063 2.243 0.943 -15.063 -2.243 0.399721 0.990235 0.420791 0.903884 0.420786 0.990236
3 16 1.324 -16.089 -2.243 1.324 -16.089 2.243 0.943 -15.063 2.243 0.399721 0.990235 0.399725 0.903882 0.420791 0.903884
3 16 0.943 -15.063 -2.243 1.217 -13.881 2.243 1.217 -13.881 -2.243 0.420786 0.990236 0.444162 0.903894 0.444158 0.990229
3 16 0.943 -15.063 -2.243 0.943 -15.063 2.243 1.217 -13.881 2.243 0.420786 0.990236 0.420791 0.903884 0.444162 0.903894
3 16 1.217 -13.881 -2.243 3.394 -10.050 2.243 3.394 -10.050 -2.243 0.444158 0.990229 0.529014 0.903889 0.529012 0.990241
3 16 1.217 -13.881 -2.243 1.217 -13.881 2.243 3.394 -10.050 2.243 0.444158 0.990229 0.444162 0.903894 0.529014 0.903889
3 16 3.394 -10.050 -2.243 2.405 -8.670 2.243 2.405 -8.670 -2.243 0.194833 0.323548 0.109371 0.291688 0.194889 0.291688
3 16 3.394 -10.050 -2.243 3.394 -10.050 2.243 2.405 -8.670 2.243 0.194833 0.323548 0.109371 0.323548 0.109371 0.291688
3 16 0.000 -8.670 -2.243 2.405 -8.670 2.243 0.000 -8.670 2.243 0.055635 0.796366 0.009792 0.710866 0.055625 0.710862
3 16 0.000 -8.670 -2.243 2.405 -8.670 -2.243 2.405 -8.670 2.243 0.055635 0.796366 0.009800 0.796370 0.009792 0.710866
3 16 10.642 -20.941 -2.243 14.788 -22.309 -2.250 12.922 -24.226 -2.243 0.131116 0.090840 0.063674 0.135919 0.057143 0.087133
3 16 10.642 -20.941 -2.243 11.663 -17.547 -2.250 14.788 -22.309 -2.250 0.131116 0.090840 0.169615 0.145804 0.063674 0.135919
3 16 14.788 -22.309 -2.250 15.185 -17.795 -2.243 17.430 -21.076 -2.243 0.063674 0.135919 0.123789 0.194583 0.050718 0.187943
3 16 14.788 -22.309 -2.250 11.663 -17.547 -2.250 15.185 -17.795 -2.243 0.063674 0.135919 0.169615 0.145804 0.123789 0.194583
3 16 0.000 0.000 2.000 1.421 -4.702 1.416 1.421 0.000 1.416 0.932700 0.797413 0.901919 0.891614 0.901918 0.797414
3 16 0.000 0.000 2.000 0.000 -4.702 2.000 1.421 -4.702 1.416 0.932700 0.797413 0.932702 0.891614 0.901919 0.891614
3 16 0.000 0.000 2.000 1.421 0.000 1.416 0.000 0.000 0.000 0.024426 0.224065 0.051702 0.212714 0.051593 0.251287
3 16 2.008 0.000 0.000 1.421 -4.702 1.416 2.008 -4.702 0.000 0.871206 0.797415 0.901919 0.891614 0.871207 0.891615
3 16 2.008 0.000 0.000 1.421 0.000 1.416 1.421 -4.702 1.416 0.871206 0.797415 0.901918 0.797414 0.901919 0.891614
3 16 1.421 0.000 1.416 2.008 0.000 0.000 0.000 0.000 0.000 0.051702 0.212714 0.078929 0.224006 0.051593 0.251287
3 16 4.253 -16.899 2.243 5.142 -16.042 2.243 3.301 -15.022 2.250 0.267645 0.572338 0.269750 0.548922 0.306854 0.564057
3 16 0.943 -15.063 2.243 1.324 -16.089 2.243 3.301 -15.022 2.250 0.334397 0.599511 0.314637 0.606117 0.306854 0.564057
3 16 2.169 -16.822 2.243 3.213 -17.117 2.243 3.301 -15.022 2.250 0.293665 0.602323 0.276838 0.590354 0.306854 0.564057
3 16 9.224 -22.922 2.243 9.990 -22.160 2.243 7.985 -20.818 2.250 0.118953 0.570464 0.121129 0.550006 0.164952 0.563727
3 16 7.115 -22.994 2.243 8.130 -23.235 2.243 7.985 -20.818 2.250 0.143046 0.602606 0.127371 0.590423 0.164952 0.563727
3 16 5.838 -21.168 2.243 6.223 -22.241 2.243 7.985 -20.818 2.250 0.185389 0.599763 0.164859 0.606860 0.164952 0.563727
3 16 11.663 -17.547 2.250 6.035 -14.406 2.243 7.756 -16.866 2.243 0.169596 0.470143 0.283366 0.516146 0.226324 0.519978
3 16 11.663 -17.547 2.250 6.071 -10.131 2.250 6.035 -14.406 2.243 0.169596 0.470143 0.346336 0.464577 0.283366 0.516146
3 16 18.087 -16.372 2.243 16.000 -15.290 2.250 17.472 -17.163 2.243 0.110376 0.360798 0.151338 0.378869 0.105979 0.379360
3 16 18.231 -15.195 2.243 17.856 -14.200 2.243 16.000 -15.290 2.250 0.126197 0.344866 0.145366 0.338314 0.151338 0.378869
3 16 15.866 -13.198 2.243 16.000 -15.290 2.250 17.067 -13.453 2.243 0.183975 0.355882 0.151338 0.378869 0.165853 0.341118
3 16 11.663 -17.547 2.250 10.532 -11.224 2.243 6.071 -10.131 2.250 0.169596 0.470143 0.276881 0.411469 0.346336 0.464577
3 16 11.663 -17.547 2.250 12.248 -13.675 2.243 10.532 -11.224 2.243 0.169596 0.470143 0.220055 0.415261 0.276881 0.411469
3 16 12.971 -6.714 2.243 11.791 -6.505 2.243 11.149 -8.846 2.250 0.314657 0.321439 0.331840 0.336463 0.304783 0.373921
3 16 13.769 -7.513 2.243 11.149 -8.846 2.250 14.166 -8.570 2.243 0.293285 0.319152 0.304783 0.373921 0.272860 0.325887
3 16 13.374 -10.520 2.243 14.013 -9.671 2.243 11.149 -8.846 2.250 0.253395 0.360898 0.258350 0.341291 0.304783 0.373921
3 16 14.755 -25.248 2.243 14.788 -22.309 2.250 13.727 -24.931 2.243 0.018452 0.516150 0.061663 0.480579 0.035424 0.527616
3 16 16.734 -24.616 2.243 14.788 -22.309 2.250 15.839 -25.122 2.243 0.004214 0.479250 0.061663 0.480579 0.007383 0.498551
3 16 17.416 -23.912 2.243 17.797 -23.036 2.243 14.788 -22.309 2.250 0.006523 0.460731 0.014970 0.444617 0.061663 0.480579
3 16 14.788 -22.309 2.250 17.818 -22.100 2.243 17.430 -21.076 2.243 0.061663 0.480579 0.028603 0.433136 0.048421 0.426678
3 16 7.985 -20.818 2.250 10.642 -20.941 2.243 11.663 -17.547 2.250 0.164952 0.563727 0.131422 0.525782 0.169596 0.470143
3 16 7.985 -20.818 2.250 9.990 -22.160 2.243 10.642 -20.941 2.243 0.164952 0.563727 0.121129 0.550006 0.131422 0.525782
3 16 7.756 -16.866 2.243 7.985 -20.818 2.250 11.663 -17.547 2.250 0.226324 0.519978 0.164952 0.563727 0.169596 0.470143
3 16 7.756 -16.866 2.243 6.059 -20.058 2.243 7.985 -20.818 2.250 0.226324 0.519978 0.199207 0.583238 0.164952 0.563727
3 16 7.435 -7.077 2.243 5.573 -7.571 2.250 6.071 -10.131 2.250 0.375353 0.407892 0.390263 0.441413 0.346336 0.464577
3 16 7.435 -7.077 2.243 6.518 -5.055 2.243 5.573 -7.571 2.250 0.375353 0.407892 0.416284 0.397356 0.390263 0.441413
3 16 1.852 -7.571 3.827 0.000 -4.702 3.906 0.000 -7.571 4.000 0.164323 0.924629 0.128344 0.980449 0.128252 0.924606
3 16 1.852 -7.571 3.827 1.845 -4.702 3.737 0.000 -4.702 3.906 0.164323 0.924629 0.164336 0.980292 0.128344 0.980449
3 16 13.769 -7.513 2.243 12.971 -6.714 2.243 11.149 -8.846 2.250 0.293285 0.319152 0.314657 0.321439 0.304783 0.373921
3 16 14.166 -8.570 2.243 11.149 -8.846 2.250 14.013 -9.671 2.243 0.272860 0.325887 0.304783 0.373921 0.258350 0.341291
3 16 12.399 -10.962 2.243 13.374 -10.520 2.243 11.149 -8.846 2.250 0.258485 0.380635 0.253395 0.360898 0.304783 0.373921
3 16 5.694 -4.702 2.250 6.518 -5.055 2.243 6.509 -4.702 2.243 0.431379 0.405367 0.416284 0.397356 0.421648 0.393277
3 16 5.573 -7.571 2.250 6.518 -5.055 2.243 5.694 -4.702 2.250 0.390263 0.441413 0.416284 0.397356 0.431379 0.405367
3 16 11.149 -8.846 2.250 7.435 -7.077 2.243 6.071 -10.131 2.250 0.304783 0.373921 0.375353 0.407892 0.346336 0.464577
3 16 11.149 -8.846 2.250 11.791 -6.505 2.243 7.435 -7.077 2.243 0.304783 0.373921 0.331840 0.336463 0.375353 0.407892
3 16 17.067 -13.453 2.243 16.000 -15.290 2.250 17.856 -14.200 2.243 0.165853 0.341118 0.151338 0.378869 0.145366 0.338314
3 16 18.087 -16.372 2.243 18.231 -15.195 2.243 16.000 -15.290 2.250 0.110376 0.360798 0.126197 0.344866 0.151338 0.378869
3 16 16.473 -17.614 2.243 17.472 -17.163 2.243 16.000 -15.290 2.250 0.111209 0.399569 0.105979 0.379360 0.151338 0.378869
3 16 17.797 -23.036 2.243 17.818 -22.100 2.243 14.788 -22.309 2.250 0.014970 0.444617 0.028603 0.433136 0.061663 0.480579
3 16 16.734 -24.616 2.243 17.416 -23.912 2.243 14.788 -22.309 2.250 0.004214 0.479250 0.006523 0.460731 0.061663 0.480579
3 16 14.755 -25.248 2.243 15.839 -25.122 2.243 14.788 -22.309 2.250 0.018452 0.516150 0.007383 0.498551 0.061663 0.480579
3 16 13.727 -24.931 2.243 14.788 -22.309 2.250 12.922 -24.226 2.243 0.035424 0.527616 0.061663 0.480579 0.055479 0.531156
3 16 8.130 -23.235 2.243 9.224 -22.922 2.243 7.985 -20.818 2.250 0.127371 0.590423 0.118953 0.570464 0.164952 0.563727
3 16 6.223 -22.241 2.243 7.115 -22.994 2.243 7.985 -20.818 2.250 0.164859 0.606860 0.143046 0.602606 0.164952 0.563727
3 16 6.059 -20.058 2.243 5.838 -21.168 2.243 7.985 -20.818 2.250 0.199207 0.583238 0.185389 0.599763 0.164952 0.563727
3 16 15.185 -17.795 2.243 16.000 -15.290 2.250 11.663 -17.547 2.250 0.123890 0.420833 0.151338 0.378869 0.169596 0.470143
3 16 15.185 -17.795 2.243 16.473 -17.614 2.243 16.000 -15.290 2.250 0.123890 0.420833 0.111209 0.399569 0.151338 0.378869
3 16 16.000 -15.290 2.250 12.248 -13.675 2.243 11.663 -17.547 2.250 0.151338 0.378869 0.220055 0.415261 0.169596 0.470143
3 16 16.000 -15.290 2.250 15.866 -13.198 2.243 12.248 -13.675 2.243 0.151338 0.378869 0.183975 0.355882 0.220055 0.415261
3 16 3.213 -17.117 2.243 4.253 -16.899 2.243 3.301 -15.022 2.250 0.276838 0.590354 0.267645 0.572338 0.306854 0.564057
3 16 1.324 -16.089 2.243 2.169 -16.822 2.243 3.301 -15.022 2.250 0.314637 0.606117 0.293665 0.602323 0.306854 0.564057
3 16 1.217 -13.881 2.243 0.943 -15.063 2.243 3.301 -15.022 2.250 0.348662 0.581331 0.334397 0.599511 0.306854 0.564057
3 16 3.301 -15.022 2.250 6.035 -14.406 2.243 6.071 -10.131 2.250 0.306854 0.564057 0.283366 0.516146 0.346336 0.464577
3 16 3.301 -15.022 2.250 5.142 -16.042 2.243 6.035 -14.406 2.243 0.306854 0.564057 0.269750 0.548922 0.283366 0.516146
3 16 3.394 -10.050 2.243 3.301 -15.022 2.250 6.071 -10.131 2.250 0.379504 0.503322 0.306854 0.564057 0.346336 0.464577
3 16 3.394 -10.050 2.243 1.217 -13.881 2.243 3.301 -15.022 2.250 0.379504 0.503322 0.348662 0.581331 0.306854 0.564057
3 16 3.725 -7.571 3.352 1.845 -4.702 3.737 1.852 -7.571 3.827 0.201798 0.924820 0.164336 0.980292 0.164323 0.924629
3 16 3.725 -7.571 3.352 3.871 -4.702 3.228 1.845 -4.702 3.737 0.201798 0.924820 0.204844 0.980472 0.164336 0.980292
3 16 0.000 -4.702 2.000 1.845 -4.702 3.737 1.421 -4.702 1.416 0.595782 0.049139 0.625869 0.012073 0.623788 0.056478
3 16 0.000 -4.702 2.000 0.000 -4.702 3.906 1.845 -4.702 3.737 0.595782 0.049139 0.590996 0.013551 0.625869 0.012073
3 16 1.421 -4.702 1.416 3.871 -4.702 3.228 2.008 -4.702 0.000 0.623788 0.056478 0.664986 0.016484 0.638316 0.081444
3 16 1.421 -4.702 1.416 1.845 -4.702 3.737 3.871 -4.702 3.228 0.623788 0.056478 0.625869 0.012073 0.664986 0.016484
3 16 5.573 -7.571 2.250 3.394 -10.050 2.243 6.071 -10.131 2.250 0.390263 0.441413 0.379504 0.503322 0.346336 0.464577
3 16 5.573 -7.571 2.250 2.405 -8.670 2.243 3.394 -10.050 2.243 0.390263 0.441413 0.411770 0.501515 0.379504 0.503322
3 16 3.871 -4.702 3.228 5.573 -7.571 2.250 5.694 -4.702 2.250 0.204844 0.980472 0.243551 0.925253 0.244938 0.980898
3 16 3.871 -4.702 3.228 3.725 -7.571 3.352 5.573 -7.571 2.250 0.204844 0.980472 0.201798 0.924820 0.243551 0.925253
3 16 3.871 -4.702 3.228 5.694 -4.702 2.250 2.008 -4.702 0.000 0.664986 0.016484 0.701488 0.030169 0.638316 0.081444
3 16 0.000 -7.571 4.000 0.000 -8.670 2.243 1.852 -7.571 3.827 0.799058 0.533043 0.798765 0.491928 0.834751 0.529868
3 16 3.725 -7.571 3.352 2.405 -8.670 2.243 5.573 -7.571 2.250 0.870724 0.521815 0.844846 0.492016 0.900973 0.504479
3 16 3.725 -7.571 3.352 0.000 -8.670 2.243 2.405 -8.670 2.243 0.870724 0.521815 0.798765 0.491928 0.844846 0.492016
3 16 3.725 -7.571 3.352 1.852 -7.571 3.827 0.000 -8.670 2.243 0.870724 0.521815 0.834751 0.529868 0.798765 0.491928
3 16 10.532 -11.224 2.243 11.149 -8.846 2.250 6.071 -10.131 2.250 0.276881 0.411469 0.304783 0.373921 0.346336 0.464577
3 16 10.532 -11.224 2.243 12.399 -10.962 2.243 11.149 -8.846 2.250 0.276881 0.411469 0.258485 0.380635 0.304783 0.373921
3 16 14.788 -22.309 2.250 10.642 -20.941 2.243 12.922 -24.226 2.243 0.061663 0.480579 0.131422 0.525782 0.055479 0.531156
3 16 14.788 -22.309 2.250 11.663 -17.547 2.250 10.642 -20.941 2.243 0.061663 0.480579 0.169596 0.470143 0.131422 0.525782
3 16 14.788 -22.309 2.250 15.185 -17.795 2.243 11.663 -17.547 2.250 0.061663 0.480579 0.123890 0.420833 0.169596 0.470143
3 16 14.788 -22.309 2.250 17.430 -21.076 2.243 15.185 -17.795 2.243 0.061663 0.480579 0.048421 0.426678 0.123890 0.420833
3 16 5.694 -4.702 -2.250 2.008 -4.702 0.000 5.694 -4.702 2.250 0.712789 0.114212 0.638316 0.081444 0.701488 0.030169
3 16 -6.509 -4.702 2.243 -5.694 -4.702 -2.250 -6.509 -4.702 -2.243 0.473614 0.060939 0.500122 0.142811 0.484880 0.144712
3 16 -6.509 -4.702 2.243 -5.694 -4.702 2.250 -5.694 -4.702 -2.250 0.473614 0.060939 0.488820 0.058769 0.500122 0.142811
2 24 -1.421 0.000 -1.416 -1.421 -4.702 -1.416
2 24 -0.943 -15.063 -2.243 -1.217 -13.881 -2.243
2 24 -1.852 -7.571 -3.827 -3.725 -7.571 -3.352
2 24 14.013 -9.671 2.243 13.374 -10.520 2.243
2 24 1.217 -13.881 2.243 0.943 -15.063 2.243
2 24 1.421 0.000 1.416 1.421 -4.702 1.416
2 24 0.000 0.000 -2.000 -1.421 0.000 -1.416
2 24 18.087 -16.372 -2.243 17.472 -17.163 -2.243
2 24 3.871 -4.702 -3.228 1.845 -4.702 -3.737
2 24 7.435 -7.077 -2.243 7.435 -7.077 2.243
2 24 2.008 0.000 0.000 1.421 0.000 1.416
2 24 0.000 -4.702 -2.000 -1.421 -4.702 -1.416
2 24 -10.532 -11.224 -2.243 -12.248 -13.675 -2.243
2 24 0.000 -7.571 -4.000 -1.852 -7.571 -3.827
2 24 -6.223 -22.241 -2.243 -7.115 -22.994 -2.243
2 24 -15.186 -17.795 -2.243 -17.430 -21.076 -2.243
2 24 1.324 -16.089 -2.243 0.943 -15.063 -2.243
2 24 2.008 -4.702 0.000 1.421 -4.702 1.416
2 24 -1.324 -16.089 -2.243 -2.169 -16.822 -2.243
2 24 18.087 -16.372 2.243 17.472 -17.163 2.243
2 24 -5.838 -21.168 -2.243 -6.223 -22.241 -2.243
2 24 -6.035 -14.406 -2.243 -7.756 -16.866 -2.243
2 24 -12.971 -6.714 -2.243 -13.769 -7.513 -2.243
2 24 -17.067 -13.453 -2.243 -17.856 -14.200 -2.243
2 24 -2.405 -8.670 -2.243 -3.394 -10.050 -2.243
2 24 -3.871 -4.702 -3.228 -5.694 -4.702 -2.250
2 24 -10.642 -20.941 -2.243 -12.922 -24.226 -2.243
2 24 2.008 0.000 0.000 2.008 -4.702 0.000
2 24 5.142 -16.042 -2.243 4.253 -16.899 -2.243
2 24 9.990 -22.160 -2.243 9.224 -22.922 -2.243
2 24 15.185 -17.795 -2.243 15.185 -17.795 2.243
2 24 1.852 -7.571 -3.827 0.000 -7.571 -4.000
2 24 17.430 -21.076 2.243 15.185 -17.795 2.243
2 24 6.035 -14.406 -2.243 5.142 -16.042 -2.243
2 24 12.248 -13.675 2.243 10.532 -11.224 2.243
2 24 14.013 -9.671 -2.243 13.374 -10.520 -2.243
2 24 1.845 -4.702 -3.737 0.000 -4.702 -3.906
2 24 1.217 -13.881 -2.243 0.943 -15.063 -2.243
2 24 5.573 -7.571 -2.250 3.725 -7.571 -3.352
2 24 6.509 -4.702 2.243 6.518 -5.055 2.243
2 24 10.532 -11.224 -2.243 10.532 -11.224 2.243
2 24 10.642 -20.941 2.243 9.990 -22.160 2.243
2 24 6.059 -20.058 2.243 5.838 -21.168 2.243
2 24 -1.421 -4.702 -1.416 -2.008 -4.702 0.000
2 24 -15.866 -13.198 -2.243 -17.067 -13.453 -2.243
2 24 -7.435 -7.077 -2.243 -11.791 -6.505 -2.243
2 24 -3.725 -7.571 -3.352 -5.573 -7.571 -2.250
2 24 0.000 -4.702 2.000 -1.421 -4.702 1.416
2 24 12.971 -6.714 2.243 11.791 -6.505 2.243
2 24 12.922 -24.226 2.243 10.642 -20.941 2.243
2 24 7.756 -16.866 2.243 6.035 -14.406 2.243
2 24 3.394 -10.050 -2.243 3.394 -10.050 2.243
2 24 2.405 -8.670 -2.243 2.405 -8.670 2.243
2 24 3.394 -10.050 2.243 2.405 -8.670 2.243
2 24 1.421 -4.702 1.416 0.000 -4.702 2.000
2 24 -6.518 -5.055 -2.243 -7.435 -7.077 -2.243
2 24 -1.421 -4.702 1.416 -2.008 -4.702 0.000
2 24 -0.943 -15.063 2.243 -1.324 -16.089 2.243
2 24 5.573 -7.571 -2.250 2.405 -8.670 -2.243
2 24 -12.922 -24.226 -2.243 -13.727 -24.931 -2.243
2 24 6.035 -14.406 2.243 5.142 -16.042 2.243
2 24 -2.008 0.000 0.000 -2.008 -4.702 0.000
2 24 -5.838 -21.168 2.243 -6.223 -22.241 2.243
2 24 -6.035 -14.406 2.243 -7.756 -16.866 2.243
2 24 -11.791 -6.505 2.243 -12.971 -6.714 2.243
2 24 6.509 -4.702 2.243 5.694 -4.702 2.250
2 24 -5.694 -4.702 2.250 -6.509 -4.702 2.243
2 24 -17.067 -13.453 2.243 -17.856 -14.200 2.243
2 24 17.416 -23.912 2.243 16.734 -24.616 2.243
2 24 5.694 -4.702 2.250 3.871 -4.702 3.228
2 24 -1.421 0.000 -1.416 -2.008 0.000 0.000
2 24 -0.943 -15.063 -2.243 -1.324 -16.089 -2.243
2 24 0.000 -4.702 -3.906 -1.845 -4.702 -3.737
2 24 12.248 -13.675 -2.243 12.248 -13.675 2.243
2 24 1.421 0.000 1.416 0.000 0.000 2.000
2 24 11.791 -6.505 -2.243 7.435 -7.077 -2.243
2 24 6.223 -22.241 2.243 5.838 -21.168 2.243
2 24 3.394 -10.050 2.243 1.217 -13.881 2.243
2 24 -4.253 -16.899 -2.243 -5.142 -16.042 -2.243
2 24 -6.059 -20.058 -2.243 -7.756 -16.866 -2.243
2 24 -12.248 -13.675 2.243 -15.866 -13.198 2.243
2 24 -11.791 -6.505 -2.243 -12.971 -6.714 -2.243
2 24 6.509 -4.702 -2.243 5.694 -4.702 -2.250
2 24 -5.694 -4.702 -2.250 -6.509 -4.702 -2.243
2 24 -1.845 -4.702 -3.737 -3.871 -4.702 -3.228
2 24 0.000 0.000 2.000 -1.421 0.000 1.416
2 24 7.756 -16.866 -2.243 6.035 -14.406 -2.243
2 24 12.971 -6.714 -2.243 11.791 -6.505 -2.243
2 24 17.416 -23.912 -2.243 16.734 -24.616 -2.243
2 24 3.725 -7.571 -3.352 1.852 -7.571 -3.827
2 24 7.756 -16.866 2.243 6.059 -20.058 2.243
2 24 1.421 0.000 -1.416 1.421 -4.702 -1.416
2 24 1.421 -4.702 -1.416 0.000 -4.702 -2.000
2 24 3.394 -10.050 -2.243 2.405 -8.670 -2.243
2 24 12.922 -24.226 -2.243 10.642 -20.941 -2.243
2 24 -12.399 -10.962 -2.243 -13.374 -10.520 -2.243
2 24 9.224 -22.922 -2.243 8.130 -23.235 -2.243
2 24 15.866 -13.198 2.243 12.248 -13.675 2.243
2 24 17.472 -17.163 2.243 16.473 -17.614 2.243
2 24 -1.421 0.000 1.416 -2.008 0.000 0.000
2 24 2.008 -4.702 0.000 1.421 -4.702 -1.416
2 24 6.223 -22.241 -2.243 5.838 -21.168 -2.243
2 24 3.394 -10.050 -2.243 1.217 -13.881 -2.243
2 24 -17.430 -21.076 2.243 -17.818 -22.100 2.243
2 24 -6.509 -4.702 2.243 -6.518 -5.055 2.243
2 24 -1.217 -13.881 2.243 -3.394 -10.050 2.243
2 24 -3.725 -7.571 3.352 -5.573 -7.571 2.250
2 24 -3.394 -10.050 -2.243 -3.394 -10.050 2.243
2 24 -13.727 -24.931 -2.243 -14.755 -25.248 -2.243
2 24 16.734 -24.616 -2.243 15.839 -25.122 -2.243
2 24 4.253 -16.899 -2.243 3.213 -17.117 -2.243
2 24 2.169 -16.822 -2.243 1.324 -16.089 -2.243
2 24 13.374 -10.520 2.243 12.399 -10.962 2.243
2 24 17.067 -13.453 2.243 15.866 -13.198 2.243
2 24 -2.169 -16.822 -2.243 -3.213 -17.117 -2.243
2 24 -17.856 -14.200 -2.243 -18.231 -15.195 -2.243
2 24 -6.518 -5.055 2.243 -7.435 -7.077 2.243
2 24 -7.435 -7.077 2.243 -11.791 -6.505 2.243
2 24 -3.871 -4.702 3.228 -5.694 -4.702 2.250
2 24 13.727 -24.931 -2.243 12.922 -24.226 -2.243
2 24 10.642 -20.941 -2.243 10.642 -20.941 2.243
2 24 5.573 -7.571 2.250 2.405 -8.670 2.243
2 24 -1.852 -7.571 3.827 -3.725 -7.571 3.352
2 24 -2.405 -8.670 2.243 -5.573 -7.571 2.250
2 24 17.472 -17.163 -2.243 16.473 -17.614 -2.243
2 24 -9.224 -22.922 -2.243 -9.990 -22.160 -2.243
2 24 -9.990 -22.160 2.243 -10.642 -20.941 2.243
2 24 -0.943 -15.063 2.243 -1.217 -13.881 2.243
2 24 -1.845 -4.702 3.737 -3.871 -4.702 3.228
2 24 12.399 -10.962 -2.243 10.532 -11.224 -2.243
2 24 7.756 -16.866 -2.243 7.756 -16.866 2.243
2 24 5.573 -7.571 2.250 3.725 -7.571 3.352
2 24 -17.430 -21.076 -2.243 -17.818 -22.100 -2.243
2 24 -6.509 -4.702 -2.243 -6.518 -5.055 -2.243
2 24 -1.217 -13.881 -2.243 -3.394 -10.050 -2.243
2 24 -10.532 -11.224 2.243 -12.248 -13.675 2.243
2 24 -15.186 -17.795 2.243 -17.430 -21.076 2.243
2 24 0.000 -4.702 3.906 -1.845 -4.702 3.737
2 24 -6.223 -22.241 2.243 -7.115 -22.994 2.243
2 24 1.324 -16.089 2.243 0.943 -15.063 2.243
2 24 -7.115 -22.994 -2.243 -8.130 -23.235 -2.243
2 24 -5.142 -16.042 -2.243 -6.035 -14.406 -2.243
2 24 -2.169 -16.822 2.243 -3.213 -17.117 2.243
2 24 -17.856 -14.200 2.243 -18.231 -15.195 2.243
2 24 -7.435 -7.077 -2.243 -7.435 -7.077 2.243
2 24 7.115 -22.994 -2.243 6.223 -22.241 -2.243
2 24 13.727 -24.931 2.243 12.922 -24.226 2.243
2 24 -12.248 -13.675 -2.243 -15.866 -13.198 -2.243
2 24 -13.769 -7.513 2.243 -14.166 -8.570 2.243
2 24 -16.473 -17.614 -2.243 -17.473 -17.163 -2.243
2 24 -18.087 -16.372 2.243 -18.231 -15.195 2.243
2 24 15.839 -25.122 2.243 14.755 -25.248 2.243
2 24 8.130 -23.235 2.243 7.115 -22.994 2.243
2 24 -18.087 -16.372 -2.243 -18.231 -15.195 -2.243
2 24 -4.253 -16.899 2.243 -5.142 -16.042 2.243
2 24 -6.059 -20.058 2.243 -7.756 -16.866 2.243
2 24 15.839 -25.122 -2.243 14.755 -25.248 -2.243
2 24 -14.013 -9.671 2.243 -14.166 -8.570 2.243
2 24 -3.213 -17.117 2.243 -4.253 -16.899 2.243
2 24 -10.532 -11.224 -2.243 -10.532 -11.224 2.243
2 24 8.130 -23.235 -2.243 7.115 -22.994 -2.243
2 24 -5.838 -21.168 -2.243 -6.059 -20.058 -2.243
2 24 -10.532 -11.224 -2.243 -12.399 -10.962 -2.243
2 24 -15.866 -13.198 2.243 -17.067 -13.453 2.243
2 24 -6.509 -4.702 -2.243 -6.509 -4.702 2.243
2 24 -2.405 -8.670 -2.243 -2.405 -8.670 2.243
2 24 15.866 -13.198 -2.243 12.248 -13.675 -2.243
2 24 1.852 -7.571 3.827 0.000 -7.571 4.000
2 24 -1.324 -16.089 2.243 -2.169 -16.822 2.243
2 24 17.067 -13.453 -2.243 15.866 -13.198 -2.243
2 24 13.374 -10.520 -2.243 12.399 -10.962 -2.243
2 24 6.035 -14.406 -2.243 6.035 -14.406 2.243
2 24 1.845 -4.702 3.737 0.000 -4.702 3.906
2 24 -17.473 -17.163 -2.243 -18.087 -16.372 -2.243
2 24 -16.473 -17.614 2.243 -17.473 -17.163 2.243
2 24 -14.755 -25.248 2.243 -15.839 -25.122 2.243
2 24 -8.130 -23.235 2.243 -9.224 -22.922 2.243
2 24 -10.642 -20.941 -2.243 -10.642 -20.941 2.243
2 24 -13.374 -10.520 2.243 -14.013 -9.671 2.243
2 24 -17.818 -22.100 2.243 -17.797 -23.036 2.243
2 24 3.725 -7.571 3.352 1.852 -7.571 3.827
2 24 12.399 -10.962 2.243 10.532 -11.224 2.243
2 24 -14.013 -9.671 -2.243 -14.166 -8.570 -2.243
2 24 16.734 -24.616 2.243 15.839 -25.122 2.243
2 24 4.253 -16.899 2.243 3.213 -17.117 2.243
2 24 2.169 -16.822 2.243 1.324 -16.089 2.243
2 24 -13.769 -7.513 -2.243 -14.166 -8.570 -2.243
2 24 11.791 -6.505 2.243 7.435 -7.077 2.243
2 24 -5.838 -21.168 2.243 -6.059 -20.058 2.243
2 24 -10.532 -11.224 2.243 -12.399 -10.962 2.243
2 24 3.213 -17.117 -2.243 2.169 -16.822 -2.243
2 24 16.473 -17.614 -2.243 15.185 -17.795 -2.243
2 24 -3.213 -17.117 -2.243 -4.253 -16.899 -2.243
2 24 -13.727 -24.931 2.243 -14.755 -25.248 2.243
2 24 -2.405 -8.670 -2.243 -5.573 -7.571 -2.250
2 24 -1.421 0.000 1.416 -1.421 -4.702 1.416
2 24 -12.922 -24.226 2.243 -13.727 -24.931 2.243
2 24 5.142 -16.042 2.243 4.253 -16.899 2.243
2 24 3.871 -4.702 3.228 1.845 -4.702 3.737
2 24 -13.374 -10.520 -2.243 -14.013 -9.671 -2.243
2 24 -17.818 -22.100 -2.243 -17.797 -23.036 -2.243
2 24 14.755 -25.248 -2.243 13.727 -24.931 -2.243
2 24 9.224 -22.922 2.243 8.130 -23.235 2.243
2 24 -12.399 -10.962 2.243 -13.374 -10.520 2.243
2 24 -12.971 -6.714 2.243 -13.769 -7.513 2.243
2 24 -2.405 -8.670 2.243 -3.394 -10.050 2.243
2 24 -10.642 -20.941 2.243 -12.922 -24.226 2.243
2 24 9.990 -22.160 2.243 9.224 -22.922 2.243
2 24 -15.839 -25.122 -2.243 -16.734 -24.616 -2.243
2 24 -17.416 -23.912 2.243 -17.797 -23.036 2.243
2 24 -17.416 -23.912 -2.243 -17.797 -23.036 -2.243
2 24 -15.186 -17.795 -2.243 -16.473 -17.614 -2.243
2 24 -7.115 -22.994 2.243 -8.130 -23.235 2.243
2 24 -5.142 -16.042 2.243 -6.035 -14.406 2.243
2 24 7.115 -22.994 2.243 6.223 -22.241 2.243
2 24 -12.248 -13.675 -2.243 -12.248 -13.675 2.243
2 24 14.755 -25.248 2.243 13.727 -24.931 2.243
2 24 -9.990 -22.160 -2.243 -10.642 -20.941 -2.243
2 24 -7.756 -16.866 -2.243 -7.756 -16.866 2.243
2 24 -15.186 -17.795 2.243 -16.473 -17.614 2.243
2 24 -14.755 -25.248 -2.243 -15.839 -25.122 -2.243
2 24 -8.130 -23.235 -2.243 -9.224 -22.922 -2.243
2 24 -16.734 -24.616 -2.243 -17.416 -23.912 -2.243
2 24 0.000 -7.571 4.000 -1.852 -7.571 3.827
2 24 -9.224 -22.922 2.243 -9.990 -22.160 2.243
2 24 -15.186 -17.795 -2.243 -15.186 -17.795 2.243
2 24 -17.473 -17.163 2.243 -18.087 -16.372 2.243
2 24 -6.035 -14.406 -2.243 -6.035 -14.406 2.243
2 24 3.213 -17.117 2.243 2.169 -16.822 2.243
2 24 16.473 -17.614 2.243 15.185 -17.795 2.243
2 24 -15.839 -25.122 2.243 -16.734 -24.616 2.243
2 24 -16.734 -24.616 2.243 -17.416 -23.912 2.243
2 24 1.421 0.000 -1.416 0.000 0.000 -2.000
2 24 7.756 -16.866 -2.243 6.059 -20.058 -2.243
2 24 2.008 0.000 0.000 1.421 0.000 -1.416
2 24 10.642 -20.941 -2.243 9.990 -22.160 -2.243
2 24 6.509 -4.702 -2.243 6.518 -5.055 -2.243
2 24 6.059 -20.058 -2.243 5.838 -21.168 -2.243
2 24 13.769 -7.513 2.243 12.971 -6.714 2.243
2 24 17.797 -23.036 2.243 17.416 -23.912 2.243
2 24 7.435 -7.077 -2.243 6.518 -5.055 -2.243
2 24 18.231 -15.195 -2.243 17.856 -14.200 -2.243
2 24 17.818 -22.100 -2.243 17.797 -23.036 -2.243
2 24 12.248 -13.675 -2.243 10.532 -11.224 -2.243
2 24 17.430 -21.076 -2.243 15.185 -17.795 -2.243
2 24 14.166 -8.570 2.243 14.013 -9.671 2.243
2 24 17.797 -23.036 -2.243 17.416 -23.912 -2.243
2 24 13.769 -7.513 -2.243 12.971 -6.714 -2.243
2 24 14.166 -8.570 -2.243 14.013 -9.671 -2.243
2 24 14.166 -8.570 2.243 13.769 -7.513 2.243
2 24 18.231 -15.195 2.243 18.087 -16.372 2.243
2 24 14.166 -8.570 -2.243 13.769 -7.513 -2.243
2 24 18.231 -15.195 -2.243 18.087 -16.372 -2.243
2 24 18.231 -15.195 2.243 17.856 -14.200 2.243
2 24 17.818 -22.100 -2.243 17.430 -21.076 -2.243
2 24 17.818 -22.100 2.243 17.430 -21.076 2.243
2 24 17.856 -14.200 -2.243 17.067 -13.453 -2.243
2 24 6.509 -4.702 -2.243 6.509 -4.702 2.243
2 24 17.856 -14.200 2.243 17.067 -13.453 2.243
2 24 5.694 -4.702 -2.250 3.871 -4.702 -3.228
2 24 7.435 -7.077 2.243 6.518 -5.055 2.243
2 24 17.818 -22.100 2.243 17.797 -23.036 2.243
