0 FILE bl_18744.dat
0 18744
0 Name:  bl_18744.dat
0 Author:  
0 BFC CERTIFY CCW
3 16 42.775 -3.000 -8.970 47.269 -0.237 -8.464 46.972 -3.276 -8.590 0.576497 0.915096 0.634487 0.879803 0.630465 0.918740
3 16 42.775 -3.000 -8.970 42.775 0.000 -8.970 47.269 -0.237 -8.464 0.576497 0.915096 0.576563 0.876665 0.634487 0.879803
3 16 53.239 -1.542 -6.721 46.972 -3.276 -8.590 47.269 -0.237 -8.464 0.714200 0.896336 0.630465 0.918740 0.634487 0.879803
3 16 46.972 -3.276 -8.590 53.239 -1.542 -6.721 52.817 -4.585 -6.982 0.630465 0.918740 0.714200 0.896336 0.708158 0.935366
3 16 52.817 -4.585 -6.982 57.487 -3.273 -3.138 57.731 -6.680 -2.943 0.737016 0.809029 0.814772 0.793530 0.818036 0.837241
3 16 52.817 -4.585 -6.982 53.239 -1.542 -6.721 57.487 -3.273 -3.138 0.737016 0.809029 0.743974 0.770151 0.814772 0.793530
3 16 59.027 -4.039 0.000 57.731 -6.680 -2.943 57.487 -3.273 -3.138 0.859469 0.803705 0.818036 0.837241 0.814772 0.793530
3 16 59.027 -4.039 0.000 59.086 -7.410 0.000 57.731 -6.680 -2.943 0.859469 0.803705 0.859469 0.846896 0.818036 0.837241
3 16 57.731 -6.680 -2.943 52.796 -4.578 0.000 52.817 -4.585 -6.982 0.621453 0.774263 0.583734 0.705563 0.673179 0.705831
3 16 57.731 -6.680 -2.943 59.086 -7.410 0.000 52.796 -4.578 0.000 0.621453 0.774263 0.583734 0.793931 0.583734 0.705563
3 16 -1.899 -3.000 -8.983 21.495 0.000 -8.976 21.495 -3.000 -8.976 0.000977 0.915096 0.300666 0.876665 0.300667 0.915096
3 16 -1.899 -3.000 -8.983 -1.899 0.000 -8.983 21.495 0.000 -8.976 0.000977 0.915096 0.000977 0.876665 0.300666 0.876665
3 16 1.789 -3.417 -5.126 1.334 -3.000 -5.079 1.423 -3.614 -5.917 0.726148 0.901012 0.725595 0.892920 0.737256 0.899173
3 16 1.334 -3.000 -5.079 1.789 -3.417 -5.126 1.793 -3.000 -4.523 0.725595 0.892920 0.726148 0.901012 0.717441 0.897306
3 16 1.334 -3.000 -5.079 1.138 -3.356 -5.926 1.423 -3.614 -5.917 0.725595 0.892920 0.737463 0.894395 0.737256 0.899173
3 16 1.077 -3.000 -5.679 1.138 -3.356 -5.926 1.334 -3.000 -5.079 0.733778 0.890287 0.737463 0.894395 0.725595 0.892920
3 16 1.077 -3.000 -5.679 0.944 -3.009 -6.685 1.138 -3.356 -5.926 0.733778 0.890287 0.747121 0.889241 0.737463 0.894395
3 16 0.944 -3.009 -6.685 1.145 -3.352 -6.685 1.138 -3.356 -5.926 0.747121 0.889241 0.747089 0.894394 0.737463 0.894395
3 16 1.423 -3.614 -5.917 1.789 -3.682 -5.803 1.789 -3.417 -5.126 0.737256 0.899173 0.735346 0.903712 0.726148 0.901012
3 16 1.427 -3.604 -6.685 1.789 -3.682 -5.803 1.423 -3.614 -5.917 0.747022 0.899372 0.735346 0.903712 0.737256 0.899173
3 16 1.789 -3.682 -5.803 1.427 -3.604 -6.685 1.790 -3.770 -6.685 0.735346 0.903712 0.747022 0.899372 0.746983 0.904539
3 16 1.423 -3.614 -5.917 1.145 -3.352 -6.685 1.427 -3.604 -6.685 0.737256 0.899173 0.747089 0.894394 0.747022 0.899372
3 16 1.423 -3.614 -5.917 1.138 -3.356 -5.926 1.145 -3.352 -6.685 0.737256 0.899173 0.737463 0.894395 0.747089 0.894394
3 16 1.334 -3.000 -8.291 1.789 -3.417 -8.243 1.423 -3.614 -7.453 0.768438 0.892881 0.768033 0.900985 0.756869 0.899419
3 16 1.789 -3.417 -8.243 1.334 -3.000 -8.291 1.793 -3.000 -8.846 0.768033 0.900985 0.768438 0.892881 0.776671 0.897114
3 16 1.138 -3.356 -7.443 1.334 -3.000 -8.291 1.423 -3.614 -7.453 0.756660 0.894659 0.768438 0.892881 0.756869 0.899419
3 16 1.138 -3.356 -7.443 1.077 -3.000 -7.690 1.334 -3.000 -8.291 0.756660 0.894659 0.760202 0.890416 0.768438 0.892881
3 16 1.077 -3.000 -7.690 1.138 -3.356 -7.443 1.145 -3.352 -6.685 0.760202 0.890416 0.756660 0.894659 0.747089 0.894394
3 16 0.944 -3.009 -6.685 1.077 -3.000 -7.690 1.145 -3.352 -6.685 0.747121 0.889241 0.760202 0.890416 0.747089 0.894394
3 16 1.789 -3.682 -7.567 1.423 -3.614 -7.453 1.789 -3.417 -8.243 0.758857 0.903867 0.756869 0.899419 0.768033 0.900985
3 16 1.790 -3.770 -6.685 1.423 -3.614 -7.453 1.789 -3.682 -7.567 0.746983 0.904539 0.756869 0.899419 0.758857 0.903867
3 16 1.423 -3.614 -7.453 1.790 -3.770 -6.685 1.427 -3.604 -6.685 0.756869 0.899419 0.746983 0.904539 0.747022 0.899372
3 16 1.138 -3.356 -7.443 1.427 -3.604 -6.685 1.145 -3.352 -6.685 0.756660 0.894659 0.747022 0.899372 0.747089 0.894394
3 16 1.423 -3.614 -7.453 1.427 -3.604 -6.685 1.138 -3.356 -7.443 0.756869 0.899419 0.747022 0.899372 0.756660 0.894659
3 16 20.047 -3.417 -8.243 1.793 -3.000 -8.846 20.044 -3.000 -8.846 0.987398 0.235192 0.998520 0.001421 0.996790 0.235223
3 16 1.789 -3.417 -8.243 1.793 -3.000 -8.846 20.047 -3.417 -8.243 0.989128 0.001313 0.998520 0.001421 0.987398 0.235192
3 16 20.047 -3.682 -7.567 1.789 -3.417 -8.243 20.047 -3.417 -8.243 0.978094 0.235126 0.989128 0.001313 0.987398 0.235192
3 16 1.789 -3.682 -7.567 1.789 -3.417 -8.243 20.047 -3.682 -7.567 0.979824 0.001241 0.989128 0.001313 0.978094 0.235126
3 16 1.789 -3.682 -7.567 20.046 -3.770 -6.685 1.790 -3.770 -6.685 0.979824 0.001241 0.966738 0.235030 0.968468 0.001170
3 16 20.046 -3.770 -6.685 1.789 -3.682 -7.567 20.047 -3.682 -7.567 0.966738 0.235030 0.979824 0.001241 0.978094 0.235126
3 16 20.503 -3.000 -5.079 20.047 -3.417 -5.126 20.414 -3.614 -5.917 0.799838 0.906624 0.799285 0.914715 0.788177 0.912875
3 16 20.047 -3.417 -5.126 20.503 -3.000 -5.079 20.044 -3.000 -4.523 0.799285 0.914715 0.799838 0.906624 0.807992 0.911010
3 16 20.698 -3.356 -5.926 20.503 -3.000 -5.079 20.414 -3.614 -5.917 0.787970 0.908098 0.799838 0.906624 0.788177 0.912875
3 16 20.698 -3.356 -5.926 20.760 -3.000 -5.679 20.503 -3.000 -5.079 0.787970 0.908098 0.791656 0.903990 0.799838 0.906624
3 16 20.892 -3.009 -6.685 20.760 -3.000 -5.679 20.698 -3.356 -5.926 0.778312 0.902943 0.791656 0.903990 0.787970 0.908098
3 16 20.691 -3.352 -6.685 20.892 -3.009 -6.685 20.698 -3.356 -5.926 0.778345 0.908096 0.778312 0.902943 0.787970 0.908098
3 16 20.047 -3.682 -5.803 20.414 -3.614 -5.917 20.047 -3.417 -5.126 0.790087 0.917415 0.788177 0.912875 0.799285 0.914715
3 16 20.047 -3.682 -5.803 20.410 -3.604 -6.685 20.414 -3.614 -5.917 0.790087 0.917415 0.778411 0.913074 0.788177 0.912875
3 16 20.410 -3.604 -6.685 20.047 -3.682 -5.803 20.046 -3.770 -6.685 0.778411 0.913074 0.790087 0.917415 0.778449 0.918241
3 16 20.691 -3.352 -6.685 20.414 -3.614 -5.917 20.410 -3.604 -6.685 0.778345 0.908096 0.788177 0.912875 0.778411 0.913074
3 16 20.698 -3.356 -5.926 20.414 -3.614 -5.917 20.691 -3.352 -6.685 0.787970 0.908098 0.788177 0.912875 0.778345 0.908096
3 16 20.044 -3.000 -4.523 1.789 -3.417 -5.126 20.047 -3.417 -5.126 0.936687 0.234778 0.947808 0.001007 0.946079 0.234887
3 16 1.793 -3.000 -4.523 1.789 -3.417 -5.126 20.044 -3.000 -4.523 0.938416 0.000977 0.947808 0.001007 0.936687 0.234778
3 16 20.047 -3.417 -5.126 1.789 -3.682 -5.803 20.047 -3.682 -5.803 0.946079 0.234887 0.957112 0.001073 0.955383 0.234958
3 16 1.789 -3.417 -5.126 1.789 -3.682 -5.803 20.047 -3.417 -5.126 0.947808 0.001007 0.957112 0.001073 0.946079 0.234887
3 16 20.047 -3.682 -5.803 1.790 -3.770 -6.685 20.046 -3.770 -6.685 0.955383 0.234958 0.968468 0.001170 0.966738 0.235030
3 16 20.047 -3.682 -5.803 1.789 -3.682 -5.803 1.790 -3.770 -6.685 0.955383 0.234958 0.957112 0.001073 0.968468 0.001170
3 16 20.047 -3.417 -8.243 20.503 -3.000 -8.291 20.414 -3.614 -7.453 0.757401 0.914688 0.756994 0.906583 0.768563 0.913121
3 16 20.503 -3.000 -8.291 20.047 -3.417 -8.243 20.044 -3.000 -8.846 0.756994 0.906583 0.757401 0.914688 0.748762 0.910820
3 16 20.503 -3.000 -8.291 20.698 -3.356 -7.443 20.414 -3.614 -7.453 0.756994 0.906583 0.768774 0.908361 0.768563 0.913121
3 16 20.760 -3.000 -7.690 20.698 -3.356 -7.443 20.503 -3.000 -8.291 0.765231 0.904118 0.768774 0.908361 0.756994 0.906583
3 16 20.698 -3.356 -7.443 20.760 -3.000 -7.690 20.691 -3.352 -6.685 0.768774 0.908361 0.765231 0.904118 0.778345 0.908096
3 16 20.760 -3.000 -7.690 20.892 -3.009 -6.685 20.691 -3.352 -6.685 0.765231 0.904118 0.778312 0.902943 0.778345 0.908096
3 16 20.414 -3.614 -7.453 20.047 -3.682 -7.567 20.047 -3.417 -8.243 0.768563 0.913121 0.766576 0.917569 0.757401 0.914688
3 16 20.414 -3.614 -7.453 20.046 -3.770 -6.685 20.047 -3.682 -7.567 0.768563 0.913121 0.778449 0.918241 0.766576 0.917569
3 16 20.046 -3.770 -6.685 20.414 -3.614 -7.453 20.410 -3.604 -6.685 0.778449 0.918241 0.768563 0.913121 0.778411 0.913074
3 16 20.410 -3.604 -6.685 20.698 -3.356 -7.443 20.691 -3.352 -6.685 0.778411 0.913074 0.768774 0.908361 0.778345 0.908096
3 16 20.410 -3.604 -6.685 20.414 -3.614 -7.453 20.698 -3.356 -7.443 0.778411 0.913074 0.768563 0.913121 0.768774 0.908361
3 16 52.817 -4.585 -6.982 46.984 -3.284 0.000 46.972 -3.276 -8.590 0.673179 0.705831 0.583734 0.629282 0.693772 0.629098
3 16 52.817 -4.585 -6.982 52.796 -4.578 0.000 46.984 -3.284 0.000 0.673179 0.705831 0.583734 0.705563 0.583734 0.629282
3 16 46.972 -3.276 -8.590 42.775 -3.000 0.000 42.775 -3.000 -8.970 0.693772 0.629098 0.583734 0.575241 0.698637 0.575227
3 16 46.972 -3.276 -8.590 46.984 -3.284 0.000 42.775 -3.000 0.000 0.693772 0.629098 0.583734 0.629282 0.583734 0.575241
3 16 21.495 -3.000 -8.976 -1.899 -3.000 0.000 -1.899 -3.000 -8.983 0.468920 0.273580 0.583907 0.573270 0.468832 0.573270
3 16 21.495 -3.000 -8.976 21.495 -3.000 0.000 -1.899 -3.000 0.000 0.468920 0.273580 0.583907 0.273580 0.583907 0.573270
3 16 -59.086 -3.000 -9.000 -59.086 0.000 0.000 -59.086 0.000 -9.000 0.967601 0.887284 0.852309 0.848853 0.967601 0.848853
3 16 -59.086 -3.000 -9.000 -59.086 -3.000 0.000 -59.086 0.000 0.000 0.967601 0.887284 0.852309 0.887284 0.852309 0.848853
3 16 21.495 0.000 0.000 -1.899 0.000 -8.983 -1.899 0.000 0.000 0.817835 0.273580 0.932910 0.573270 0.817835 0.573270
3 16 21.495 0.000 0.000 21.495 0.000 -8.976 -1.899 0.000 -8.983 0.817835 0.273580 0.932821 0.273580 0.932910 0.573270
3 16 47.269 -0.237 -8.464 42.775 0.000 0.000 47.335 -0.246 0.000 0.708265 0.632872 0.816685 0.575232 0.816685 0.633733
3 16 47.269 -0.237 -8.464 42.775 0.000 -8.970 42.775 0.000 0.000 0.708265 0.632872 0.701780 0.575227 0.816685 0.575232
3 16 53.239 -1.542 -6.721 47.335 -0.246 0.000 53.269 -1.551 0.000 0.730586 0.711160 0.816685 0.633733 0.816685 0.711560
3 16 53.239 -1.542 -6.721 47.269 -0.237 -8.464 47.335 -0.246 0.000 0.730586 0.711160 0.708265 0.632872 0.816685 0.633733
3 16 57.487 -3.273 -3.138 53.269 -1.551 0.000 59.027 -4.039 0.000 0.776475 0.769915 0.816685 0.711560 0.816685 0.791920
3 16 57.487 -3.273 -3.138 53.239 -1.542 -6.721 53.269 -1.551 0.000 0.776475 0.769915 0.730586 0.711160 0.816685 0.711560
3 16 -3.172 0.000 -8.983 -58.067 -3.000 -9.000 -58.067 0.000 -9.000 0.717239 0.795889 0.014024 0.834320 0.014024 0.795889
3 16 -3.172 0.000 -8.983 -3.172 -3.000 -8.983 -58.067 -3.000 -9.000 0.717239 0.795889 0.717239 0.834320 0.014024 0.834320
3 16 -3.172 -3.000 -8.983 -58.067 -3.000 0.000 -58.067 -3.000 -9.000 0.001189 0.017283 0.116269 0.720499 0.000980 0.720499
3 16 -3.172 -3.000 -8.983 -3.172 -3.000 0.000 -58.067 -3.000 0.000 0.001189 0.017283 0.116269 0.017283 0.116269 0.720499
3 16 -58.067 0.000 -9.000 -3.172 0.000 0.000 -3.172 0.000 -8.983 0.234908 0.014024 0.350196 0.717239 0.235116 0.717239
3 16 -58.067 0.000 -9.000 -58.067 0.000 0.000 -3.172 0.000 0.000 0.234908 0.014024 0.350196 0.014024 0.350196 0.717239
3 16 -58.067 -3.000 -9.000 -59.086 -3.000 0.000 -59.086 -3.000 -9.000 0.000980 0.720499 0.116269 0.733546 0.000977 0.733546
3 16 -58.067 -3.000 -9.000 -58.067 -3.000 0.000 -59.086 -3.000 0.000 0.000980 0.720499 0.116269 0.720499 0.116269 0.733546
3 16 -59.086 0.000 -9.000 -58.067 0.000 0.000 -58.067 0.000 -9.000 0.234904 0.000977 0.350196 0.014024 0.234908 0.014024
3 16 -59.086 0.000 -9.000 -59.086 0.000 0.000 -58.067 0.000 0.000 0.234904 0.000977 0.350196 0.000977 0.350196 0.014024
3 16 -59.086 0.000 -9.000 -58.067 -3.000 -9.000 -59.086 -3.000 -9.000 0.000977 0.795889 0.014024 0.834320 0.000977 0.834320
3 16 -59.086 0.000 -9.000 -58.067 0.000 -9.000 -58.067 -3.000 -9.000 0.000977 0.795889 0.014024 0.795889 0.014024 0.834320
3 16 -3.172 0.000 -8.983 -1.899 0.000 0.000 -1.899 0.000 -8.983 0.235116 0.717239 0.350196 0.733546 0.235121 0.733546
3 16 -3.172 0.000 -8.983 -3.172 0.000 0.000 -1.899 0.000 0.000 0.235116 0.717239 0.350196 0.717239 0.350196 0.733546
3 16 -1.899 -3.000 -8.983 -3.172 -3.000 0.000 -3.172 -3.000 -8.983 0.001193 0.000977 0.116269 0.017283 0.001189 0.017283
3 16 -1.899 -3.000 -8.983 -1.899 -3.000 0.000 -3.172 -3.000 0.000 0.001193 0.000977 0.116269 0.000977 0.116269 0.017283
3 16 -1.899 0.000 -8.983 -3.172 -3.000 -8.983 -3.172 0.000 -8.983 0.733546 0.795889 0.717239 0.834320 0.717239 0.795889
3 16 -1.899 0.000 -8.983 -1.899 -3.000 -8.983 -3.172 -3.000 -8.983 0.733546 0.795889 0.733546 0.834320 0.717239 0.834320
3 16 42.775 -3.000 -8.970 21.495 -3.000 0.000 21.495 -3.000 -8.976 0.469001 0.000977 0.583907 0.273580 0.468920 0.273580
3 16 42.775 -3.000 -8.970 42.775 -3.000 0.000 21.495 -3.000 0.000 0.469001 0.000977 0.583907 0.000977 0.583907 0.273580
3 16 42.775 -3.000 -8.970 21.495 0.000 -8.976 42.775 0.000 -8.970 0.573270 0.915096 0.300666 0.876665 0.573270 0.876665
3 16 42.775 -3.000 -8.970 21.495 -3.000 -8.976 21.495 0.000 -8.976 0.573270 0.915096 0.300667 0.915096 0.300666 0.876665
3 16 42.775 0.000 0.000 21.495 0.000 -8.976 21.495 0.000 0.000 0.817835 0.000977 0.932821 0.273580 0.817835 0.273580
3 16 42.775 0.000 0.000 42.775 0.000 -8.970 21.495 0.000 -8.976 0.817835 0.000977 0.932741 0.000977 0.932821 0.273580
3 16 47.269 -0.237 8.464 42.775 -3.000 8.970 46.972 -3.276 8.590 0.941034 0.890808 0.999023 0.926102 0.945056 0.929745
3 16 42.775 0.000 8.970 42.775 -3.000 8.970 47.269 -0.237 8.464 0.998957 0.887671 0.999023 0.926102 0.941034 0.890808
3 16 46.972 -3.276 8.590 53.239 -1.542 6.721 47.269 -0.237 8.464 0.945056 0.929745 0.861321 0.907341 0.941034 0.890808
3 16 53.239 -1.542 6.721 46.972 -3.276 8.590 52.817 -4.585 6.982 0.861321 0.907341 0.945056 0.929745 0.867363 0.946372
3 16 57.487 -3.273 3.138 52.817 -4.585 6.982 57.731 -6.680 2.943 0.904165 0.793530 0.981921 0.809029 0.900901 0.837241
3 16 53.239 -1.542 6.721 52.817 -4.585 6.982 57.487 -3.273 3.138 0.974963 0.770151 0.981921 0.809029 0.904165 0.793530
3 16 57.731 -6.680 2.943 59.027 -4.039 0.000 57.487 -3.273 3.138 0.900901 0.837241 0.859469 0.803705 0.904165 0.793530
3 16 59.086 -7.410 0.000 59.027 -4.039 0.000 57.731 -6.680 2.943 0.859469 0.846896 0.859469 0.803705 0.900901 0.837241
3 16 52.796 -4.578 0.000 57.731 -6.680 2.943 52.817 -4.585 6.982 0.583734 0.705563 0.546015 0.774263 0.494290 0.705831
3 16 52.796 -4.578 0.000 59.086 -7.410 0.000 57.731 -6.680 2.943 0.583734 0.705563 0.583734 0.793931 0.546015 0.774263
3 16 21.495 0.000 8.976 -1.899 -3.000 8.983 21.495 -3.000 8.976 0.273580 0.917054 0.573270 0.955484 0.273580 0.955484
3 16 21.495 0.000 8.976 -1.899 0.000 8.983 -1.899 -3.000 8.983 0.273580 0.917054 0.573270 0.917054 0.573270 0.955484
3 16 1.334 -3.000 5.079 1.789 -3.417 5.126 1.423 -3.614 5.917 0.851713 0.913473 0.851160 0.921564 0.840052 0.919725
3 16 1.789 -3.417 5.126 1.334 -3.000 5.079 1.793 -3.000 4.523 0.851160 0.921564 0.851713 0.913473 0.859867 0.917859
3 16 1.138 -3.356 5.926 1.334 -3.000 5.079 1.423 -3.614 5.917 0.839845 0.914947 0.851713 0.913473 0.840052 0.919725
3 16 1.138 -3.356 5.926 1.077 -3.000 5.679 1.334 -3.000 5.079 0.839845 0.914947 0.843531 0.910839 0.851713 0.913473
3 16 0.944 -3.009 6.685 1.077 -3.000 5.679 1.138 -3.356 5.926 0.830187 0.909793 0.843531 0.910839 0.839845 0.914947
3 16 1.145 -3.352 6.685 0.944 -3.009 6.685 1.138 -3.356 5.926 0.830220 0.914945 0.830187 0.909793 0.839845 0.914947
3 16 1.789 -3.682 5.803 1.423 -3.614 5.917 1.789 -3.417 5.126 0.841962 0.924264 0.840052 0.919725 0.851160 0.921564
3 16 1.789 -3.682 5.803 1.427 -3.604 6.685 1.423 -3.614 5.917 0.841962 0.924264 0.830286 0.919923 0.840052 0.919725
3 16 1.427 -3.604 6.685 1.789 -3.682 5.803 1.790 -3.770 6.685 0.830286 0.919923 0.841962 0.924264 0.830324 0.925090
3 16 1.145 -3.352 6.685 1.423 -3.614 5.917 1.427 -3.604 6.685 0.830220 0.914945 0.840052 0.919725 0.830286 0.919923
3 16 1.138 -3.356 5.926 1.423 -3.614 5.917 1.145 -3.352 6.685 0.839845 0.914947 0.840052 0.919725 0.830220 0.914945
3 16 1.789 -3.417 8.243 1.334 -3.000 8.291 1.423 -3.614 7.453 0.809276 0.921538 0.808869 0.913433 0.820439 0.919970
3 16 1.334 -3.000 8.291 1.789 -3.417 8.243 1.793 -3.000 8.846 0.808869 0.913433 0.809276 0.921538 0.800637 0.917669
3 16 1.334 -3.000 8.291 1.138 -3.356 7.443 1.423 -3.614 7.453 0.808869 0.913433 0.820649 0.915210 0.820439 0.919970
3 16 1.077 -3.000 7.690 1.138 -3.356 7.443 1.334 -3.000 8.291 0.817106 0.910968 0.820649 0.915210 0.808869 0.913433
3 16 1.138 -3.356 7.443 1.077 -3.000 7.690 1.145 -3.352 6.685 0.820649 0.915210 0.817106 0.910968 0.830220 0.914945
3 16 1.077 -3.000 7.690 0.944 -3.009 6.685 1.145 -3.352 6.685 0.817106 0.910968 0.830187 0.909793 0.830220 0.914945
3 16 1.423 -3.614 7.453 1.789 -3.682 7.567 1.789 -3.417 8.243 0.820439 0.919970 0.818451 0.924419 0.809276 0.921538
3 16 1.423 -3.614 7.453 1.790 -3.770 6.685 1.789 -3.682 7.567 0.820439 0.919970 0.830324 0.925090 0.818451 0.924419
3 16 1.790 -3.770 6.685 1.423 -3.614 7.453 1.427 -3.604 6.685 0.830324 0.925090 0.820439 0.919970 0.830286 0.919923
3 16 1.427 -3.604 6.685 1.138 -3.356 7.443 1.145 -3.352 6.685 0.830286 0.919923 0.820649 0.915210 0.830220 0.914945
3 16 1.427 -3.604 6.685 1.423 -3.614 7.453 1.138 -3.356 7.443 0.830286 0.919923 0.820439 0.919970 0.820649 0.915210
3 16 1.793 -3.000 8.846 20.047 -3.417 8.243 20.044 -3.000 8.846 0.936687 0.237625 0.947808 0.471396 0.938416 0.471427
3 16 1.793 -3.000 8.846 1.789 -3.417 8.243 20.047 -3.417 8.243 0.936687 0.237625 0.946079 0.237517 0.947808 0.471396
3 16 1.789 -3.417 8.243 20.047 -3.682 7.567 20.047 -3.417 8.243 0.946079 0.237517 0.957112 0.471330 0.947808 0.471396
3 16 1.789 -3.417 8.243 1.789 -3.682 7.567 20.047 -3.682 7.567 0.946079 0.237517 0.955383 0.237445 0.957112 0.471330
3 16 20.046 -3.770 6.685 1.789 -3.682 7.567 1.790 -3.770 6.685 0.968468 0.471234 0.955383 0.237445 0.966738 0.237374
3 16 1.789 -3.682 7.567 20.046 -3.770 6.685 20.047 -3.682 7.567 0.955383 0.237445 0.968468 0.471234 0.957112 0.471330
3 16 20.047 -3.417 5.126 20.503 -3.000 5.079 20.414 -3.614 5.917 0.788790 0.901012 0.788237 0.892920 0.799898 0.899173
3 16 20.503 -3.000 5.079 20.047 -3.417 5.126 20.044 -3.000 4.523 0.788237 0.892920 0.788790 0.901012 0.780082 0.897306
3 16 20.503 -3.000 5.079 20.698 -3.356 5.926 20.414 -3.614 5.917 0.788237 0.892920 0.800104 0.894395 0.799898 0.899173
3 16 20.760 -3.000 5.679 20.698 -3.356 5.926 20.503 -3.000 5.079 0.796419 0.890287 0.800104 0.894395 0.788237 0.892920
3 16 20.760 -3.000 5.679 20.892 -3.009 6.685 20.698 -3.356 5.926 0.796419 0.890287 0.809763 0.889241 0.800104 0.894395
3 16 20.892 -3.009 6.685 20.691 -3.352 6.685 20.698 -3.356 5.926 0.809763 0.889241 0.809730 0.894394 0.800104 0.894395
3 16 20.414 -3.614 5.917 20.047 -3.682 5.803 20.047 -3.417 5.126 0.799898 0.899173 0.797988 0.903712 0.788790 0.901012
3 16 20.410 -3.604 6.685 20.047 -3.682 5.803 20.414 -3.614 5.917 0.809664 0.899372 0.797988 0.903712 0.799898 0.899173
3 16 20.047 -3.682 5.803 20.410 -3.604 6.685 20.046 -3.770 6.685 0.797988 0.903712 0.809664 0.899372 0.809625 0.904539
3 16 20.414 -3.614 5.917 20.691 -3.352 6.685 20.410 -3.604 6.685 0.799898 0.899173 0.809730 0.894394 0.809664 0.899372
3 16 20.414 -3.614 5.917 20.698 -3.356 5.926 20.691 -3.352 6.685 0.799898 0.899173 0.800104 0.894395 0.809730 0.894394
3 16 1.789 -3.417 5.126 20.044 -3.000 4.523 20.047 -3.417 5.126 0.987398 0.237211 0.998520 0.470982 0.989128 0.471091
3 16 1.789 -3.417 5.126 1.793 -3.000 4.523 20.044 -3.000 4.523 0.987398 0.237211 0.996790 0.237181 0.998520 0.470982
3 16 1.789 -3.682 5.803 20.047 -3.417 5.126 20.047 -3.682 5.803 0.978094 0.237277 0.989128 0.471091 0.979824 0.471162
3 16 1.789 -3.682 5.803 1.789 -3.417 5.126 20.047 -3.417 5.126 0.978094 0.237277 0.987398 0.237211 0.989128 0.471091
3 16 1.790 -3.770 6.685 20.047 -3.682 5.803 20.046 -3.770 6.685 0.966738 0.237374 0.979824 0.471162 0.968468 0.471234
3 16 1.789 -3.682 5.803 20.047 -3.682 5.803 1.790 -3.770 6.685 0.978094 0.237277 0.979824 0.471162 0.966738 0.237374
3 16 20.503 -3.000 8.291 20.047 -3.417 8.243 20.414 -3.614 7.453 0.831080 0.892881 0.830674 0.900985 0.819511 0.899419
3 16 20.047 -3.417 8.243 20.503 -3.000 8.291 20.044 -3.000 8.846 0.830674 0.900985 0.831080 0.892881 0.839313 0.897114
3 16 20.698 -3.356 7.443 20.503 -3.000 8.291 20.414 -3.614 7.453 0.819301 0.894659 0.831080 0.892881 0.819511 0.899419
3 16 20.698 -3.356 7.443 20.760 -3.000 7.690 20.503 -3.000 8.291 0.819301 0.894659 0.822844 0.890416 0.831080 0.892881
3 16 20.760 -3.000 7.690 20.698 -3.356 7.443 20.691 -3.352 6.685 0.822844 0.890416 0.819301 0.894659 0.809730 0.894394
3 16 20.892 -3.009 6.685 20.760 -3.000 7.690 20.691 -3.352 6.685 0.809763 0.889241 0.822844 0.890416 0.809730 0.894394
3 16 20.047 -3.682 7.567 20.414 -3.614 7.453 20.047 -3.417 8.243 0.821499 0.903867 0.819511 0.899419 0.830674 0.900985
3 16 20.046 -3.770 6.685 20.414 -3.614 7.453 20.047 -3.682 7.567 0.809625 0.904539 0.819511 0.899419 0.821499 0.903867
3 16 20.414 -3.614 7.453 20.046 -3.770 6.685 20.410 -3.604 6.685 0.819511 0.899419 0.809625 0.904539 0.809664 0.899372
3 16 20.698 -3.356 7.443 20.410 -3.604 6.685 20.691 -3.352 6.685 0.819301 0.894659 0.809664 0.899372 0.809730 0.894394
3 16 20.414 -3.614 7.453 20.410 -3.604 6.685 20.698 -3.356 7.443 0.819511 0.899419 0.809664 0.899372 0.819301 0.894659
3 16 46.984 -3.284 0.000 52.817 -4.585 6.982 46.972 -3.276 8.590 0.583734 0.629282 0.494290 0.705831 0.473696 0.629098
3 16 46.984 -3.284 0.000 52.796 -4.578 0.000 52.817 -4.585 6.982 0.583734 0.629282 0.583734 0.705563 0.494290 0.705831
3 16 42.775 -3.000 0.000 46.972 -3.276 8.590 42.775 -3.000 8.970 0.583734 0.575241 0.473696 0.629098 0.468832 0.575227
3 16 42.775 -3.000 0.000 46.984 -3.284 0.000 46.972 -3.276 8.590 0.583734 0.575241 0.583734 0.629282 0.473696 0.629098
3 16 -1.899 -3.000 0.000 21.495 -3.000 8.976 -1.899 -3.000 8.983 0.583907 0.573270 0.698894 0.273580 0.698982 0.573270
3 16 -1.899 -3.000 0.000 21.495 -3.000 0.000 21.495 -3.000 8.976 0.583907 0.573270 0.583907 0.273580 0.698894 0.273580
3 16 -59.086 0.000 0.000 -59.086 -3.000 9.000 -59.086 0.000 9.000 0.852309 0.848853 0.737016 0.887284 0.737016 0.848853
3 16 -59.086 0.000 0.000 -59.086 -3.000 0.000 -59.086 -3.000 9.000 0.852309 0.848853 0.852309 0.887284 0.737016 0.887284
3 16 -1.899 0.000 8.983 21.495 0.000 0.000 -1.899 0.000 0.000 0.702759 0.573270 0.817835 0.273580 0.817835 0.573270
3 16 -1.899 0.000 8.983 21.495 0.000 8.976 21.495 0.000 0.000 0.702759 0.573270 0.702848 0.273580 0.817835 0.273580
3 16 42.775 0.000 0.000 47.269 -0.237 8.464 47.335 -0.246 0.000 0.816685 0.575232 0.925104 0.632872 0.816685 0.633733
3 16 42.775 0.000 0.000 42.775 0.000 8.970 47.269 -0.237 8.464 0.816685 0.575232 0.931589 0.575227 0.925104 0.632872
3 16 47.335 -0.246 0.000 53.239 -1.542 6.721 53.269 -1.551 0.000 0.816685 0.633733 0.902783 0.711160 0.816685 0.711560
3 16 47.335 -0.246 0.000 47.269 -0.237 8.464 53.239 -1.542 6.721 0.816685 0.633733 0.925104 0.632872 0.902783 0.711160
3 16 53.269 -1.551 0.000 57.487 -3.273 3.138 59.027 -4.039 0.000 0.816685 0.711560 0.856894 0.769915 0.816685 0.791920
3 16 53.269 -1.551 0.000 53.239 -1.542 6.721 57.487 -3.273 3.138 0.816685 0.711560 0.902783 0.711160 0.856894 0.769915
3 16 -58.067 -3.000 9.000 -3.172 0.000 8.983 -58.067 0.000 9.000 0.720499 0.874708 0.017283 0.836277 0.720499 0.836277
3 16 -58.067 -3.000 9.000 -3.172 -3.000 8.983 -3.172 0.000 8.983 0.720499 0.874708 0.017283 0.874708 0.017283 0.836277
3 16 -58.067 -3.000 0.000 -3.172 -3.000 8.983 -58.067 -3.000 9.000 0.116269 0.720499 0.231349 0.017283 0.231557 0.720499
3 16 -58.067 -3.000 0.000 -3.172 -3.000 0.000 -3.172 -3.000 8.983 0.116269 0.720499 0.116269 0.017283 0.231349 0.017283
3 16 -3.172 0.000 0.000 -58.067 0.000 9.000 -3.172 0.000 8.983 0.350196 0.717239 0.465485 0.014024 0.465277 0.717239
3 16 -3.172 0.000 0.000 -58.067 0.000 0.000 -58.067 0.000 9.000 0.350196 0.717239 0.350196 0.014024 0.465485 0.014024
3 16 -59.086 -3.000 0.000 -58.067 -3.000 9.000 -59.086 -3.000 9.000 0.116269 0.733546 0.231557 0.720499 0.231561 0.733546
3 16 -59.086 -3.000 0.000 -58.067 -3.000 0.000 -58.067 -3.000 9.000 0.116269 0.733546 0.116269 0.720499 0.231557 0.720499
3 16 -58.067 0.000 0.000 -59.086 0.000 9.000 -58.067 0.000 9.000 0.350196 0.014024 0.465489 0.000977 0.465485 0.014024
3 16 -58.067 0.000 0.000 -59.086 0.000 0.000 -59.086 0.000 9.000 0.350196 0.014024 0.350196 0.000977 0.465489 0.000977
3 16 -58.067 -3.000 9.000 -59.086 0.000 9.000 -59.086 -3.000 9.000 0.720499 0.874708 0.733546 0.836277 0.733546 0.874708
3 16 -58.067 -3.000 9.000 -58.067 0.000 9.000 -59.086 0.000 9.000 0.720499 0.874708 0.720499 0.836277 0.733546 0.836277
3 16 -1.899 0.000 0.000 -3.172 0.000 8.983 -1.899 0.000 8.983 0.350196 0.733546 0.465277 0.717239 0.465272 0.733546
3 16 -1.899 0.000 0.000 -3.172 0.000 0.000 -3.172 0.000 8.983 0.350196 0.733546 0.350196 0.717239 0.465277 0.717239
3 16 -3.172 -3.000 0.000 -1.899 -3.000 8.983 -3.172 -3.000 8.983 0.116269 0.017283 0.231344 0.000977 0.231349 0.017283
3 16 -3.172 -3.000 0.000 -1.899 -3.000 0.000 -1.899 -3.000 8.983 0.116269 0.017283 0.116269 0.000977 0.231344 0.000977
3 16 -3.172 -3.000 8.983 -1.899 0.000 8.983 -3.172 0.000 8.983 0.017283 0.874708 0.000977 0.836277 0.017283 0.836277
3 16 -3.172 -3.000 8.983 -1.899 -3.000 8.983 -1.899 0.000 8.983 0.017283 0.874708 0.000977 0.874708 0.000977 0.836277
3 16 21.495 -3.000 0.000 42.775 -3.000 8.970 21.495 -3.000 8.976 0.583907 0.273580 0.698813 0.000977 0.698894 0.273580
3 16 21.495 -3.000 0.000 42.775 -3.000 0.000 42.775 -3.000 8.970 0.583907 0.273580 0.583907 0.000977 0.698813 0.000977
3 16 21.495 0.000 8.976 42.775 -3.000 8.970 42.775 0.000 8.970 0.273580 0.917054 0.000977 0.955484 0.000977 0.917054
3 16 21.495 0.000 8.976 21.495 -3.000 8.976 42.775 -3.000 8.970 0.273580 0.917054 0.273580 0.955484 0.000977 0.955484
3 16 21.495 0.000 8.976 42.775 0.000 0.000 21.495 0.000 0.000 0.702848 0.273580 0.817835 0.000977 0.817835 0.273580
3 16 21.495 0.000 8.976 42.775 0.000 8.970 42.775 0.000 0.000 0.702848 0.273580 0.702928 0.000977 0.817835 0.000977
2 24 46.972 -3.276 -8.590 42.775 -3.000 -8.970
2 24 47.269 -0.237 -8.464 42.775 0.000 -8.970
2 24 53.239 -1.542 -6.721 47.269 -0.237 -8.464
2 24 52.817 -4.585 -6.982 46.972 -3.276 -8.590
2 24 57.731 -6.680 -2.943 52.817 -4.585 -6.982
2 24 57.487 -3.273 -3.138 53.239 -1.542 -6.721
2 24 59.027 -4.039 0.000 57.487 -3.273 -3.138
2 24 59.086 -7.410 0.000 57.731 -6.680 -2.943
2 24 59.086 -7.410 0.000 59.027 -4.039 0.000
2 24 42.775 -3.000 -8.970 -59.086 -3.000 -9.000
2 24 42.775 0.000 -8.970 -59.086 0.000 -9.000
2 24 57.487 -3.273 3.138 53.239 -1.542 6.721
2 24 53.239 -1.542 6.721 47.269 -0.237 8.464
2 24 57.731 -6.680 2.943 52.817 -4.585 6.982
2 24 47.269 -0.237 8.464 42.775 0.000 8.970
2 24 59.086 -7.410 0.000 57.731 -6.680 2.943
2 24 -59.086 0.000 -9.000 -59.086 0.000 9.000
2 24 -59.086 0.000 -9.000 -59.086 -3.000 -9.000
2 24 -59.086 -3.000 -9.000 -59.086 -3.000 9.000
2 24 59.027 -4.039 0.000 57.487 -3.273 3.138
2 24 46.972 -3.276 8.590 42.775 -3.000 8.970
2 24 42.775 -3.000 8.970 -59.086 -3.000 9.000
2 24 52.817 -4.585 6.982 46.972 -3.276 8.590
2 24 42.775 0.000 8.970 -59.086 0.000 9.000
2 24 -59.086 0.000 9.000 -59.086 -3.000 9.000
1 16 -10.0000 -3.0000 0.0000 1.0000 0.0000 0.0000 0.0000 1.0000 0.0000 0.0000 0.0000 1.0000 stud.dat
