0 Bird, Parrot with Large Beak
0 Name: bl_27063pb01.dat
0 Author: 
0 BL_Item_No 27063pb01
0 BFC CERTIFY CCW
3 1 -1.466 -36.980999 -13.504 -2.083 -36.455002 -12.187 0 -36.455002 -12.187
3 1 0 -36.455002 -12.187 0 -36.980999 -13.504 -1.466 -36.980999 -13.504
3 1 -3.136 -48.258999 -10.69 0 -48.258999 -10.69 0 -49.826 -7.194
3 1 0 -49.826 -7.194 -3.777 -49.826 -7.194 -3.136 -48.258999 -10.69
3 1 -1.49 -38.981998 -14.271 0 -38.981998 -14.271 0 -42.334 -14.434
3 1 0 -42.334 -14.434 -1.851 -42.334 -14.434 -1.49 -38.981998 -14.271
3 1 -1.851 -42.334 -14.434 0 -42.334 -14.434 0 -45.838001 -13.118
3 1 0 -45.838001 -13.118 -2.456 -45.838001 -13.118 -1.851 -42.334 -14.434
3 1 -2.456 -45.838001 -13.118 0 -45.838001 -13.118 0 -48.258999 -10.69
3 1 0 -48.258999 -10.69 -3.136 -48.258999 -10.69 -2.456 -45.838001 -13.118
3 16 -2.238 -3.237 -8.273 0 -3.205 -8.138 -2.016 -3.243 -8.658
3 1 -4.398 -30.818001 11.565 0 -30.818001 11.565 0 -24.309999 13.948
3 1 0 -24.309999 13.948 -4.641 -24.309999 13.948 -4.398 -30.818001 11.565
3 16 -4.641 -24.309999 13.948 0 -24.309999 13.948 0 -15.567 14.465
3 16 0 -15.567 14.465 -4.892 -15.567 14.465 -4.641 -24.309999 13.948
3 16 -3.372 23.382999 13.043 -3.387 22.496 13.951 0 22.496 13.951
3 16 0 22.496 13.951 0 23.382999 13.043 -3.372 23.382999 13.043
3 16 -3.402 22.608999 10.296 0 22.608999 10.296 0 11.102 10.263
3 16 0 11.102 10.263 -4.054 11.102 10.263 -3.402 22.608999 10.296
3 16 -4.054 11.102 10.263 0 11.102 10.263 0 2.871 10.285
3 16 0 2.871 10.285 -5.01 2.871 10.285 -4.054 11.102 10.263
3 16 -7.338 0.997 10.312 0 0.997 10.312 0 -2.162 9.199
3 16 0 -2.162 9.199 -7.993 -2.162 9.199 -7.338 0.997 10.312
3 16 -3.373 23.362 10.991 0 23.362 10.991 0 22.608999 10.296
3 16 0 22.608999 10.296 -3.402 22.608999 10.296 -3.373 23.362 10.991
3 16 0 23.382999 13.043 0 23.362 10.991 -3.373 23.362 10.991
3 16 -3.373 23.362 10.991 -3.372 23.382999 13.043 0 23.382999 13.043
3 16 -3.387 22.496 13.951 -4.051 10.949 14.482 0 10.949 14.482
3 16 0 10.949 14.482 0 22.496 13.951 -3.387 22.496 13.951
3 16 0 2.958 14.783 0 10.949 14.482 -4.051 10.949 14.482
3 16 -4.051 10.949 14.482 -4.834 2.958 14.783 0 2.958 14.783
3 16 -5.01 2.871 10.285 0 2.871 10.285 0 0.997 10.312
3 16 0 0.997 10.312 -7.338 0.997 10.312 -5.01 2.871 10.285
3 16 0 -15.567 14.465 0 2.958 14.783 -4.834 2.958 14.783
3 16 -4.834 2.958 14.783 -4.892 -15.567 14.465 0 -15.567 14.465
3 1 -1.466 -36.980999 -13.504 0 -36.980999 -13.504 0 -38.981998 -14.271
3 1 0 -38.981998 -14.271 -1.49 -38.981998 -14.271 -1.466 -36.980999 -13.504
3 1 0 -49.943001 -2.996 -4.264 -49.943001 -2.996 -3.777 -49.826 -7.194
3 1 -3.777 -49.826 -7.194 0 -49.826 -7.194 0 -49.943001 -2.996
3 1 0 -49.943001 -2.996 0 -49.383999 1.79 -3.679 -49.383999 1.79
3 1 -3.679 -49.383999 1.79 -4.264 -49.943001 -2.996 0 -49.943001 -2.996
3 1 -3.098 -46.174999 4.567 0 -46.174999 4.567 0 -39.043999 7.501
3 1 0 -39.043999 7.501 -3.276 -39.043999 7.501 -3.098 -46.174999 4.567
3 1 0 -30.818001 11.565 -4.398 -30.818001 11.565 -3.276 -39.043999 7.501
3 1 -3.276 -39.043999 7.501 0 -39.043999 7.501 0 -30.818001 11.565
3 1 -3.098 -46.174999 4.567 -3.679 -49.383999 1.79 0 -49.383999 1.79
3 1 0 -49.383999 1.79 0 -46.174999 4.567 -3.098 -46.174999 4.567
3 16 0 -2.162 9.199 0 -2.526 8.133 -7.993 -2.162 9.199
3 16 0 -2.526 8.133 -2.642 -2.589 7.674 -7.993 -2.162 9.199
3 1 0 -37.681 -11.176 0 -36.455002 -12.187 -2.083 -36.455002 -12.187
3 1 -2.083 -36.455002 -12.187 -2.755 -37.681 -11.176 0 -37.681 -11.176
3 1 -3.119 -38.511002 -10.789 0 -37.943001 -11.021 -2.755 -37.681 -11.176
3 1 -2.755 -37.681 -11.176 0 -37.943001 -11.021 0 -37.681 -11.176
3 1 -5.007 -48.472 -6.85 -4.749 -47.313 -8.662 -3.777 -49.826 -7.194
3 1 -4.749 -47.313 -8.662 -3.136 -48.258999 -10.69 -3.777 -49.826 -7.194
3 1 -3.777 -49.826 -7.194 -4.264 -49.943001 -2.996 -5.007 -48.472 -6.85
3 1 -4.264 -49.943001 -2.996 -5.419 -48.709999 -3.314 -5.007 -48.472 -6.85
3 1 -5.877 -47.896 0.581 -3.679 -49.383999 1.79 -6.135 -45.09 2.558
3 1 -3.679 -49.383999 1.79 -3.098 -46.174999 4.567 -6.135 -45.09 2.558
3 1 -6.135 -45.09 2.558 -3.098 -46.174999 4.567 -5.547 -38.365002 5.123
3 1 -3.098 -46.174999 4.567 -3.276 -39.043999 7.501 -5.547 -38.365002 5.123
3 1 -6.135 -45.09 2.558 -5.547 -38.365002 5.123 -5.948 -41.271 1.195
3 1 -5.547 -38.365002 5.123 -5.267 -35.801998 -0.619 -5.948 -41.271 1.195
3 1 -5.948 -41.271 1.195 -5.267 -35.801998 -0.619 -5.517 -38.875999 -1.803
3 1 -5.267 -35.801998 -0.619 -3.366 -33.999001 -5.241 -5.517 -38.875999 -1.803
3 1 -3.366 -33.999001 -5.241 -3.269 -36.109001 -7.063 -5.517 -38.875999 -1.803
3 1 -5.517 -38.875999 -1.803 -3.269 -36.109001 -7.063 -4.925 -38.057999 -5.433
3 1 -6.732 -30.256001 10.032 -6.462 -33.792999 6.907 -4.398 -30.818001 11.565
3 1 -6.462 -33.792999 6.907 -3.276 -39.043999 7.501 -4.398 -30.818001 11.565
3 1 -6.462 -33.792999 6.907 -5.547 -38.365002 5.123 -3.276 -39.043999 7.501
3 1 -6.732 -30.256001 10.032 -7.14 -31.775999 6.403 -6.462 -33.792999 6.907
3 1 -6.462 -33.792999 6.907 -7.14 -31.775999 6.403 -6.578 -32.016998 1.969
3 1 -5.547 -38.365002 5.123 -6.462 -33.792999 6.907 -6.578 -32.016998 1.969
3 1 -3.013 -36.953999 -7.892 -3.728 -38.485001 -7 -3.269 -36.109001 -7.063
3 1 -3.728 -38.485001 -7 -4.925 -38.057999 -5.433 -3.269 -36.109001 -7.063
3 1 -5.419 -48.709999 -3.314 -4.264 -49.943001 -2.996 -5.877 -47.896 0.581
3 1 -4.264 -49.943001 -2.996 -3.679 -49.383999 1.79 -5.877 -47.896 0.581
3 1 -4.523 -42.438999 -7.893 -3.136 -48.258999 -10.69 -4.774 -42.558998 -7.677
3 1 -4.774 -42.558998 -7.677 -3.136 -48.258999 -10.69 -4.749 -47.313 -8.662
3 1 0 -36.495998 -8.199 0 -37.943001 -11.021 -3.013 -36.953999 -7.892
3 1 0 -37.943001 -11.021 -3.119 -38.511002 -10.789 -3.013 -36.953999 -7.892
3 1 -3.366 -33.999001 -5.241 0 -33.820999 -5.801 -3.269 -36.109001 -7.063
3 1 0 -36.495998 -8.199 -3.013 -36.953999 -7.892 -3.269 -36.109001 -7.063
3 1 -3.269 -36.109001 -7.063 0 -33.820999 -5.801 0 -36.495998 -8.199
3 16 -3.334 -15.409 -6.64 -2.633 -9.515 -4.845 0 -9.426 -5.043
3 16 0 -9.426 -5.043 0 -15.347 -6.854 -3.334 -15.409 -6.64
3 16 0 -20.575001 -7.664 -3.334 -15.409 -6.64 0 -15.347 -6.854
3 16 -3.565 -20.643 -7.302 -3.334 -15.409 -6.64 0 -20.575001 -7.664
3 16 0 -25.496 -7.588 -3.522 -25.547001 -7.193 -3.565 -20.643 -7.302
3 16 -3.565 -20.643 -7.302 0 -20.575001 -7.664 0 -25.496 -7.588
3 16 -5.333 -9.955 -4.185 -3.334 -15.409 -6.64 -5.885 -15.322 -5.92
3 16 -2.633 -9.515 -4.845 -3.334 -15.409 -6.64 -5.333 -9.955 -4.185
3 16 -3.565 -20.643 -7.302 -6.381 -20.659 -6.499 -5.885 -15.322 -5.92
3 16 -5.885 -15.322 -5.92 -3.334 -15.409 -6.64 -3.565 -20.643 -7.302
3 16 -3.522 -25.547001 -7.193 -6.381 -20.659 -6.499 -3.565 -20.643 -7.302
3 16 -6.327 -25.544001 -6.331 -6.381 -20.659 -6.499 -3.522 -25.547001 -7.193
3 16 -5.031 -8.522 -6.256 -2.633 -9.515 -4.845 -5.333 -9.955 -4.185
3 16 -2.633 -9.515 -4.845 -5.031 -8.522 -6.256 -1.928 -7.625 -7.612
3 16 -1.928 -7.625 -7.612 0 -9.426 -5.043 -2.633 -9.515 -4.845
3 16 -1.928 -7.625 -7.612 -2.011 -5.425 -8.4 -1.674 -5.493 -8.972
3 16 -2.011 -5.425 -8.4 -2.238 -3.237 -8.273 -2.016 -3.243 -8.658
3 16 -2.016 -3.243 -8.658 -1.674 -5.493 -8.972 -2.011 -5.425 -8.4
3 16 0 -3.205 -8.138 -2.238 -3.237 -8.273 -2.658 -3.228 -7.661
3 16 -4.959 -5.687 -7.539 -1.928 -7.625 -7.612 -5.031 -8.522 -6.256
3 16 -2.011 -5.425 -8.4 -1.928 -7.625 -7.612 -4.959 -5.687 -7.539
3 16 -2.238 -3.237 -8.273 -4.959 -5.687 -7.539 -5.129 -3.266 -7.314
3 16 -2.011 -5.425 -8.4 -4.959 -5.687 -7.539 -2.238 -3.237 -8.273
3 16 -2.658 -3.228 -7.661 -5.129 -3.266 -7.314 -5.25 -3.251 -6.202
3 16 -2.238 -3.237 -8.273 -5.129 -3.266 -7.314 -2.658 -3.228 -7.661
3 16 -5.881 -5.7 -5.628 -8.115 -5.745 -5.338 -8.094 0 -5.355
3 16 -8.094 0 -5.355 -5.875 0 -5.629 -5.881 -5.7 -5.628
3 16 -8.099 0 5.33 -8.094 0 -5.355 -8.115 -5.745 -5.338
3 16 -8.115 -5.745 -5.338 -8.115 -5.732 5.344 -8.099 0 5.33
3 16 -8.115 -5.732 5.344 -5.339 -8.527 -2.882 -5.646 -8.388 3.07
3 16 -8.115 -5.745 -5.338 -5.339 -8.527 -2.882 -8.115 -5.732 5.344
3 16 -8.115 -5.745 -5.338 -5.218 -7.076 -4.383 -5.339 -8.527 -2.882
3 16 -5.881 -5.7 -5.628 -5.218 -7.076 -4.383 -8.115 -5.745 -5.338
3 16 -5.881 -5.7 -5.628 -5.25 -3.251 -6.202 -5.103 -5.792 -6.313
3 16 -5.875 0 -5.629 -5.25 -3.251 -6.202 -5.881 -5.7 -5.628
3 16 -2.723 0 -7.599 -5.25 -3.251 -6.202 -5.875 0 -5.629
3 16 -2.723 0 -7.599 -2.658 -3.228 -7.661 -5.25 -3.251 -6.202
3 16 -5.103 -5.792 -6.313 -5.218 -7.076 -4.383 -5.881 -5.7 -5.628
3 16 -5.218 -7.076 -4.383 -5.333 -9.955 -4.185 -5.339 -8.527 -2.882
3 16 -5.031 -8.522 -6.256 -5.333 -9.955 -4.185 -5.218 -7.076 -4.383
3 16 -5.103 -5.792 -6.313 -5.031 -8.522 -6.256 -5.218 -7.076 -4.383
3 16 -4.959 -5.687 -7.539 -5.031 -8.522 -6.256 -5.103 -5.792 -6.313
3 16 -5.103 -5.792 -6.313 -5.25 -3.251 -6.202 -5.129 -3.266 -7.314
3 16 -5.129 -3.266 -7.314 -4.959 -5.687 -7.539 -5.103 -5.792 -6.313
3 16 -5.339 -8.527 -2.882 -5.846 -10.807 1.987 -5.646 -8.388 3.07
3 16 -5.333 -9.955 -4.185 -5.846 -10.807 1.987 -5.339 -8.527 -2.882
3 16 -5.333 -9.955 -4.185 -6.861 -15.494 0.62 -5.846 -10.807 1.987
3 16 -5.885 -15.322 -5.92 -6.861 -15.494 0.62 -5.333 -9.955 -4.185
3 16 -7.442 -25.341999 -1.698 -6.381 -20.659 -6.499 -6.327 -25.544001 -6.331
3 16 -6.861 -15.494 0.62 -6.381 -20.659 -6.499 -7.442 -25.341999 -1.698
3 16 -6.861 -15.494 0.62 -5.885 -15.322 -5.92 -6.381 -20.659 -6.499
3 1 -9.716 -30.558001 2.564 -7.14 -31.775999 6.403 -9.75 -30.358 5.751
3 1 -6.578 -32.016998 1.969 -7.14 -31.775999 6.403 -9.716 -30.558001 2.564
3 1 -9.739 -28.822001 -0.845 -6.578 -32.016998 1.969 -9.716 -30.558001 2.564
3 1 -6.636 -29.497 -1.689 -6.578 -32.016998 1.969 -9.739 -28.822001 -0.845
3 16 -9.739 -28.822001 -0.845 -7.442 -25.341999 -1.698 -6.636 -29.497 -1.689
3 16 -9.761 -25.367001 -1.085 -7.442 -25.341999 -1.698 -9.739 -28.822001 -0.845
3 16 -6.871 -5.755 5.5 -7.993 -2.162 9.199 -6.146 -2.559 6.985
3 16 -5.851 -4.124 5.637 -6.146 -2.559 6.985 -5.011 -2.275 6.385
3 16 -9.673 -15.718 1.874 -5.646 -8.388 3.07 -6.861 -15.494 0.62
3 16 -6.871 -5.755 5.5 -6.146 -2.559 6.985 -5.851 -4.124 5.637
3 16 -9.673 -15.718 1.874 -7.993 -2.162 9.199 -6.871 -5.755 5.5
3 16 -5.646 -8.388 3.07 -9.673 -15.718 1.874 -6.871 -5.755 5.5
3 16 -5.846 -10.807 1.987 -6.861 -15.494 0.62 -5.646 -8.388 3.07
3 16 -6.861 -15.494 0.62 -7.442 -25.341999 -1.698 -9.673 -15.718 1.874
3 16 -9.761 -25.367001 -1.085 -9.673 -15.718 1.874 -7.442 -25.341999 -1.698
3 16 -6.871 -5.755 5.5 -8.115 -5.732 5.344 -5.646 -8.388 3.07
3 16 -4.892 -15.567 14.465 -7.379 0.956 13.473 -9.635 -15.538 11.373
3 16 -4.834 2.958 14.783 -7.379 0.956 13.473 -4.892 -15.567 14.465
3 16 -9.635 -15.538 11.373 -4.641 -24.309999 13.948 -4.892 -15.567 14.465
3 1 -9.765 -24.048 10.511 -4.641 -24.309999 13.948 -9.635 -15.538 11.373
3 16 -5.01 2.871 10.285 -7.338 0.997 10.312 -7.379 0.956 13.473
3 16 -7.379 0.956 13.473 -4.834 2.958 14.783 -5.01 2.871 10.285
3 16 -4.051 10.949 14.482 -5.01 2.871 10.285 -4.834 2.958 14.783
3 16 -4.054 11.102 10.263 -5.01 2.871 10.285 -4.051 10.949 14.482
3 16 -3.373 23.362 10.991 -3.402 22.608999 10.296 -3.387 22.496 13.951
3 16 -3.387 22.496 13.951 -3.372 23.382999 13.043 -3.373 23.362 10.991
3 16 -4.054 11.102 10.263 -4.051 10.949 14.482 -3.387 22.496 13.951
3 16 -3.387 22.496 13.951 -3.402 22.608999 10.296 -4.054 11.102 10.263
3 16 -6.146 -2.559 6.985 -7.993 -2.162 9.199 -2.642 -2.589 7.674
3 16 -6.146 -2.559 6.985 -2.642 -2.589 7.674 -5.011 -2.275 6.385
3 16 -5.011 -2.275 6.385 -5.851 0 5.637 -5.851 -4.124 5.637
3 16 -2.642 -2.589 7.674 0 -2.526 8.133 0 0 8.123
3 16 -2.642 -2.589 7.674 0 0 8.123 -2.844 0 7.581
3 1 -9.716 -30.558001 2.564 -9.752 -27.539 9.641 -9.765 -24.048 10.511
3 1 -9.752 -27.539 9.641 -9.716 -30.558001 2.564 -9.75 -30.358 5.751
3 1 -9.761 -25.367001 -1.085 -9.739 -28.822001 -0.845 -9.716 -30.558001 2.564
3 1 -9.716 -30.558001 2.564 -9.765 -24.048 10.511 -9.761 -25.367001 -1.085
3 16 -6.636 -29.497 -1.689 -7.442 -25.341999 -1.698 -6.327 -25.544001 -6.331
3 16 -6.636 -29.497 -1.689 -6.327 -25.544001 -6.331 -5.24 -30.309999 -5.713
3 16 -3.522 -25.547001 -7.193 -2.841 -30.476 -6.439 -5.24 -30.309999 -5.713
3 16 -5.24 -30.309999 -5.713 -6.327 -25.544001 -6.331 -3.522 -25.547001 -7.193
3 16 -2.841 -30.476 -6.439 -3.522 -25.547001 -7.193 0 -25.496 -7.588
3 16 0 -25.496 -7.588 0 -30.469999 -6.746 -2.841 -30.476 -6.439
3 1 -9.765 -24.048 10.511 -9.635 -15.538 11.373 -9.673 -15.718 1.874
3 1 -9.673 -15.718 1.874 -9.761 -25.367001 -1.085 -9.765 -24.048 10.511
3 1 -4.641 -24.309999 13.948 -9.765 -24.048 10.511 -9.752 -27.539 9.641
3 1 -9.752 -27.539 9.641 -6.732 -30.256001 10.032 -4.641 -24.309999 13.948
3 1 -4.398 -30.818001 11.565 -4.641 -24.309999 13.948 -6.732 -30.256001 10.032
3 1 -6.732 -30.256001 10.032 -9.752 -27.539 9.641 -9.75 -30.358 5.751
3 1 -7.14 -31.775999 6.403 -6.732 -30.256001 10.032 -9.75 -30.358 5.751
3 16 -7.993 -2.162 9.199 -9.673 -15.718 1.874 -9.635 -15.538 11.373
3 16 -7.993 -2.162 9.199 -9.635 -15.538 11.373 -7.379 0.956 13.473
3 16 -7.379 0.956 13.473 -7.338 0.997 10.312 -7.993 -2.162 9.199
3 1 -4.523 -42.438999 -7.893 -3.835 -40.957001 -10.077 -2.456 -45.838001 -13.118
3 1 -2.456 -45.838001 -13.118 -3.136 -48.258999 -10.69 -4.523 -42.438999 -7.893
3 1 -1.851 -42.334 -14.434 -2.456 -45.838001 -13.118 -3.835 -40.957001 -10.077
3 1 -1.49 -38.981998 -14.271 -1.851 -42.334 -14.434 -3.835 -40.957001 -10.077
3 1 -1.49 -38.981998 -14.271 -3.835 -40.957001 -10.077 -3.119 -38.511002 -10.789
3 1 -1.49 -38.981998 -14.271 -3.119 -38.511002 -10.789 -2.755 -37.681 -11.176
3 1 -2.755 -37.681 -11.176 -1.466 -36.980999 -13.504 -1.49 -38.981998 -14.271
3 1 -2.083 -36.455002 -12.187 -1.466 -36.980999 -13.504 -2.755 -37.681 -11.176
3 1 -3.728 -38.485001 -7 -3.013 -36.953999 -7.892 -3.119 -38.511002 -10.789
3 1 -3.728 -38.485001 -7 -3.119 -38.511002 -10.789 -3.835 -40.957001 -10.077
3 16 -5.851 -4.124 5.637 -5.851 0 5.637 -8.099 0 5.33
3 16 -8.099 0 5.33 -6.871 -5.755 5.5 -5.851 -4.124 5.637
3 16 -8.099 0 5.33 -8.115 -5.732 5.344 -6.871 -5.755 5.5
3 1 -6.578 -32.016998 1.969 -6.636 -29.497 -1.689 -5.267 -35.801998 -0.619
3 1 -5.267 -35.801998 -0.619 -5.547 -38.365002 5.123 -6.578 -32.016998 1.969
3 1 -3.366 -33.999001 -5.241 -5.267 -35.801998 -0.619 -6.636 -29.497 -1.689
3 1 -5.24 -30.309999 -5.713 -3.366 -33.999001 -5.241 -6.636 -29.497 -1.689
3 1 -3.366 -33.999001 -5.241 -5.24 -30.309999 -5.713 -2.841 -30.476 -6.439
3 1 0 -33.820999 -5.801 -3.366 -33.999001 -5.241 -2.841 -30.476 -6.439
3 1 0 -30.469999 -6.746 0 -33.820999 -5.801 -2.841 -30.476 -6.439
3 16 -2.723 0 -7.599 0 0 -8.124 0 -3.205 -8.138
3 16 0 -3.205 -8.138 -2.658 -3.228 -7.661 -2.723 0 -7.599
3 1 -3.835 -40.957001 -10.077 -4.523 -42.438999 -7.893 -3.728 -38.485001 -7
3 1 -4.925 -38.057999 -5.433 -3.728 -38.485001 -7 -4.774 -42.558998 -7.677
3 1 -3.728 -38.485001 -7 -4.523 -42.438999 -7.893 -4.774 -42.558998 -7.677
3 16 -2.642 -2.589 7.674 -2.844 0 7.581 -5.011 -2.275 6.385
3 16 -2.844 0 7.581 -5.851 0 5.637 -5.011 -2.275 6.385
3 1 0 -7.625 -7.612 0 -9.426 -5.043 -1.928 -7.625 -7.612
3 16 -1.674 -5.493 -8.972 0 -5.493 -8.972 0 -7.625 -7.612
3 16 0 -7.625 -7.612 -1.928 -7.625 -7.612 -1.674 -5.493 -8.972
3 16 0 -3.243 -8.658 0 -5.493 -8.972 -1.674 -5.493 -8.972
3 16 -1.674 -5.493 -8.972 -2.016 -3.243 -8.658 0 -3.243 -8.658
3 16 -2.016 -3.243 -8.658 0 -3.205 -8.138 0 -3.243 -8.658
3 16 -8.094 0 -5.355 -8.099 0 5.33 -6 0 0
3 16 -6 0 0 -5.543 0 -2.296 -8.094 0 -5.355
3 16 0 0 -6 0 0 -8.124 -2.723 0 -7.599
3 16 -2.723 0 -7.599 -2.296 0 -5.543 0 0 -6
3 16 -5.875 0 -5.629 -4.243 0 -4.243 -2.296 0 -5.543
3 16 -2.296 0 -5.543 -2.723 0 -7.599 -5.875 0 -5.629
3 16 -4.243 0 -4.243 -5.875 0 -5.629 -8.094 0 -5.355
3 16 -8.094 0 -5.355 -5.543 0 -2.296 -4.243 0 -4.243
3 16 -5.543 0 2.296 -6 0 0 -8.099 0 5.33
3 16 -5.851 0 5.637 -4.243 0 4.243 -5.543 0 2.296
3 16 -5.543 0 2.296 -8.099 0 5.33 -5.851 0 5.637
3 16 -2.844 0 7.581 -2.296 0 5.543 -4.243 0 4.243
3 16 -4.243 0 4.243 -5.851 0 5.637 -2.844 0 7.581
3 16 -2.296 0 5.543 -2.844 0 7.581 0 0 8.123
3 16 0 0 8.123 0 0 6 -2.296 0 5.543
3 1 -5.447 -46.719002 -3.104 -6.135 -45.09 2.558 -5.421 -45.219002 -3.105
3 1 -5.421 -45.219002 -3.105 -6.135 -45.09 2.558 -5.395 -43.719002 -3.105
3 1 -5.395 -43.719002 -3.105 -6.135 -45.09 2.558 -5.948 -41.271 1.195
3 1 -5.395 -43.719002 -3.105 -5.948 -41.271 1.195 -5.517 -38.875999 -1.803
3 1 -5.395 -43.719002 -3.105 -5.517 -38.875999 -1.803 -4.925 -38.057999 -5.433
3 1 -5.395 -43.719002 -3.105 -4.925 -38.057999 -5.433 -5.212 -43.723 -4.594
3 1 -5.029 -43.727001 -6.083 -4.925 -38.057999 -5.433 -4.774 -42.558998 -7.677
3 1 -5.029 -43.727001 -6.083 -5.212 -43.723 -4.594 -4.925 -38.057999 -5.433
3 1 -5.055 -45.226002 -6.082 -5.029 -43.727001 -6.083 -4.774 -42.558998 -7.677
3 1 -4.749 -47.313 -8.662 -5.081 -46.726002 -6.082 -5.055 -45.226002 -6.082
3 1 -5.055 -45.226002 -6.082 -4.774 -42.558998 -7.677 -4.749 -47.313 -8.662
3 1 -5.081 -46.726002 -6.082 -4.749 -47.313 -8.662 -5.007 -48.472 -6.85
3 1 -5.264 -46.722 -4.593 -5.081 -46.726002 -6.082 -5.007 -48.472 -6.85
3 1 -5.007 -48.472 -6.85 -5.419 -48.709999 -3.314 -5.264 -46.722 -4.593
3 1 -5.264 -46.722 -4.593 -5.419 -48.709999 -3.314 -5.447 -46.719002 -3.104
3 1 -5.447 -46.719002 -3.104 -5.419 -48.709999 -3.314 -5.877 -47.896 0.581
3 1 -5.877 -47.896 0.581 -6.135 -45.09 2.558 -5.447 -46.719002 -3.104
2 24 -5.333 -9.955 -4.185 -2.633 -9.515 -4.845
2 24 -5.129 -3.266 -7.314 -5.25 -3.251 -6.202
2 24 -5.011 -2.275 6.385 -5.851 -4.124 5.637
2 24 -9.761 -25.367001 -1.085 -9.673 -15.718 1.874
2 1 -2.755 -37.681 -11.176 -2.083 -36.455002 -12.187
2 24 -5.25 -3.251 -6.202 -2.658 -3.228 -7.661
2 24 -4.834 2.958 14.783 -7.379 0.956 13.473
2 24 -5.01 2.871 10.285 -7.338 0.997 10.312
2 24 -5.339 -8.527 -2.882 -8.115 -5.745 -5.338
2 1 -2.083 -36.455002 -12.187 -1.466 -36.980999 -13.504
2 24 -2.658 -3.228 -7.661 0 -3.205 -8.138
2 24 -8.115 -5.745 -5.338 -8.094 0 -5.355
2 24 -2.723 0 -7.599 0 0 -8.124
2 24 -2.642 -2.589 7.674 -5.011 -2.275 6.385
2 24 -8.094 0 -5.355 -8.099 0 5.33
2 24 -5.333 -9.955 -4.185 -5.031 -8.522 -6.256
2 24 -4.959 -5.687 -7.539 -5.129 -3.266 -7.314
2 1 -1.49 -38.981998 -14.271 -1.466 -36.980999 -13.504
2 24 -7.993 -2.162 9.199 -6.146 -2.559 6.985
2 24 0 -3.243 -8.658 -2.016 -3.243 -8.658
2 1 -3.269 -36.109001 -7.063 -3.366 -33.999001 -5.241
2 24 -2.016 -3.243 -8.658 -2.238 -3.237 -8.273
2 24 -3.387 22.496 13.951 -3.372 23.382999 13.043
2 24 -2.844 0 7.581 -5.851 0 5.637
2 24 -4.051 10.949 14.482 -3.387 22.496 13.951
2 24 -2.633 -9.515 -4.845 0 -9.426 -5.043
2 24 -6.146 -2.559 6.985 -5.011 -2.275 6.385
2 24 -4.834 2.958 14.783 -4.051 10.949 14.482
2 24 -9.739 -28.822001 -0.845 -9.761 -25.367001 -1.085
2 24 -3.402 22.608999 10.296 -4.054 11.102 10.263
2 24 -5.881 -5.7 -5.628 -5.25 -3.251 -6.202
2 24 -5.875 0 -5.629 -2.723 0 -7.599
2 1 0 -37.943001 -11.021 -3.119 -38.511002 -10.789
2 24 -5.885 -15.322 -5.92 -5.333 -9.955 -4.185
2 24 -1.674 -5.493 -8.972 -2.016 -3.243 -8.658
2 24 -7.442 -25.341999 -1.698 -6.861 -15.494 0.62
2 1 -2.755 -37.681 -11.176 -3.119 -38.511002 -10.789
2 1 -2.083 -36.455002 -12.187 0 -36.455002 -12.187
2 24 0 0 8.123 -2.844 0 7.581
2 24 -3.373 23.362 10.991 -3.402 22.608999 10.296
2 24 -5.218 -7.076 -4.383 -5.339 -8.527 -2.882
2 24 -7.338 0.997 10.312 -7.993 -2.162 9.199
2 24 -4.054 11.102 10.263 -5.01 2.871 10.285
2 24 -5.031 -8.522 -6.256 -4.959 -5.687 -7.539
2 24 -5.333 -9.955 -4.185 -5.339 -8.527 -2.882
2 24 -9.716 -30.558001 2.564 -9.739 -28.822001 -0.845
2 24 -5.129 -3.266 -7.314 -2.238 -3.237 -8.273
2 24 -9.75 -30.358 5.751 -9.716 -30.558001 2.564
2 1 -1.851 -42.334 -14.434 -2.456 -45.838001 -13.118
2 1 -3.136 -48.258999 -10.69 -2.456 -45.838001 -13.118
2 24 -7.442 -25.341999 -1.698 -6.636 -29.497 -1.689
2 24 -8.099 0 5.33 -5.851 0 5.637
2 1 -1.49 -38.981998 -14.271 -1.851 -42.334 -14.434
2 24 -8.099 0 5.33 -8.115 -5.732 5.344
2 24 -3.372 23.382999 13.043 -3.373 23.362 10.991
2 24 -5.881 -5.7 -5.628 -5.218 -7.076 -4.383
2 24 -5.885 -15.322 -5.92 -6.381 -20.659 -6.499
2 24 -2.642 -2.589 7.674 0 -2.526 8.133
2 24 -5.875 0 -5.629 -8.094 0 -5.355
2 24 -1.674 -5.493 -8.972 -1.928 -7.625 -7.612
0 BFC INVERTNEXT
1 1 -1.2683 -45.291698 -4.106 -0.0262 -3.9696 0.1828 -1.4998 0.0691 -0.0036 0.0005 -0.4875 -1.4888 4-4cylc.dat
1 1 -5.2379 -45.222599 -4.5935 -0.0262 0.0025 -0.1837 -1.4998 -1.0002 0.0037 0.0005 0 1.4935 4-4ndis.dat
3 1 0 -36.455002 -12.187 2.083 -36.455002 -12.187 1.466 -36.980999 -13.504
3 1 1.466 -36.980999 -13.504 0 -36.980999 -13.504 0 -36.455002 -12.187
3 1 0 -49.826 -7.194 0 -48.258999 -10.69 3.136 -48.258999 -10.69
3 1 3.136 -48.258999 -10.69 3.777 -49.826 -7.194 0 -49.826 -7.194
3 1 0 -42.334 -14.434 0 -38.981998 -14.271 1.49 -38.981998 -14.271
3 1 1.49 -38.981998 -14.271 1.851 -42.334 -14.434 0 -42.334 -14.434
3 1 0 -45.838001 -13.118 0 -42.334 -14.434 1.851 -42.334 -14.434
3 1 1.851 -42.334 -14.434 2.456 -45.838001 -13.118 0 -45.838001 -13.118
3 1 0 -48.258999 -10.69 0 -45.838001 -13.118 2.456 -45.838001 -13.118
3 1 2.456 -45.838001 -13.118 3.136 -48.258999 -10.69 0 -48.258999 -10.69
3 16 2.016 -3.243 -8.658 0 -3.205 -8.138 2.238 -3.237 -8.273
3 1 0 -24.309999 13.948 0 -30.818001 11.565 4.398 -30.818001 11.565
3 1 4.398 -30.818001 11.565 4.641 -24.309999 13.948 0 -24.309999 13.948
3 16 0 -15.567 14.465 0 -24.309999 13.948 4.641 -24.309999 13.948
3 16 4.641 -24.309999 13.948 4.892 -15.567 14.465 0 -15.567 14.465
3 16 0 22.496 13.951 3.387 22.496 13.951 3.372 23.382999 13.043
3 16 3.372 23.382999 13.043 0 23.382999 13.043 0 22.496 13.951
3 16 0 11.102 10.263 0 22.608999 10.296 3.402 22.608999 10.296
3 16 3.402 22.608999 10.296 4.054 11.102 10.263 0 11.102 10.263
3 16 0 2.871 10.285 0 11.102 10.263 4.054 11.102 10.263
3 16 4.054 11.102 10.263 5.01 2.871 10.285 0 2.871 10.285
3 16 0 -2.162 9.199 0 0.997 10.312 7.338 0.997 10.312
3 16 7.338 0.997 10.312 7.993 -2.162 9.199 0 -2.162 9.199
3 16 0 22.608999 10.296 0 23.362 10.991 3.373 23.362 10.991
3 16 3.373 23.362 10.991 3.402 22.608999 10.296 0 22.608999 10.296
3 16 3.373 23.362 10.991 0 23.362 10.991 0 23.382999 13.043
3 16 0 23.382999 13.043 3.372 23.382999 13.043 3.373 23.362 10.991
3 16 0 10.949 14.482 4.051 10.949 14.482 3.387 22.496 13.951
3 16 3.387 22.496 13.951 0 22.496 13.951 0 10.949 14.482
3 16 4.051 10.949 14.482 0 10.949 14.482 0 2.958 14.783
3 16 0 2.958 14.783 4.834 2.958 14.783 4.051 10.949 14.482
3 16 0 0.997 10.312 0 2.871 10.285 5.01 2.871 10.285
3 16 5.01 2.871 10.285 7.338 0.997 10.312 0 0.997 10.312
3 16 4.834 2.958 14.783 0 2.958 14.783 0 -15.567 14.465
3 16 0 -15.567 14.465 4.892 -15.567 14.465 4.834 2.958 14.783
3 1 0 -38.981998 -14.271 0 -36.980999 -13.504 1.466 -36.980999 -13.504
3 1 1.466 -36.980999 -13.504 1.49 -38.981998 -14.271 0 -38.981998 -14.271
3 1 3.777 -49.826 -7.194 4.264 -49.943001 -2.996 0 -49.943001 -2.996
3 1 0 -49.943001 -2.996 0 -49.826 -7.194 3.777 -49.826 -7.194
3 1 3.679 -49.383999 1.79 0 -49.383999 1.79 0 -49.943001 -2.996
3 1 0 -49.943001 -2.996 4.264 -49.943001 -2.996 3.679 -49.383999 1.79
3 1 0 -39.043999 7.501 0 -46.174999 4.567 3.098 -46.174999 4.567
3 1 3.098 -46.174999 4.567 3.276 -39.043999 7.501 0 -39.043999 7.501
3 1 3.276 -39.043999 7.501 4.398 -30.818001 11.565 0 -30.818001 11.565
3 1 0 -30.818001 11.565 0 -39.043999 7.501 3.276 -39.043999 7.501
3 1 0 -49.383999 1.79 3.679 -49.383999 1.79 3.098 -46.174999 4.567
3 1 3.098 -46.174999 4.567 0 -46.174999 4.567 0 -49.383999 1.79
3 16 7.993 -2.162 9.199 0 -2.526 8.133 0 -2.162 9.199
3 16 7.993 -2.162 9.199 2.642 -2.589 7.674 0 -2.526 8.133
3 1 2.083 -36.455002 -12.187 0 -36.455002 -12.187 0 -37.681 -11.176
3 1 0 -37.681 -11.176 2.755 -37.681 -11.176 2.083 -36.455002 -12.187
3 1 2.755 -37.681 -11.176 0 -37.943001 -11.021 3.119 -38.511002 -10.789
3 1 0 -37.681 -11.176 0 -37.943001 -11.021 2.755 -37.681 -11.176
3 1 3.777 -49.826 -7.194 4.749 -47.313 -8.662 5.007 -48.472 -6.85
3 1 3.777 -49.826 -7.194 3.136 -48.258999 -10.69 4.749 -47.313 -8.662
3 1 5.007 -48.472 -6.85 4.264 -49.943001 -2.996 3.777 -49.826 -7.194
3 1 5.007 -48.472 -6.85 5.419 -48.709999 -3.314 4.264 -49.943001 -2.996
3 1 6.135 -45.09 2.558 3.679 -49.383999 1.79 5.877 -47.896 0.581
3 1 6.135 -45.09 2.558 3.098 -46.174999 4.567 3.679 -49.383999 1.79
3 1 5.547 -38.365002 5.123 3.098 -46.174999 4.567 6.135 -45.09 2.558
3 1 5.547 -38.365002 5.123 3.276 -39.043999 7.501 3.098 -46.174999 4.567
3 1 5.948 -41.271 1.195 5.547 -38.365002 5.123 6.135 -45.09 2.558
3 1 5.948 -41.271 1.195 5.267 -35.801998 -0.619 5.547 -38.365002 5.123
3 1 5.517 -38.875999 -1.803 5.267 -35.801998 -0.619 5.948 -41.271 1.195
3 1 5.517 -38.875999 -1.803 3.366 -33.999001 -5.241 5.267 -35.801998 -0.619
3 1 5.517 -38.875999 -1.803 3.269 -36.109001 -7.063 3.366 -33.999001 -5.241
3 1 4.925 -38.057999 -5.433 3.269 -36.109001 -7.063 5.517 -38.875999 -1.803
3 1 4.398 -30.818001 11.565 6.462 -33.792999 6.907 6.732 -30.256001 10.032
3 1 4.398 -30.818001 11.565 3.276 -39.043999 7.501 6.462 -33.792999 6.907
3 1 3.276 -39.043999 7.501 5.547 -38.365002 5.123 6.462 -33.792999 6.907
3 1 6.462 -33.792999 6.907 7.14 -31.775999 6.403 6.732 -30.256001 10.032
3 1 6.578 -32.016998 1.969 7.14 -31.775999 6.403 6.462 -33.792999 6.907
3 1 6.578 -32.016998 1.969 6.462 -33.792999 6.907 5.547 -38.365002 5.123
3 1 3.269 -36.109001 -7.063 3.728 -38.485001 -7 3.013 -36.953999 -7.892
3 1 3.269 -36.109001 -7.063 4.925 -38.057999 -5.433 3.728 -38.485001 -7
3 1 5.877 -47.896 0.581 4.264 -49.943001 -2.996 5.419 -48.709999 -3.314
3 1 5.877 -47.896 0.581 3.679 -49.383999 1.79 4.264 -49.943001 -2.996
3 1 4.774 -42.558998 -7.677 3.136 -48.258999 -10.69 4.523 -42.438999 -7.893
3 1 4.749 -47.313 -8.662 3.136 -48.258999 -10.69 4.774 -42.558998 -7.677
3 1 3.013 -36.953999 -7.892 0 -37.943001 -11.021 0 -36.495998 -8.199
3 1 3.013 -36.953999 -7.892 3.119 -38.511002 -10.789 0 -37.943001 -11.021
3 1 3.269 -36.109001 -7.063 0 -33.820999 -5.801 3.366 -33.999001 -5.241
3 1 3.269 -36.109001 -7.063 3.013 -36.953999 -7.892 0 -36.495998 -8.199
3 1 0 -36.495998 -8.199 0 -33.820999 -5.801 3.269 -36.109001 -7.063
3 16 0 -9.426 -5.043 2.633 -9.515 -4.845 3.334 -15.409 -6.64
3 16 3.334 -15.409 -6.64 0 -15.347 -6.854 0 -9.426 -5.043
3 16 0 -15.347 -6.854 3.334 -15.409 -6.64 0 -20.575001 -7.664
3 16 0 -20.575001 -7.664 3.334 -15.409 -6.64 3.565 -20.643 -7.302
3 16 3.565 -20.643 -7.302 3.522 -25.547001 -7.193 0 -25.496 -7.588
3 16 0 -25.496 -7.588 0 -20.575001 -7.664 3.565 -20.643 -7.302
3 16 5.885 -15.322 -5.92 3.334 -15.409 -6.64 5.333 -9.955 -4.185
3 16 5.333 -9.955 -4.185 3.334 -15.409 -6.64 2.633 -9.515 -4.845
3 16 5.885 -15.322 -5.92 6.381 -20.659 -6.499 3.565 -20.643 -7.302
3 16 3.565 -20.643 -7.302 3.334 -15.409 -6.64 5.885 -15.322 -5.92
3 16 3.565 -20.643 -7.302 6.381 -20.659 -6.499 3.522 -25.547001 -7.193
3 16 3.522 -25.547001 -7.193 6.381 -20.659 -6.499 6.327 -25.544001 -6.331
3 16 5.333 -9.955 -4.185 2.633 -9.515 -4.845 5.031 -8.522 -6.256
3 16 1.928 -7.625 -7.612 5.031 -8.522 -6.256 2.633 -9.515 -4.845
3 16 2.633 -9.515 -4.845 0 -9.426 -5.043 1.928 -7.625 -7.612
3 16 1.674 -5.493 -8.972 2.011 -5.425 -8.4 1.928 -7.625 -7.612
3 16 2.016 -3.243 -8.658 2.238 -3.237 -8.273 2.011 -5.425 -8.4
3 16 2.011 -5.425 -8.4 1.674 -5.493 -8.972 2.016 -3.243 -8.658
3 16 2.658 -3.228 -7.661 2.238 -3.237 -8.273 0 -3.205 -8.138
3 16 5.031 -8.522 -6.256 1.928 -7.625 -7.612 4.959 -5.687 -7.539
3 16 4.959 -5.687 -7.539 1.928 -7.625 -7.612 2.011 -5.425 -8.4
3 16 5.129 -3.266 -7.314 4.959 -5.687 -7.539 2.238 -3.237 -8.273
3 16 2.238 -3.237 -8.273 4.959 -5.687 -7.539 2.011 -5.425 -8.4
3 16 5.25 -3.251 -6.202 5.129 -3.266 -7.314 2.658 -3.228 -7.661
3 16 2.658 -3.228 -7.661 5.129 -3.266 -7.314 2.238 -3.237 -8.273
3 16 8.094 0 -5.355 8.115 -5.745 -5.338 5.881 -5.7 -5.628
3 16 5.881 -5.7 -5.628 5.875 0 -5.629 8.094 0 -5.355
3 16 8.115 -5.745 -5.338 8.094 0 -5.355 8.099 0 5.33
3 16 8.099 0 5.33 8.115 -5.732 5.344 8.115 -5.745 -5.338
3 16 5.646 -8.388 3.07 5.339 -8.527 -2.882 8.115 -5.732 5.344
3 16 8.115 -5.732 5.344 5.339 -8.527 -2.882 8.115 -5.745 -5.338
3 16 5.339 -8.527 -2.882 5.218 -7.076 -4.383 8.115 -5.745 -5.338
3 16 8.115 -5.745 -5.338 5.218 -7.076 -4.383 5.881 -5.7 -5.628
3 16 5.103 -5.792 -6.313 5.25 -3.251 -6.202 5.881 -5.7 -5.628
3 16 5.881 -5.7 -5.628 5.25 -3.251 -6.202 5.875 0 -5.629
3 16 5.875 0 -5.629 5.25 -3.251 -6.202 2.723 0 -7.599
3 16 5.25 -3.251 -6.202 2.658 -3.228 -7.661 2.723 0 -7.599
3 16 5.881 -5.7 -5.628 5.218 -7.076 -4.383 5.103 -5.792 -6.313
3 16 5.339 -8.527 -2.882 5.333 -9.955 -4.185 5.218 -7.076 -4.383
3 16 5.218 -7.076 -4.383 5.333 -9.955 -4.185 5.031 -8.522 -6.256
3 16 5.218 -7.076 -4.383 5.031 -8.522 -6.256 5.103 -5.792 -6.313
3 16 5.103 -5.792 -6.313 5.031 -8.522 -6.256 4.959 -5.687 -7.539
3 16 5.129 -3.266 -7.314 5.25 -3.251 -6.202 5.103 -5.792 -6.313
3 16 5.103 -5.792 -6.313 4.959 -5.687 -7.539 5.129 -3.266 -7.314
3 16 5.646 -8.388 3.07 5.846 -10.807 1.987 5.339 -8.527 -2.882
3 16 5.339 -8.527 -2.882 5.846 -10.807 1.987 5.333 -9.955 -4.185
3 16 5.846 -10.807 1.987 6.861 -15.494 0.62 5.333 -9.955 -4.185
3 16 5.333 -9.955 -4.185 6.861 -15.494 0.62 5.885 -15.322 -5.92
3 16 6.327 -25.544001 -6.331 6.381 -20.659 -6.499 7.442 -25.341999 -1.698
3 16 7.442 -25.341999 -1.698 6.381 -20.659 -6.499 6.861 -15.494 0.62
3 16 6.381 -20.659 -6.499 5.885 -15.322 -5.92 6.861 -15.494 0.62
3 1 9.75 -30.358 5.751 7.14 -31.775999 6.403 9.716 -30.558001 2.564
3 1 9.716 -30.558001 2.564 7.14 -31.775999 6.403 6.578 -32.016998 1.969
3 1 9.716 -30.558001 2.564 6.578 -32.016998 1.969 9.739 -28.822001 -0.845
3 1 9.739 -28.822001 -0.845 6.578 -32.016998 1.969 6.636 -29.497 -1.689
3 16 6.636 -29.497 -1.689 7.442 -25.341999 -1.698 9.739 -28.822001 -0.845
3 16 9.739 -28.822001 -0.845 7.442 -25.341999 -1.698 9.761 -25.367001 -1.085
3 16 6.146 -2.559 6.985 7.993 -2.162 9.199 6.871 -5.755 5.5
3 16 5.011 -2.275 6.385 6.146 -2.559 6.985 5.851 -4.124 5.637
3 16 6.861 -15.494 0.62 5.646 -8.388 3.07 9.673 -15.718 1.874
3 16 5.851 -4.124 5.637 6.146 -2.559 6.985 6.871 -5.755 5.5
3 16 6.871 -5.755 5.5 7.993 -2.162 9.199 9.673 -15.718 1.874
3 16 6.871 -5.755 5.5 9.673 -15.718 1.874 5.646 -8.388 3.07
3 16 5.646 -8.388 3.07 6.861 -15.494 0.62 5.846 -10.807 1.987
3 16 9.673 -15.718 1.874 7.442 -25.341999 -1.698 6.861 -15.494 0.62
3 16 7.442 -25.341999 -1.698 9.673 -15.718 1.874 9.761 -25.367001 -1.085
3 16 5.646 -8.388 3.07 8.115 -5.732 5.344 6.871 -5.755 5.5
3 16 9.635 -15.538 11.373 7.379 0.956 13.473 4.892 -15.567 14.465
3 16 4.892 -15.567 14.465 7.379 0.956 13.473 4.834 2.958 14.783
3 16 4.892 -15.567 14.465 4.641 -24.309999 13.948 9.635 -15.538 11.373
3 1 9.635 -15.538 11.373 4.641 -24.309999 13.948 9.765 -24.048 10.511
3 16 7.379 0.956 13.473 7.338 0.997 10.312 5.01 2.871 10.285
3 16 5.01 2.871 10.285 4.834 2.958 14.783 7.379 0.956 13.473
3 16 4.834 2.958 14.783 5.01 2.871 10.285 4.051 10.949 14.482
3 16 4.051 10.949 14.482 5.01 2.871 10.285 4.054 11.102 10.263
3 16 3.387 22.496 13.951 3.402 22.608999 10.296 3.373 23.362 10.991
3 16 3.373 23.362 10.991 3.372 23.382999 13.043 3.387 22.496 13.951
3 16 3.387 22.496 13.951 4.051 10.949 14.482 4.054 11.102 10.263
3 16 4.054 11.102 10.263 3.402 22.608999 10.296 3.387 22.496 13.951
3 16 2.642 -2.589 7.674 7.993 -2.162 9.199 6.146 -2.559 6.985
3 16 5.011 -2.275 6.385 2.642 -2.589 7.674 6.146 -2.559 6.985
3 16 5.851 -4.124 5.637 5.851 0 5.637 5.011 -2.275 6.385
3 16 0 0 8.123 0 -2.526 8.133 2.642 -2.589 7.674
3 16 2.844 0 7.581 0 0 8.123 2.642 -2.589 7.674
3 1 9.765 -24.048 10.511 9.752 -27.539 9.641 9.716 -30.558001 2.564
3 1 9.75 -30.358 5.751 9.716 -30.558001 2.564 9.752 -27.539 9.641
3 1 9.716 -30.558001 2.564 9.739 -28.822001 -0.845 9.761 -25.367001 -1.085
3 1 9.761 -25.367001 -1.085 9.765 -24.048 10.511 9.716 -30.558001 2.564
3 16 6.327 -25.544001 -6.331 7.442 -25.341999 -1.698 6.636 -29.497 -1.689
3 16 5.24 -30.309999 -5.713 6.327 -25.544001 -6.331 6.636 -29.497 -1.689
3 16 5.24 -30.309999 -5.713 2.841 -30.476 -6.439 3.522 -25.547001 -7.193
3 16 3.522 -25.547001 -7.193 6.327 -25.544001 -6.331 5.24 -30.309999 -5.713
3 16 0 -25.496 -7.588 3.522 -25.547001 -7.193 2.841 -30.476 -6.439
3 16 2.841 -30.476 -6.439 0 -30.469999 -6.746 0 -25.496 -7.588
3 1 9.673 -15.718 1.874 9.635 -15.538 11.373 9.765 -24.048 10.511
3 1 9.765 -24.048 10.511 9.761 -25.367001 -1.085 9.673 -15.718 1.874
3 1 9.752 -27.539 9.641 9.765 -24.048 10.511 4.641 -24.309999 13.948
3 1 4.641 -24.309999 13.948 6.732 -30.256001 10.032 9.752 -27.539 9.641
3 1 6.732 -30.256001 10.032 4.641 -24.309999 13.948 4.398 -30.818001 11.565
3 1 9.75 -30.358 5.751 9.752 -27.539 9.641 6.732 -30.256001 10.032
3 1 9.75 -30.358 5.751 6.732 -30.256001 10.032 7.14 -31.775999 6.403
3 16 9.635 -15.538 11.373 9.673 -15.718 1.874 7.993 -2.162 9.199
3 16 7.379 0.956 13.473 9.635 -15.538 11.373 7.993 -2.162 9.199
3 16 7.993 -2.162 9.199 7.338 0.997 10.312 7.379 0.956 13.473
3 1 2.456 -45.838001 -13.118 3.835 -40.957001 -10.077 4.523 -42.438999 -7.893
3 1 4.523 -42.438999 -7.893 3.136 -48.258999 -10.69 2.456 -45.838001 -13.118
3 1 3.835 -40.957001 -10.077 2.456 -45.838001 -13.118 1.851 -42.334 -14.434
3 1 3.835 -40.957001 -10.077 1.851 -42.334 -14.434 1.49 -38.981998 -14.271
3 1 3.119 -38.511002 -10.789 3.835 -40.957001 -10.077 1.49 -38.981998 -14.271
3 1 2.755 -37.681 -11.176 3.119 -38.511002 -10.789 1.49 -38.981998 -14.271
3 1 1.49 -38.981998 -14.271 1.466 -36.980999 -13.504 2.755 -37.681 -11.176
3 1 2.755 -37.681 -11.176 1.466 -36.980999 -13.504 2.083 -36.455002 -12.187
3 1 3.119 -38.511002 -10.789 3.013 -36.953999 -7.892 3.728 -38.485001 -7
3 1 3.835 -40.957001 -10.077 3.119 -38.511002 -10.789 3.728 -38.485001 -7
3 16 8.099 0 5.33 5.851 0 5.637 5.851 -4.124 5.637
3 16 5.851 -4.124 5.637 6.871 -5.755 5.5 8.099 0 5.33
3 16 6.871 -5.755 5.5 8.115 -5.732 5.344 8.099 0 5.33
3 1 5.267 -35.801998 -0.619 6.636 -29.497 -1.689 6.578 -32.016998 1.969
3 1 6.578 -32.016998 1.969 5.547 -38.365002 5.123 5.267 -35.801998 -0.619
3 1 6.636 -29.497 -1.689 5.267 -35.801998 -0.619 3.366 -33.999001 -5.241
3 1 6.636 -29.497 -1.689 3.366 -33.999001 -5.241 5.24 -30.309999 -5.713
3 1 2.841 -30.476 -6.439 5.24 -30.309999 -5.713 3.366 -33.999001 -5.241
3 1 2.841 -30.476 -6.439 3.366 -33.999001 -5.241 0 -33.820999 -5.801
3 1 2.841 -30.476 -6.439 0 -33.820999 -5.801 0 -30.469999 -6.746
3 16 0 -3.205 -8.138 0 0 -8.124 2.723 0 -7.599
3 16 2.723 0 -7.599 2.658 -3.228 -7.661 0 -3.205 -8.138
3 1 3.728 -38.485001 -7 4.523 -42.438999 -7.893 3.835 -40.957001 -10.077
3 1 4.774 -42.558998 -7.677 3.728 -38.485001 -7 4.925 -38.057999 -5.433
3 1 4.774 -42.558998 -7.677 4.523 -42.438999 -7.893 3.728 -38.485001 -7
3 16 5.011 -2.275 6.385 2.844 0 7.581 2.642 -2.589 7.674
3 16 5.011 -2.275 6.385 5.851 0 5.637 2.844 0 7.581
3 1 1.928 -7.625 -7.612 0 -9.426 -5.043 0 -7.625 -7.612
3 16 0 -7.625 -7.612 0 -5.493 -8.972 1.674 -5.493 -8.972
3 16 1.674 -5.493 -8.972 1.928 -7.625 -7.612 0 -7.625 -7.612
3 16 1.674 -5.493 -8.972 0 -5.493 -8.972 0 -3.243 -8.658
3 16 0 -3.243 -8.658 2.016 -3.243 -8.658 1.674 -5.493 -8.972
3 16 0 -3.243 -8.658 0 -3.205 -8.138 2.016 -3.243 -8.658
3 16 6 0 0 8.099 0 5.33 8.094 0 -5.355
3 16 8.094 0 -5.355 5.543 0 -2.296 6 0 0
3 16 2.723 0 -7.599 0 0 -8.124 0 0 -6
3 16 0 0 -6 2.296 0 -5.543 2.723 0 -7.599
3 16 2.296 0 -5.543 4.243 0 -4.243 5.875 0 -5.629
3 16 5.875 0 -5.629 2.723 0 -7.599 2.296 0 -5.543
3 16 8.094 0 -5.355 5.875 0 -5.629 4.243 0 -4.243
3 16 4.243 0 -4.243 5.543 0 -2.296 8.094 0 -5.355
3 16 8.099 0 5.33 6 0 0 5.543 0 2.296
3 16 5.543 0 2.296 4.243 0 4.243 5.851 0 5.637
3 16 5.851 0 5.637 8.099 0 5.33 5.543 0 2.296
3 16 4.243 0 4.243 2.296 0 5.543 2.844 0 7.581
3 16 2.844 0 7.581 5.851 0 5.637 4.243 0 4.243
3 16 0 0 8.123 2.844 0 7.581 2.296 0 5.543
3 16 2.296 0 5.543 0 0 6 0 0 8.123
3 1 5.421 -45.219002 -3.105 6.135 -45.09 2.558 5.447 -46.719002 -3.104
3 1 5.395 -43.719002 -3.105 6.135 -45.09 2.558 5.421 -45.219002 -3.105
3 1 5.948 -41.271 1.195 6.135 -45.09 2.558 5.395 -43.719002 -3.105
3 1 5.517 -38.875999 -1.803 5.948 -41.271 1.195 5.395 -43.719002 -3.105
3 1 4.925 -38.057999 -5.433 5.517 -38.875999 -1.803 5.395 -43.719002 -3.105
3 1 5.212 -43.723 -4.594 4.925 -38.057999 -5.433 5.395 -43.719002 -3.105
3 1 4.774 -42.558998 -7.677 4.925 -38.057999 -5.433 5.029 -43.727001 -6.083
3 1 4.925 -38.057999 -5.433 5.212 -43.723 -4.594 5.029 -43.727001 -6.083
3 1 4.774 -42.558998 -7.677 5.029 -43.727001 -6.083 5.055 -45.226002 -6.082
3 1 5.055 -45.226002 -6.082 5.081 -46.726002 -6.082 4.749 -47.313 -8.662
3 1 4.749 -47.313 -8.662 4.774 -42.558998 -7.677 5.055 -45.226002 -6.082
3 1 5.007 -48.472 -6.85 4.749 -47.313 -8.662 5.081 -46.726002 -6.082
3 1 5.007 -48.472 -6.85 5.081 -46.726002 -6.082 5.264 -46.722 -4.593
3 1 5.264 -46.722 -4.593 5.419 -48.709999 -3.314 5.007 -48.472 -6.85
3 1 5.447 -46.719002 -3.104 5.419 -48.709999 -3.314 5.264 -46.722 -4.593
3 1 5.877 -47.896 0.581 5.419 -48.709999 -3.314 5.447 -46.719002 -3.104
3 1 5.447 -46.719002 -3.104 6.135 -45.09 2.558 5.877 -47.896 0.581
2 24 5.333 -9.955 -4.185 2.633 -9.515 -4.845
2 24 5.129 -3.266 -7.314 5.25 -3.251 -6.202
2 24 5.011 -2.275 6.385 5.851 -4.124 5.637
2 24 9.761 -25.367001 -1.085 9.673 -15.718 1.874
2 1 2.755 -37.681 -11.176 2.083 -36.455002 -12.187
2 24 5.25 -3.251 -6.202 2.658 -3.228 -7.661
2 24 4.834 2.958 14.783 7.379 0.956 13.473
2 24 5.01 2.871 10.285 7.338 0.997 10.312
2 24 5.339 -8.527 -2.882 8.115 -5.745 -5.338
2 1 2.083 -36.455002 -12.187 1.466 -36.980999 -13.504
2 24 2.658 -3.228 -7.661 0 -3.205 -8.138
2 24 8.115 -5.745 -5.338 8.094 0 -5.355
2 24 2.723 0 -7.599 0 0 -8.124
2 24 2.642 -2.589 7.674 5.011 -2.275 6.385
2 24 8.094 0 -5.355 8.099 0 5.33
2 24 5.333 -9.955 -4.185 5.031 -8.522 -6.256
2 24 4.959 -5.687 -7.539 5.129 -3.266 -7.314
2 1 1.49 -38.981998 -14.271 1.466 -36.980999 -13.504
2 24 7.993 -2.162 9.199 6.146 -2.559 6.985
2 24 0 -3.243 -8.658 2.016 -3.243 -8.658
2 1 3.269 -36.109001 -7.063 3.366 -33.999001 -5.241
2 24 2.016 -3.243 -8.658 2.238 -3.237 -8.273
2 24 3.387 22.496 13.951 3.372 23.382999 13.043
2 24 2.844 0 7.581 5.851 0 5.637
2 24 4.051 10.949 14.482 3.387 22.496 13.951
2 24 2.633 -9.515 -4.845 0 -9.426 -5.043
2 24 6.146 -2.559 6.985 5.011 -2.275 6.385
2 24 4.834 2.958 14.783 4.051 10.949 14.482
2 24 9.739 -28.822001 -0.845 9.761 -25.367001 -1.085
2 24 3.402 22.608999 10.296 4.054 11.102 10.263
2 24 5.881 -5.7 -5.628 5.25 -3.251 -6.202
2 24 5.875 0 -5.629 2.723 0 -7.599
2 1 0 -37.943001 -11.021 3.119 -38.511002 -10.789
2 24 5.885 -15.322 -5.92 5.333 -9.955 -4.185
2 24 1.674 -5.493 -8.972 2.016 -3.243 -8.658
2 24 7.442 -25.341999 -1.698 6.861 -15.494 0.62
2 1 2.755 -37.681 -11.176 3.119 -38.511002 -10.789
2 1 2.083 -36.455002 -12.187 0 -36.455002 -12.187
2 24 0 0 8.123 2.844 0 7.581
2 24 3.373 23.362 10.991 3.402 22.608999 10.296
2 24 5.218 -7.076 -4.383 5.339 -8.527 -2.882
2 24 7.338 0.997 10.312 7.993 -2.162 9.199
2 24 4.054 11.102 10.263 5.01 2.871 10.285
2 24 5.031 -8.522 -6.256 4.959 -5.687 -7.539
2 24 5.333 -9.955 -4.185 5.339 -8.527 -2.882
2 24 9.716 -30.558001 2.564 9.739 -28.822001 -0.845
2 24 5.129 -3.266 -7.314 2.238 -3.237 -8.273
2 1 9.75 -30.358 5.751 9.716 -30.558001 2.564
2 1 1.851 -42.334 -14.434 2.456 -45.838001 -13.118
2 1 3.136 -48.258999 -10.69 2.456 -45.838001 -13.118
2 24 7.442 -25.341999 -1.698 6.636 -29.497 -1.689
2 24 8.099 0 5.33 5.851 0 5.637
2 1 1.49 -38.981998 -14.271 1.851 -42.334 -14.434
2 24 8.099 0 5.33 8.115 -5.732 5.344
2 24 3.372 23.382999 13.043 3.373 23.362 10.991
2 24 5.881 -5.7 -5.628 5.218 -7.076 -4.383
2 24 5.885 -15.322 -5.92 6.381 -20.659 -6.499
2 24 2.642 -2.589 7.674 0 -2.526 8.133
2 24 5.875 0 -5.629 8.094 0 -5.355
2 24 1.674 -5.493 -8.972 1.928 -7.625 -7.612
0 BFC INVERTNEXT
1 1 1.2683 -45.291698 -4.106 0.0262 3.9696 -0.1828 -1.4998 0.0691 -0.0036 0.0005 -0.4875 -1.4888 4-4cylc.dat
1 1 5.2379 -45.222599 -4.5935 0.0262 -0.0025 0.1837 -1.4998 -1.0002 0.0037 0.0005 0 1.4935 4-4ndis.dat
0 BFC INVERTNEXT
1 16 0 -4 0 6 0 0 0 4 0 0 0 6 4-4cylo.dat
0 BFC INVERTNEXT
1 1 0 -32 0 4 0 0 0 28 0 0 0 4 4-4cylc.dat
1 16 0 -4 0 2 0 0 0 -1 0 0 0 2 4-4ring2.dat