0 FILE bl_3388.dat
0 LEFT DESIGN ELEMENT 1X5X11/3, NO. 1
0 Name:  bl_3388.dat
0 Author:  
0 BFC CERTIFY CCW
3 16 -28.376 -8.071 -1.267 -32.253 -8.071 1.233 -28.376 -8.071 1.233 0.510955 0.206772 0.541536 0.226495 0.510955 0.226494
3 16 -28.376 -8.071 -1.267 -32.253 -8.071 -1.267 -32.253 -8.071 1.233 0.510955 0.206772 0.541536 0.206773 0.541536 0.226495
3 16 -32.253 -14.767 1.233 -32.253 -8.071 -1.267 -32.253 -16.843 -1.267 0.793242 0.405432 0.740416 0.385718 0.809619 0.385708
3 16 -32.253 -14.767 1.233 -32.253 -8.071 1.233 -32.253 -8.071 -1.267 0.793242 0.405432 0.740419 0.405440 0.740416 0.385718
3 16 -32.253 -16.843 -1.267 -28.376 -8.071 -1.267 -28.376 -16.843 -1.267 0.719630 0.759411 0.650429 0.728823 0.719633 0.728830
3 16 -32.253 -16.843 -1.267 -32.253 -8.071 -1.267 -28.376 -8.071 -1.267 0.719630 0.759411 0.650426 0.759404 0.650429 0.728823
3 16 -28.376 -8.071 1.233 -32.253 -14.767 1.233 -28.376 -14.767 1.233 0.011136 0.826446 0.063962 0.795871 0.063959 0.826452
3 16 -28.376 -8.071 1.233 -32.253 -8.071 1.233 -32.253 -14.767 1.233 0.011136 0.826446 0.011139 0.795865 0.063962 0.795871
3 16 -48.503 -8.000 9.983 -44.753 -8.000 -6.267 -48.503 -8.000 -10.017 0.979914 0.396274 0.951039 0.271253 0.979886 0.242396
3 16 -48.503 -8.000 9.983 -44.753 -8.000 6.233 -44.753 -8.000 -6.267 0.979914 0.396274 0.951057 0.367427 0.951039 0.271253
3 16 -40.833 -8.000 5.917 -42.731 -11.281 6.233 -42.731 -8.000 6.233 0.018608 0.761086 0.033775 0.735203 0.033780 0.761082
3 16 -40.833 -8.000 5.917 -40.833 -11.281 5.917 -42.731 -11.281 6.233 0.018608 0.761086 0.018602 0.735207 0.033775 0.735203
3 16 -42.232 -12.238 5.153 -42.731 -11.281 6.233 -40.833 -11.281 5.917 0.661158 0.636683 0.665115 0.648056 0.650049 0.646257
3 16 -39.759 -8.000 6.233 -40.833 -11.281 5.917 -40.833 -8.000 5.917 0.674721 0.401130 0.683550 0.375249 0.683555 0.401128
3 16 -39.759 -8.000 6.233 -39.759 -13.250 6.233 -40.833 -11.281 5.917 0.674721 0.401130 0.674714 0.359714 0.683550 0.375249
3 16 -42.232 -12.238 5.153 -44.753 -11.604 6.233 -42.731 -11.281 6.233 0.661158 0.636683 0.681175 0.646287 0.665115 0.648056
3 16 -42.232 -12.238 5.153 -43.226 -13.250 4.265 -44.753 -11.604 6.233 0.661158 0.636683 0.669048 0.626097 0.681175 0.646287
3 16 -42.232 -13.250 5.153 -43.226 -13.250 4.265 -42.232 -12.238 5.153 0.696119 0.359710 0.706633 0.359708 0.696121 0.367696
3 16 -28.503 -8.000 7.042 -37.247 -8.000 6.233 -45.503 -8.000 9.983 0.826032 0.373630 0.893304 0.367438 0.956833 0.396278
3 16 -35.780 -8.000 5.747 -37.247 -8.000 6.233 -28.503 -8.000 7.042 0.882017 0.363702 0.893304 0.367438 0.826032 0.373630
3 16 -37.247 -8.000 6.233 -39.759 -13.250 6.233 -39.759 -8.000 6.233 0.654901 0.401134 0.674714 0.359714 0.674721 0.401130
3 16 -37.247 -8.000 6.233 -37.247 -13.250 6.233 -39.759 -13.250 6.233 0.654901 0.401134 0.654893 0.359717 0.674714 0.359714
3 16 -40.833 -13.250 5.917 -37.676 -13.250 4.459 -42.232 -13.250 5.153 0.731245 0.020840 0.704785 0.013591 0.741140 0.013084
3 16 -28.503 -8.000 7.042 -28.503 -8.000 9.983 -28.503 0.000 9.983 0.741733 0.315722 0.741814 0.338923 0.678704 0.339144
3 16 -39.759 -13.250 6.233 -37.676 -13.250 4.459 -40.833 -13.250 5.917 0.723297 0.024694 0.704785 0.013591 0.731245 0.020840
3 16 -40.833 -13.250 5.917 -42.232 -12.238 5.153 -40.833 -11.281 5.917 0.683547 0.359712 0.696121 0.367696 0.683550 0.375249
3 16 -40.833 -13.250 5.917 -42.232 -13.250 5.153 -42.232 -12.238 5.153 0.683547 0.359712 0.696119 0.359710 0.696121 0.367696
3 16 -39.759 -13.250 6.233 -40.833 -13.250 5.917 -40.833 -11.281 5.917 0.674714 0.359714 0.683547 0.359712 0.683550 0.375249
3 16 -37.247 -13.250 6.233 -37.676 -13.250 4.459 -39.759 -13.250 6.233 0.703746 0.027954 0.704785 0.013591 0.723297 0.024694
3 16 -48.503 -8.000 -10.017 -48.503 -14.907 8.218 -48.503 -8.000 9.983 0.667563 0.329539 0.618997 0.185426 0.673336 0.173662
3 16 -48.503 -8.000 -10.017 -48.503 -27.697 -5.537 -48.503 -14.907 8.218 0.667563 0.329539 0.515340 0.288940 0.618997 0.185426
3 16 -28.503 -8.000 3.862 -28.503 -8.000 7.042 -28.503 0.000 9.983 0.741645 0.290634 0.741733 0.315722 0.678704 0.339144
3 16 -44.753 -23.611 -6.267 -44.753 -11.604 6.233 -43.226 -13.250 4.265 0.681177 0.509558 0.681175 0.646287 0.669048 0.626097
3 16 -37.247 -13.250 6.233 -35.780 -13.250 5.747 -37.676 -13.250 4.459 0.703746 0.027954 0.691701 0.026076 0.704785 0.013591
3 16 -35.780 -8.000 5.747 -37.247 -13.250 6.233 -37.247 -8.000 6.233 0.642710 0.401136 0.654893 0.359717 0.654901 0.401134
3 16 -35.780 -8.000 5.747 -35.780 -13.250 5.747 -37.247 -13.250 6.233 0.642710 0.401136 0.642702 0.359720 0.654893 0.359717
3 16 -37.676 -13.250 4.459 -35.780 -13.250 5.747 -34.374 -13.250 4.840 0.704785 0.013591 0.691701 0.026076 0.679586 0.020843
3 16 -44.753 -11.604 6.233 -44.753 -8.000 -6.267 -44.753 -8.000 6.233 0.885091 0.165742 0.983730 0.194213 0.885072 0.194175
3 16 -44.753 -11.604 6.233 -44.753 -23.611 -6.267 -44.753 -8.000 -6.267 0.885091 0.165742 0.983704 0.070903 0.983730 0.194213
3 16 -24.753 0.000 6.233 -24.753 -5.250 6.233 -24.753 -5.250 3.237 0.533257 0.653806 0.491841 0.653802 0.491843 0.630165
3 16 -37.676 -13.250 4.459 -34.374 -13.250 4.840 -33.403 -13.250 3.807 0.704785 0.013591 0.679586 0.020843 0.670687 0.014067
3 16 -42.232 -13.250 5.153 -37.936 -13.250 3.383 -43.226 -13.250 4.265 0.741140 0.013084 0.705415 0.004885 0.747719 0.004883
3 16 -42.232 -13.250 5.153 -37.676 -13.250 4.459 -37.936 -13.250 3.383 0.741140 0.013084 0.704785 0.013591 0.705415 0.004885
3 16 -34.374 -11.281 4.840 -28.503 -11.281 3.862 -33.403 -12.117 3.807 0.598754 0.640132 0.552131 0.634564 0.591040 0.629685
3 16 -34.374 -11.281 4.840 -35.780 -8.000 5.747 -34.374 -8.000 4.840 0.629509 0.375259 0.642710 0.401136 0.629514 0.401138
3 16 -34.374 -11.281 4.840 -35.780 -13.250 5.747 -35.780 -8.000 5.747 0.629509 0.375259 0.642702 0.359720 0.642710 0.401136
3 16 -24.753 0.000 6.233 -24.753 -5.250 3.237 -24.753 0.000 -6.267 0.533257 0.653806 0.491843 0.630165 0.533267 0.555196
3 16 -33.403 -12.117 3.807 -32.647 -13.250 2.502 -33.403 -13.250 3.807 0.618322 0.368663 0.606419 0.359727 0.618321 0.359724
3 16 -33.403 -12.117 3.807 -28.503 -11.281 3.862 -32.647 -13.250 2.502 0.591040 0.629685 0.552131 0.634564 0.585037 0.616064
3 16 -28.503 -8.000 7.042 -34.374 -8.000 4.840 -35.780 -8.000 5.747 0.826032 0.373630 0.871201 0.356727 0.882017 0.363702
3 16 -28.503 -8.000 7.042 -28.503 -8.000 3.862 -34.374 -8.000 4.840 0.826032 0.373630 0.826027 0.349206 0.871201 0.356727
3 16 -34.374 -11.281 4.840 -34.374 -13.250 4.840 -35.780 -13.250 5.747 0.629509 0.375259 0.629506 0.359722 0.642702 0.359720
3 16 -48.503 -8.000 -10.017 -48.503 -27.765 -10.017 -48.503 -27.697 -5.537 0.667563 0.329539 0.513514 0.323834 0.515340 0.288940
3 16 -44.753 -8.000 -6.267 -44.753 -23.611 -6.267 -36.628 -22.310 -6.267 0.814266 0.531874 0.814286 0.655022 0.750188 0.644772
3 16 -28.503 0.000 9.983 -24.753 0.000 -6.267 -28.503 0.000 -10.017 0.777631 0.940938 0.747622 0.812730 0.777137 0.783030
3 16 -28.503 0.000 9.983 -24.753 0.000 6.233 -24.753 0.000 -6.267 0.777631 0.940938 0.747931 0.911423 0.747622 0.812730
3 16 -28.503 -8.000 -10.017 -48.503 -27.765 -10.017 -48.503 -8.000 -10.017 0.065593 0.612733 0.221700 0.770302 0.065789 0.770495
3 16 -28.503 -8.000 3.862 -34.374 -11.281 4.840 -34.374 -8.000 4.840 0.923413 0.992866 0.970369 0.966989 0.970367 0.992868
3 16 -28.503 -8.000 3.862 -28.503 -11.281 3.862 -34.374 -11.281 4.840 0.923413 0.992866 0.923409 0.966987 0.970369 0.966989
3 16 -33.403 -12.117 3.807 -34.374 -13.250 4.840 -34.374 -11.281 4.840 0.618322 0.368663 0.629506 0.359722 0.629509 0.375259
3 16 -33.403 -12.117 3.807 -33.403 -13.250 3.807 -34.374 -13.250 4.840 0.618322 0.368663 0.618321 0.359724 0.629506 0.359722
3 16 -28.503 0.000 9.983 31.497 -8.000 9.983 31.497 0.000 9.983 0.967381 0.951155 0.904206 0.477835 0.967317 0.477826
3 16 -28.503 0.000 9.983 -28.503 -8.000 9.983 31.497 -8.000 9.983 0.967381 0.951155 0.904270 0.951164 0.904206 0.477835
3 16 -33.403 -13.250 3.807 -37.936 -13.250 3.383 -37.676 -13.250 4.459 0.670687 0.014067 0.705415 0.004885 0.704785 0.013591
3 16 -33.403 -13.250 3.807 -32.647 -13.250 2.502 -37.936 -13.250 3.383 0.670687 0.014067 0.663111 0.004888 0.705415 0.004885
3 16 -32.647 -13.250 2.502 -28.503 -11.281 3.862 -28.503 -21.009 -6.267 0.585037 0.616064 0.552131 0.634564 0.552132 0.523772
3 16 -28.503 -8.000 -10.017 -28.503 -8.000 -6.267 -28.503 0.000 -10.017 0.741261 0.181148 0.741365 0.210731 0.678151 0.181369
3 16 -28.503 -8.000 3.862 -28.503 0.000 -10.017 -28.503 -8.000 -6.267 0.741645 0.290634 0.678151 0.181369 0.741365 0.210731
3 16 -28.503 -8.000 3.862 -28.503 0.000 9.983 -28.503 0.000 -10.017 0.741645 0.290634 0.678704 0.339144 0.678151 0.181369
3 16 -47.335 -30.581 -10.017 -48.426 -29.433 -10.017 -28.503 -8.000 -10.017 0.243899 0.761059 0.234851 0.769677 0.065593 0.612733
3 16 -44.753 -8.000 -6.267 -28.503 -8.000 -10.017 -48.503 -8.000 -10.017 0.951039 0.271253 0.826007 0.242425 0.979886 0.242396
3 16 -44.753 -8.000 -6.267 -28.503 -8.000 -6.267 -28.503 -8.000 -10.017 0.951039 0.271253 0.826013 0.271277 0.826007 0.242425
3 16 -36.628 -22.310 -6.267 -43.226 -13.250 4.265 -37.936 -13.250 3.383 0.616654 0.516665 0.669048 0.626097 0.627042 0.621080
3 16 -36.628 -22.310 -6.267 -44.753 -23.611 -6.267 -43.226 -13.250 4.265 0.616654 0.516665 0.681177 0.509558 0.669048 0.626097
3 16 -47.335 -30.581 -10.017 -28.503 -8.000 -10.017 -45.608 -30.961 -10.017 0.243899 0.761059 0.065593 0.612733 0.246880 0.747439
3 16 48.497 -13.590 -7.017 -45.503 -12.790 9.983 -48.503 -14.907 8.218 0.318114 0.771803 0.140918 0.043979 0.159825 0.018230
3 16 48.497 -13.590 -7.017 47.497 -12.790 -6.017 -45.503 -12.790 9.983 0.318114 0.771803 0.307344 0.764993 0.140918 0.043979
3 16 -28.503 -8.000 -6.267 -28.503 -11.281 3.862 -28.503 -8.000 3.862 0.741365 0.210731 0.767524 0.290543 0.741645 0.290634
3 16 -28.503 -8.000 -6.267 -28.503 -21.009 -6.267 -28.503 -11.281 3.862 0.741365 0.210731 0.843991 0.210371 0.767524 0.290543
3 16 -32.647 -13.250 2.502 -36.628 -22.310 -6.267 -37.936 -13.250 3.383 0.585037 0.616064 0.616654 0.516665 0.627042 0.621080
3 16 -32.647 -13.250 2.502 -28.503 -21.009 -6.267 -36.628 -22.310 -6.267 0.585037 0.616064 0.552132 0.523772 0.616654 0.516665
3 16 -48.503 -14.907 8.218 48.398 -14.489 -7.936 48.497 -13.590 -7.017 0.159825 0.018230 0.328057 0.769976 0.318114 0.771803
3 16 -48.503 -14.907 8.218 -48.503 -27.697 -5.537 48.398 -14.489 -7.936 0.159825 0.018230 0.306340 0.003180 0.328057 0.769976
3 16 -24.753 -11.281 3.237 -24.753 0.000 -6.267 -24.753 -5.250 3.237 0.444270 0.630160 0.533267 0.555196 0.491843 0.630165
3 16 -24.753 -11.281 3.237 -24.753 -20.409 -6.267 -24.753 0.000 -6.267 0.444270 0.630160 0.372266 0.555179 0.533267 0.555196
3 16 -36.628 -22.310 -6.267 -28.503 -8.000 -6.267 -44.753 -8.000 -6.267 0.750188 0.644772 0.686072 0.531895 0.814266 0.531874
3 16 -36.628 -22.310 -6.267 -28.503 -21.009 -6.267 -28.503 -8.000 -6.267 0.750188 0.644772 0.686090 0.634522 0.686072 0.531895
3 16 -24.753 -5.250 3.237 -14.793 -11.281 1.577 -24.753 -11.281 3.237 0.913999 0.335843 0.834343 0.288266 0.914002 0.288270
3 16 -24.753 -5.250 3.237 -14.793 -5.250 1.577 -14.793 -11.281 1.577 0.913999 0.335843 0.834341 0.335839 0.834343 0.288266
3 16 -48.426 -29.433 -10.017 -47.335 -30.581 -8.699 -48.426 -29.433 -7.176 0.500505 0.323352 0.488539 0.312622 0.501326 0.301210
3 16 -48.426 -29.433 -10.017 -47.335 -30.581 -10.017 -47.335 -30.581 -8.699 0.500505 0.323352 0.488158 0.322894 0.488539 0.312622
3 16 -48.426 -29.433 -7.176 46.291 -15.610 -8.746 48.398 -14.489 -7.936 0.325011 0.001727 0.336936 0.752324 0.328057 0.769976
3 16 -48.426 -29.433 -7.176 -47.335 -30.581 -8.699 46.291 -15.610 -8.746 0.325011 0.001727 0.340706 0.008839 0.336936 0.752324
3 16 -14.253 0.000 6.230 -24.753 0.000 6.233 -28.503 0.000 9.983 0.665028 0.911657 0.747931 0.911423 0.777631 0.940938
3 16 -47.335 -30.581 -10.017 -45.608 -30.961 -9.418 -47.335 -30.581 -8.699 0.488158 0.322894 0.474556 0.317715 0.488539 0.312622
3 16 -47.335 -30.581 -10.017 -45.608 -30.961 -10.017 -45.608 -30.961 -9.418 0.488158 0.322894 0.474383 0.322384 0.474556 0.317715
3 16 -45.608 -30.961 -9.418 46.291 -15.610 -8.746 -47.335 -30.581 -8.699 0.348224 0.021776 0.336936 0.752324 0.340706 0.008839
3 16 -45.608 -30.961 -9.418 46.392 -16.261 -9.446 46.291 -15.610 -8.746 0.348224 0.021776 0.344477 0.752334 0.336936 0.752324
3 16 27.747 0.000 6.217 31.497 0.000 9.983 29.960 0.000 6.217 0.333421 0.912591 0.303905 0.942416 0.315953 0.912645
3 16 35.664 -0.009 5.817 29.960 0.000 6.217 31.497 0.000 9.983 0.270906 0.909622 0.315953 0.912645 0.303905 0.942416
3 16 35.664 -0.009 5.817 33.008 -0.009 3.169 29.960 0.000 6.217 0.270906 0.909622 0.291811 0.888652 0.315953 0.912645
3 16 -14.253 0.000 6.230 -24.753 -5.250 6.233 -24.753 0.000 6.233 0.899811 0.593511 0.858395 0.510642 0.899806 0.510675
3 16 -14.253 0.000 6.230 -14.253 -5.250 6.230 -24.753 -5.250 6.233 0.899811 0.593511 0.858295 0.593509 0.858395 0.510642
3 16 31.497 0.000 9.983 31.497 -8.000 9.983 35.664 -0.009 5.817 0.546899 0.484123 0.546889 0.547397 0.500294 0.484184
3 16 35.664 -0.009 5.817 31.497 -8.000 9.983 36.401 -0.441 5.079 0.500294 0.484184 0.546889 0.547397 0.492047 0.487599
3 16 35.664 -0.009 5.817 33.745 -0.441 2.432 33.008 -0.009 3.169 0.270906 0.909622 0.285493 0.882372 0.291811 0.888652
3 16 35.664 -0.009 5.817 36.401 -0.441 5.079 33.745 -0.441 2.432 0.270906 0.909622 0.264587 0.903340 0.285493 0.882372
3 16 31.497 -8.000 9.983 36.706 -1.483 4.774 36.401 -0.441 5.079 0.546889 0.547397 0.488630 0.495845 0.492047 0.487599
3 16 34.050 -1.483 2.127 33.008 -0.009 3.169 33.745 -0.441 2.432 0.820636 0.747261 0.809006 0.758891 0.812411 0.750669
3 16 36.401 -0.441 5.079 34.050 -1.483 2.127 33.745 -0.441 2.432 0.264587 0.903340 0.279180 0.876086 0.285493 0.882372
3 16 36.401 -0.441 5.079 36.706 -1.483 4.774 34.050 -1.483 2.127 0.264587 0.903340 0.258273 0.897052 0.279180 0.876086
3 16 31.497 -8.000 9.983 36.848 -3.869 4.633 36.706 -1.483 4.774 0.546889 0.547397 0.487047 0.514711 0.488630 0.495845
3 16 36.706 -1.483 4.774 34.191 -3.869 1.985 34.050 -1.483 2.127 0.258273 0.897052 0.265795 0.862743 0.279180 0.876086
3 16 36.706 -1.483 4.774 36.848 -3.869 4.633 34.191 -3.869 1.985 0.258273 0.897052 0.244888 0.883710 0.265795 0.862743
3 16 36.848 -3.869 4.633 31.497 -8.000 9.983 37.134 -4.845 4.347 0.487047 0.514711 0.546889 0.547397 0.483845 0.522436
3 16 33.299 -5.250 2.878 29.960 -5.250 -6.267 29.960 -5.250 6.217 0.429591 0.662614 0.357460 0.635419 0.456306 0.636451
3 16 37.134 -4.845 4.347 31.497 -8.000 9.983 37.824 -5.250 3.656 0.483845 0.522436 0.546889 0.547397 0.476119 0.525635
3 16 34.477 -4.845 1.699 33.299 -5.250 2.878 34.191 -3.869 1.985 0.847159 0.742491 0.850353 0.755638 0.839453 0.745683
3 16 36.848 -3.869 4.633 34.477 -4.845 1.699 34.191 -3.869 1.985 0.244888 0.883710 0.259880 0.856853 0.265795 0.862743
3 16 36.848 -3.869 4.633 37.134 -4.845 4.347 34.477 -4.845 1.699 0.244888 0.883710 0.238973 0.877819 0.259880 0.856853
3 16 33.299 -5.250 2.878 34.477 -4.845 1.699 35.168 -5.250 1.009 0.850353 0.755638 0.847159 0.742491 0.850349 0.734788
3 16 37.134 -4.845 4.347 35.168 -5.250 1.009 34.477 -4.845 1.699 0.238973 0.877819 0.253962 0.850970 0.259880 0.856853
3 16 37.134 -4.845 4.347 37.824 -5.250 3.656 35.168 -5.250 1.009 0.238973 0.877819 0.233052 0.871935 0.253962 0.850970
3 16 40.241 0.000 -6.267 35.691 0.000 -10.017 29.960 0.000 -6.267 0.234520 0.814350 0.270287 0.784607 0.315651 0.814074
3 16 40.241 0.000 -6.267 41.818 0.000 -7.199 35.691 0.000 -10.017 0.234520 0.814350 0.221944 0.806935 0.270287 0.784607
3 16 47.497 -8.000 -6.017 37.824 -5.250 3.656 31.497 -8.000 9.983 0.367921 0.547368 0.476119 0.525635 0.546889 0.547397
3 16 47.497 -8.000 -6.017 45.035 -5.250 -3.555 37.824 -5.250 3.656 0.367921 0.547368 0.395465 0.525622 0.476119 0.525635
3 16 31.497 -8.000 9.983 -28.503 -8.000 7.042 47.497 -8.000 -6.017 0.829991 0.526226 0.361532 0.422008 0.977589 0.421860
3 16 31.497 -8.000 9.983 -28.503 -8.000 9.983 -28.503 -8.000 7.042 0.829991 0.526226 0.357558 0.445165 0.361532 0.422008
3 16 -4.423 -5.250 -0.152 8.096 -11.280 -2.238 -4.423 -11.280 -0.152 0.972917 0.052456 0.872787 0.004887 0.972915 0.004883
3 16 -4.423 -5.250 -0.152 8.096 -5.250 -2.238 8.096 -11.280 -2.238 0.972917 0.052456 0.872789 0.052461 0.872787 0.004887
3 16 43.514 -5.187 -4.843 37.824 -5.250 3.656 45.035 -5.250 -3.555 0.367615 0.742856 0.435376 0.698510 0.377694 0.755006
3 16 43.514 -5.187 -4.843 35.168 -5.250 1.009 37.824 -5.250 3.656 0.367615 0.742856 0.414639 0.677257 0.435376 0.698510
3 16 48.497 0.000 -7.017 44.385 0.000 -6.851 47.195 0.000 -5.715 0.169179 0.808533 0.201625 0.809728 0.179394 0.818790
3 16 48.497 0.000 -7.017 48.497 0.000 -10.017 44.385 0.000 -6.851 0.169179 0.808533 0.169176 0.784891 0.201625 0.809728
3 16 -28.503 0.000 -10.017 -24.753 0.000 -6.267 1.497 0.000 -6.267 0.777137 0.783030 0.747622 0.812730 0.540368 0.813377
3 16 -28.503 -8.000 7.042 47.497 -12.790 -6.017 47.497 -8.000 -6.017 0.612706 0.951401 0.004883 0.989145 0.004886 0.951357
3 16 -28.503 -8.000 7.042 -45.503 -12.790 9.983 47.497 -12.790 -6.017 0.612706 0.951401 0.748663 0.989198 0.004883 0.989145
3 16 -24.753 -20.409 -6.267 -15.551 -18.936 -6.267 -24.753 0.000 -6.267 0.517965 0.003035 0.506397 0.075639 0.356958 0.003100
3 16 46.728 -13.659 -10.017 48.398 -14.489 -10.017 47.910 -15.440 -10.017 0.109497 0.019246 0.116026 0.006069 0.123534 0.009905
3 16 48.497 -13.792 -10.017 48.398 -14.489 -10.017 46.728 -13.659 -10.017 0.110529 0.005294 0.116026 0.006069 0.109497 0.019246
3 16 46.728 -13.659 -10.017 47.236 -15.947 -10.017 46.392 -16.261 -10.017 0.109497 0.019246 0.127535 0.015220 0.130023 0.021878
3 16 47.910 -15.440 -10.017 47.236 -15.947 -10.017 46.728 -13.659 -10.017 0.123534 0.009905 0.127535 0.015220 0.109497 0.019246
3 16 35.691 0.000 -10.017 -28.503 -8.000 -10.017 -28.503 0.000 -10.017 0.001860 0.106441 0.065593 0.612733 0.002488 0.612812
3 16 35.691 0.000 -10.017 46.728 -13.659 -10.017 -28.503 -8.000 -10.017 0.001860 0.106441 0.109497 0.019246 0.065593 0.612733
3 16 48.398 -14.489 -7.936 48.497 -13.792 -10.017 48.497 -13.590 -7.017 0.707780 0.862012 0.702191 0.878416 0.700665 0.854745
3 16 48.398 -14.489 -7.936 48.398 -14.489 -10.017 48.497 -13.792 -10.017 0.707780 0.862012 0.707743 0.878429 0.702191 0.878416
3 16 47.236 -15.959 -9.270 47.910 -15.440 -10.017 47.965 -15.376 -8.685 0.722776 0.872574 0.715455 0.878447 0.714827 0.867933
3 16 47.236 -15.959 -9.270 47.236 -15.947 -10.017 47.910 -15.440 -10.017 0.722776 0.872574 0.722695 0.878469 0.715455 0.878447
3 16 29.960 0.000 -6.267 27.747 0.000 6.217 29.960 0.000 6.217 0.315651 0.814074 0.333421 0.912591 0.315953 0.912645
3 16 29.960 0.000 -6.267 27.747 0.000 -6.267 27.747 0.000 6.217 0.315651 0.814074 0.333115 0.814023 0.333421 0.912591
3 16 29.960 -5.250 6.217 33.008 -0.009 3.169 33.299 -5.250 2.878 0.850359 0.792892 0.809006 0.758891 0.850353 0.755638
3 16 29.960 -5.250 6.217 29.960 0.000 6.217 33.008 -0.009 3.169 0.850359 0.792892 0.808943 0.792899 0.809006 0.758891
3 16 46.392 -16.261 -10.017 -28.503 -8.000 -10.017 46.728 -13.659 -10.017 0.130023 0.021878 0.065593 0.612733 0.109497 0.019246
3 16 46.392 -16.261 -10.017 -45.608 -30.961 -10.017 -28.503 -8.000 -10.017 0.130023 0.021878 0.246880 0.747439 0.065593 0.612733
3 16 27.747 0.000 -6.267 27.747 -5.250 6.217 27.747 0.000 6.217 0.022583 0.912349 0.121072 0.870941 0.121069 0.912357
3 16 27.747 0.000 -6.267 27.747 -5.250 -6.267 27.747 -5.250 6.217 0.022583 0.912349 0.022587 0.870933 0.121072 0.870941
3 16 18.337 -5.250 -3.945 13.926 -11.280 -3.210 13.926 -5.250 -3.210 0.792917 0.870544 0.840503 0.905800 0.792930 0.905818
3 16 18.337 -5.250 -3.945 18.337 -11.280 -3.945 13.926 -11.280 -3.210 0.792917 0.870544 0.840490 0.870527 0.840503 0.905800
3 16 29.960 0.000 -6.267 29.960 -5.250 6.217 29.960 -5.250 -6.267 0.881647 0.989493 0.783156 0.948089 0.881641 0.948076
3 16 29.960 0.000 -6.267 29.960 0.000 6.217 29.960 -5.250 6.217 0.881647 0.989493 0.783161 0.989505 0.783156 0.948089
3 16 22.747 -5.250 -5.632 27.747 -5.250 -6.267 22.747 -5.250 -6.267 0.564805 0.009892 0.525342 0.005035 0.564786 0.004883
3 16 22.747 -5.250 -5.632 27.747 -5.250 6.217 27.747 -5.250 -6.267 0.564805 0.009892 0.525721 0.103519 0.525342 0.005035
3 16 -45.608 -30.961 -10.017 46.392 -16.261 -9.446 -45.608 -30.961 -9.418 0.995117 0.146040 0.984571 0.880953 0.990391 0.146001
3 16 -45.608 -30.961 -10.017 46.392 -16.261 -10.017 46.392 -16.261 -9.446 0.995117 0.146040 0.989073 0.880990 0.984571 0.880953
3 16 33.299 -5.250 2.878 34.050 -1.483 2.127 34.191 -3.869 1.985 0.850353 0.755638 0.820636 0.747261 0.839453 0.745683
3 16 33.299 -5.250 2.878 33.008 -0.009 3.169 34.050 -1.483 2.127 0.850353 0.755638 0.809006 0.758891 0.820636 0.747261
3 16 22.747 -5.250 -6.267 22.747 -12.195 -5.632 22.747 -5.250 -5.632 0.792904 0.825563 0.847692 0.830570 0.792904 0.830572
3 16 22.747 -5.250 -6.267 22.747 -12.805 -6.267 22.747 -12.195 -5.632 0.792904 0.825563 0.852503 0.825561 0.847692 0.830570
3 16 35.168 -5.250 1.009 29.960 -5.250 -6.267 33.299 -5.250 2.878 0.414639 0.677257 0.357460 0.635419 0.429591 0.662614
3 16 35.168 -5.250 1.009 40.241 -5.250 -6.267 29.960 -5.250 -6.267 0.414639 0.677257 0.356610 0.716824 0.357460 0.635419
3 16 47.497 -8.000 -6.017 48.497 -13.590 -7.017 48.497 0.000 -7.017 0.367921 0.547368 0.356728 0.591582 0.356746 0.484091
3 16 47.497 -8.000 -6.017 47.497 -12.790 -6.017 48.497 -13.590 -7.017 0.367921 0.547368 0.367915 0.585253 0.356728 0.591582
3 16 48.497 0.000 -10.017 48.497 -13.590 -7.017 48.497 -13.792 -10.017 0.593387 0.878113 0.700665 0.854745 0.702191 0.878416
3 16 48.497 0.000 -10.017 48.497 0.000 -7.017 48.497 -13.590 -7.017 0.593387 0.878113 0.593453 0.854447 0.700665 0.854745
3 16 -15.551 -18.936 -6.267 -24.753 -11.281 3.237 -14.793 -11.281 1.577 0.812946 0.108533 0.875014 0.211903 0.797439 0.193805
3 16 -15.551 -18.936 -6.267 -24.753 -20.409 -6.267 -24.753 -11.281 3.237 0.812946 0.108533 0.886462 0.108580 0.875014 0.211903
3 16 -24.753 -5.250 3.237 -14.253 -5.250 6.230 -14.793 -5.250 1.577 0.939790 0.078415 0.857049 0.102345 0.861166 0.065621
3 16 -24.753 -5.250 3.237 -24.753 -5.250 6.233 -14.253 -5.250 6.230 0.939790 0.078415 0.939881 0.102052 0.857049 0.102345
3 16 -45.503 -12.790 9.983 -28.503 -8.000 7.042 -45.503 -8.000 9.983 0.748663 0.989198 0.612706 0.951401 0.748666 0.951411
3 16 -45.503 -8.000 9.983 -37.247 -8.000 6.233 -39.759 -8.000 6.233 0.956833 0.396278 0.893304 0.367438 0.912635 0.367434
3 16 -40.833 -8.000 5.917 -45.503 -8.000 9.983 -39.759 -8.000 6.233 0.920899 0.365000 0.956833 0.396278 0.912635 0.367434
3 16 -40.833 -8.000 5.917 -42.731 -8.000 6.233 -45.503 -8.000 9.983 0.920899 0.365000 0.935497 0.367430 0.956833 0.396278
3 16 -42.731 -11.281 6.233 -44.753 -8.000 6.233 -42.731 -8.000 6.233 0.033775 0.735203 0.049734 0.761082 0.033780 0.761082
3 16 -42.731 -11.281 6.233 -44.753 -11.604 6.233 -44.753 -8.000 6.233 0.033775 0.735203 0.049765 0.732650 0.049734 0.761082
3 16 -48.503 -14.907 8.218 -48.503 -13.262 9.983 -48.503 -8.000 9.983 0.618997 0.185426 0.632324 0.172143 0.673336 0.173662
3 16 -44.753 -8.000 6.233 -45.503 -8.000 9.983 -42.731 -8.000 6.233 0.951057 0.367427 0.956833 0.396278 0.935497 0.367430
3 16 -44.753 -8.000 6.233 -48.503 -8.000 9.983 -45.503 -8.000 9.983 0.951057 0.367427 0.979914 0.396274 0.956833 0.396278
3 16 -45.503 -12.790 9.983 -48.503 -8.000 9.983 -48.503 -13.262 9.983 0.419497 0.488350 0.457283 0.512017 0.415772 0.512016
3 16 -45.503 -12.790 9.983 -45.503 -8.000 9.983 -48.503 -8.000 9.983 0.419497 0.488350 0.457284 0.488351 0.457283 0.512017
3 16 13.161 -0.375 0.944 13.466 -0.375 3.394 14.908 -0.375 1.952 0.759105 0.744464 0.751775 0.762509 0.743735 0.748581
3 16 13.161 -0.375 0.944 12.458 -0.375 1.647 13.466 -0.375 3.394 0.759105 0.744464 0.763027 0.751259 0.751775 0.762509
3 16 11.497 -0.375 1.904 13.466 -0.375 3.394 12.458 -0.375 1.647 0.769821 0.755182 0.751775 0.762509 0.763027 0.751259
3 16 11.497 -0.375 1.904 11.497 -0.375 3.921 13.466 -0.375 3.394 0.769821 0.755182 0.765701 0.770552 0.751775 0.762509
3 16 10.536 -0.375 1.647 11.497 -0.375 3.921 11.497 -0.375 1.904 0.777667 0.755183 0.765701 0.770552 0.769821 0.755182
3 16 10.536 -0.375 1.647 9.528 -0.375 3.394 11.497 -0.375 3.921 0.777667 0.755183 0.781783 0.770553 0.765701 0.770552
3 16 9.833 -0.375 0.944 9.528 -0.375 3.394 10.536 -0.375 1.647 0.784461 0.751261 0.781783 0.770553 0.777667 0.755183
3 16 9.833 -0.375 0.944 8.086 -0.375 1.952 9.528 -0.375 3.394 0.784461 0.751261 0.795712 0.762514 0.781783 0.770553
3 16 9.576 -0.375 -0.017 8.086 -0.375 1.952 9.833 -0.375 0.944 0.788385 0.744467 0.795712 0.762514 0.784461 0.751261
3 16 9.576 -0.375 -0.017 7.559 -0.375 -0.017 8.086 -0.375 1.952 0.788385 0.744467 0.803754 0.748587 0.795712 0.762514
3 16 9.833 -0.375 -0.978 7.559 -0.375 -0.017 9.576 -0.375 -0.017 0.788386 0.736622 0.803754 0.748587 0.788385 0.744467
3 16 9.833 -0.375 -0.978 8.086 -0.375 -1.986 7.559 -0.375 -0.017 0.788386 0.736622 0.803756 0.732505 0.803754 0.748587
3 16 10.536 -0.375 -1.681 8.086 -0.375 -1.986 9.833 -0.375 -0.978 0.784464 0.729827 0.803756 0.732505 0.788386 0.736622
3 16 10.536 -0.375 -1.681 9.528 -0.375 -3.428 8.086 -0.375 -1.986 0.784464 0.729827 0.795716 0.718577 0.803756 0.732505
3 16 11.497 -0.375 -1.938 9.528 -0.375 -3.428 10.536 -0.375 -1.681 0.777670 0.725904 0.795716 0.718577 0.784464 0.729827
3 16 11.497 -0.375 -1.938 11.497 -0.375 -3.955 9.528 -0.375 -3.428 0.777670 0.725904 0.781790 0.710535 0.795716 0.718577
3 16 12.458 -0.375 -1.681 11.497 -0.375 -3.955 11.497 -0.375 -1.938 0.769824 0.725903 0.781790 0.710535 0.777670 0.725904
3 16 12.458 -0.375 -1.681 13.466 -0.375 -3.428 11.497 -0.375 -3.955 0.769824 0.725903 0.765708 0.710533 0.781790 0.710535
3 16 13.161 -0.375 -0.978 13.466 -0.375 -3.428 12.458 -0.375 -1.681 0.763030 0.729825 0.765708 0.710533 0.769824 0.725903
3 16 13.161 -0.375 -0.978 14.908 -0.375 -1.986 13.466 -0.375 -3.428 0.763030 0.729825 0.751779 0.718572 0.765708 0.710533
3 16 13.418 -0.375 -0.017 14.908 -0.375 -1.986 13.161 -0.375 -0.978 0.759106 0.736619 0.751779 0.718572 0.763030 0.729825
3 16 13.418 -0.375 -0.017 15.435 -0.375 -0.017 14.908 -0.375 -1.986 0.759106 0.736619 0.743737 0.732499 0.751779 0.718572
3 16 13.161 -0.375 0.944 15.435 -0.375 -0.017 13.418 -0.375 -0.017 0.759105 0.744464 0.743737 0.732499 0.759106 0.736619
3 16 13.161 -0.375 0.944 14.908 -0.375 1.952 15.435 -0.375 -0.017 0.759105 0.744464 0.743735 0.748581 0.743737 0.732499
3 16 13.466 -5.250 3.394 11.497 -0.375 3.921 11.497 -5.250 3.921 0.667712 0.659851 0.651631 0.698310 0.651630 0.659852
3 16 13.466 -5.250 3.394 13.466 -0.375 3.394 11.497 -0.375 3.921 0.667712 0.659851 0.667713 0.698309 0.651631 0.698310
3 16 11.497 -5.250 3.921 9.528 -0.375 3.394 9.528 -5.250 3.394 0.844614 0.659848 0.828532 0.698306 0.828532 0.659848
3 16 11.497 -5.250 3.921 11.497 -0.375 3.921 9.528 -0.375 3.394 0.844614 0.659848 0.844614 0.698306 0.828532 0.698306
3 16 9.528 -5.250 3.394 8.086 -0.375 1.952 8.086 -5.250 1.952 0.828532 0.659848 0.812450 0.698307 0.812450 0.659849
3 16 9.528 -5.250 3.394 9.528 -0.375 3.394 8.086 -0.375 1.952 0.828532 0.659848 0.828532 0.698306 0.812450 0.698307
3 16 8.086 -5.250 1.952 7.559 -0.375 -0.017 7.559 -5.250 -0.017 0.812450 0.659849 0.796368 0.698307 0.796368 0.659849
3 16 8.086 -5.250 1.952 8.086 -0.375 1.952 7.559 -0.375 -0.017 0.812450 0.659849 0.812450 0.698307 0.796368 0.698307
3 16 7.559 -5.250 -0.017 8.086 -0.375 -1.986 8.086 -5.250 -1.986 0.796368 0.659849 0.780287 0.698307 0.780286 0.659849
3 16 7.559 -5.250 -0.017 7.559 -0.375 -0.017 8.086 -0.375 -1.986 0.796368 0.659849 0.796368 0.698307 0.780287 0.698307
3 16 8.086 -5.250 -1.986 9.528 -0.375 -3.428 9.528 -5.250 -3.428 0.780286 0.659849 0.764205 0.698307 0.764204 0.659850
3 16 8.086 -5.250 -1.986 8.086 -0.375 -1.986 9.528 -0.375 -3.428 0.780286 0.659849 0.780287 0.698307 0.764205 0.698307
3 16 9.528 -5.250 -3.428 11.497 -0.375 -3.955 11.497 -5.250 -3.955 0.764204 0.659850 0.748123 0.698308 0.748122 0.659850
3 16 9.528 -5.250 -3.428 9.528 -0.375 -3.428 11.497 -0.375 -3.955 0.764204 0.659850 0.764205 0.698307 0.748123 0.698308
3 16 11.497 -5.250 -3.955 13.466 -0.375 -3.428 13.466 -5.250 -3.428 0.748122 0.659850 0.732041 0.698308 0.732040 0.659850
3 16 11.497 -5.250 -3.955 11.497 -0.375 -3.955 13.466 -0.375 -3.428 0.748122 0.659850 0.748123 0.698308 0.732041 0.698308
3 16 13.466 -5.250 -3.428 14.908 -0.375 -1.986 14.908 -5.250 -1.986 0.732040 0.659850 0.715959 0.698308 0.715958 0.659850
3 16 13.466 -5.250 -3.428 13.466 -0.375 -3.428 14.908 -0.375 -1.986 0.732040 0.659850 0.732041 0.698308 0.715959 0.698308
3 16 14.908 -5.250 -1.986 15.435 -0.375 -0.017 15.435 -5.250 -0.017 0.715958 0.659850 0.699877 0.698309 0.699876 0.659851
3 16 14.908 -5.250 -1.986 14.908 -0.375 -1.986 15.435 -0.375 -0.017 0.715958 0.659850 0.715959 0.698308 0.699877 0.698309
3 16 14.908 -5.250 1.952 15.435 -0.375 -0.017 14.908 -0.375 1.952 0.683794 0.659851 0.699877 0.698309 0.683795 0.698309
3 16 14.908 -5.250 1.952 15.435 -5.250 -0.017 15.435 -0.375 -0.017 0.683794 0.659851 0.699876 0.659851 0.699877 0.698309
3 16 13.466 -5.250 3.394 14.908 -0.375 1.952 13.466 -0.375 3.394 0.667712 0.659851 0.683795 0.698309 0.667713 0.698309
3 16 13.466 -5.250 3.394 14.908 -5.250 1.952 14.908 -0.375 1.952 0.667712 0.659851 0.683794 0.659851 0.683795 0.698309
3 16 12.458 -5.375 1.647 13.161 -0.375 0.944 13.161 -5.375 0.944 0.449021 0.698137 0.456841 0.658688 0.456867 0.698132
3 16 12.458 -5.375 1.647 12.458 -0.375 1.647 13.161 -0.375 0.944 0.449021 0.698137 0.448996 0.658693 0.456841 0.658688
3 16 12.458 -5.375 1.647 11.497 -0.375 1.904 12.458 -0.375 1.647 0.449021 0.698137 0.441150 0.658698 0.448996 0.658693
3 16 12.458 -5.375 1.647 11.497 -5.375 1.904 11.497 -0.375 1.904 0.449021 0.698137 0.441176 0.698142 0.441150 0.658698
3 16 11.497 -5.375 1.904 10.536 -0.375 1.647 11.497 -0.375 1.904 0.535321 0.698081 0.527450 0.658642 0.535296 0.658637
3 16 11.497 -5.375 1.904 10.536 -5.375 1.647 10.536 -0.375 1.647 0.535321 0.698081 0.527476 0.698086 0.527450 0.658642
3 16 10.536 -5.375 1.647 9.833 -0.375 0.944 10.536 -0.375 1.647 0.527476 0.698086 0.519605 0.658647 0.527450 0.658642
3 16 10.536 -5.375 1.647 9.833 -5.375 0.944 9.833 -0.375 0.944 0.527476 0.698086 0.519630 0.698091 0.519605 0.658647
3 16 9.833 -5.375 0.944 9.576 -0.375 -0.017 9.833 -0.375 0.944 0.519630 0.698091 0.511759 0.658652 0.519605 0.658647
3 16 9.833 -5.375 0.944 9.576 -5.375 -0.017 9.576 -0.375 -0.017 0.519630 0.698091 0.511785 0.698096 0.511759 0.658652
3 16 9.576 -5.375 -0.017 9.833 -0.375 -0.978 9.576 -0.375 -0.017 0.511785 0.698096 0.503914 0.658657 0.511759 0.658652
3 16 9.576 -5.375 -0.017 9.833 -5.375 -0.978 9.833 -0.375 -0.978 0.511785 0.698096 0.503939 0.698101 0.503914 0.658657
3 16 9.833 -5.375 -0.978 10.536 -0.375 -1.681 9.833 -0.375 -0.978 0.503939 0.698101 0.496068 0.658662 0.503914 0.658657
3 16 9.833 -5.375 -0.978 10.536 -5.375 -1.681 10.536 -0.375 -1.681 0.503939 0.698101 0.496094 0.698106 0.496068 0.658662
3 16 10.536 -5.375 -1.681 11.497 -0.375 -1.938 10.536 -0.375 -1.681 0.496094 0.698106 0.488223 0.658667 0.496068 0.658662
3 16 10.536 -5.375 -1.681 11.497 -5.375 -1.938 11.497 -0.375 -1.938 0.496094 0.698106 0.488248 0.698111 0.488223 0.658667
3 16 11.497 -5.375 -1.938 12.458 -0.375 -1.681 11.497 -0.375 -1.938 0.488248 0.698111 0.480378 0.658673 0.488223 0.658667
3 16 11.497 -5.375 -1.938 12.458 -5.375 -1.681 12.458 -0.375 -1.681 0.488248 0.698111 0.480403 0.698117 0.480378 0.658673
3 16 12.458 -5.375 -1.681 13.161 -0.375 -0.978 12.458 -0.375 -1.681 0.480403 0.698117 0.472532 0.658678 0.480378 0.658673
3 16 12.458 -5.375 -1.681 13.161 -5.375 -0.978 13.161 -0.375 -0.978 0.480403 0.698117 0.472558 0.698122 0.472532 0.658678
3 16 13.161 -5.375 -0.978 13.418 -0.375 -0.017 13.161 -0.375 -0.978 0.472558 0.698122 0.464687 0.658683 0.472532 0.658678
3 16 13.161 -5.375 -0.978 13.418 -5.375 -0.017 13.418 -0.375 -0.017 0.472558 0.698122 0.464712 0.698127 0.464687 0.658683
3 16 13.418 -5.375 -0.017 13.161 -0.375 0.944 13.418 -0.375 -0.017 0.464712 0.698127 0.456841 0.658688 0.464687 0.658683
3 16 13.418 -5.375 -0.017 13.161 -5.375 0.944 13.161 -0.375 0.944 0.464712 0.698127 0.456867 0.698132 0.456841 0.658688
3 16 -6.839 -0.375 0.944 -6.534 -0.375 3.394 -5.092 -0.375 1.952 0.468854 0.750232 0.471526 0.769525 0.457600 0.761482
3 16 -6.839 -0.375 0.944 -7.542 -0.375 1.647 -6.534 -0.375 3.394 0.468854 0.750232 0.475647 0.754156 0.471526 0.769525
3 16 -8.503 -0.375 1.904 -6.534 -0.375 3.394 -7.542 -0.375 1.647 0.483493 0.754158 0.471526 0.769525 0.475647 0.754156
3 16 -8.503 -0.375 1.904 -8.503 -0.375 3.921 -6.534 -0.375 3.394 0.483493 0.754158 0.487608 0.769528 0.471526 0.769525
3 16 -9.464 -0.375 1.647 -8.503 -0.375 3.921 -8.503 -0.375 1.904 0.490288 0.750236 0.487608 0.769528 0.483493 0.754158
3 16 -9.464 -0.375 1.647 -10.472 -0.375 3.394 -8.503 -0.375 3.921 0.490288 0.750236 0.501537 0.761489 0.487608 0.769528
3 16 -10.167 -0.375 0.944 -10.472 -0.375 3.394 -9.464 -0.375 1.647 0.494212 0.743442 0.501537 0.761489 0.490288 0.750236
3 16 -10.167 -0.375 0.944 -11.914 -0.375 1.952 -10.472 -0.375 3.394 0.494212 0.743442 0.509580 0.747563 0.501537 0.761489
3 16 -10.424 -0.375 -0.017 -11.914 -0.375 1.952 -10.167 -0.375 0.944 0.494213 0.735597 0.509580 0.747563 0.494212 0.743442
3 16 -10.424 -0.375 -0.017 -12.441 -0.375 -0.017 -11.914 -0.375 1.952 0.494213 0.735597 0.509583 0.731481 0.509580 0.747563
3 16 -10.167 -0.375 -0.978 -12.441 -0.375 -0.017 -10.424 -0.375 -0.017 0.490291 0.728802 0.509583 0.731481 0.494213 0.735597
3 16 -10.167 -0.375 -0.978 -11.914 -0.375 -1.986 -12.441 -0.375 -0.017 0.490291 0.728802 0.501545 0.717552 0.509583 0.731481
3 16 -9.464 -0.375 -1.681 -11.914 -0.375 -1.986 -10.167 -0.375 -0.978 0.483498 0.724878 0.501545 0.717552 0.490291 0.728802
3 16 -9.464 -0.375 -1.681 -10.472 -0.375 -3.428 -11.914 -0.375 -1.986 0.483498 0.724878 0.487618 0.709509 0.501545 0.717552
3 16 -8.503 -0.375 -1.938 -10.472 -0.375 -3.428 -9.464 -0.375 -1.681 0.475652 0.724876 0.487618 0.709509 0.483498 0.724878
3 16 -8.503 -0.375 -1.938 -8.503 -0.375 -3.955 -10.472 -0.375 -3.428 0.475652 0.724876 0.471536 0.709506 0.487618 0.709509
3 16 -7.542 -0.375 -1.681 -8.503 -0.375 -3.955 -8.503 -0.375 -1.938 0.468857 0.728798 0.471536 0.709506 0.475652 0.724876
3 16 -7.542 -0.375 -1.681 -6.534 -0.375 -3.428 -8.503 -0.375 -3.955 0.468857 0.728798 0.457608 0.717545 0.471536 0.709506
3 16 -6.839 -0.375 -0.978 -6.534 -0.375 -3.428 -7.542 -0.375 -1.681 0.464933 0.735592 0.457608 0.717545 0.468857 0.728798
3 16 -6.839 -0.375 -0.978 -5.092 -0.375 -1.986 -6.534 -0.375 -3.428 0.464933 0.735592 0.449564 0.731471 0.457608 0.717545
3 16 -6.582 -0.375 -0.017 -5.092 -0.375 -1.986 -6.839 -0.375 -0.978 0.464932 0.743437 0.449564 0.731471 0.464933 0.735592
3 16 -6.582 -0.375 -0.017 -4.565 -0.375 -0.017 -5.092 -0.375 -1.986 0.464932 0.743437 0.449562 0.747553 0.449564 0.731471
3 16 -6.839 -0.375 0.944 -4.565 -0.375 -0.017 -6.582 -0.375 -0.017 0.468854 0.750232 0.449562 0.747553 0.464932 0.743437
3 16 -6.839 -0.375 0.944 -5.092 -0.375 1.952 -4.565 -0.375 -0.017 0.468854 0.750232 0.457600 0.761482 0.449562 0.747553
3 16 -6.534 -5.250 3.394 -8.503 -0.375 3.921 -8.503 -5.250 3.921 0.553524 0.886625 0.569554 0.848145 0.569606 0.886603
3 16 -6.534 -5.250 3.394 -6.534 -0.375 3.394 -8.503 -0.375 3.921 0.553524 0.886625 0.553473 0.848167 0.569554 0.848145
3 16 -8.503 -5.250 3.921 -10.472 -0.375 3.394 -10.472 -5.250 3.394 0.376622 0.886861 0.392653 0.848381 0.392704 0.886839
3 16 -8.503 -5.250 3.921 -8.503 -0.375 3.921 -10.472 -0.375 3.394 0.376622 0.886861 0.376571 0.848403 0.392653 0.848381
3 16 -10.472 -5.250 3.394 -11.914 -0.375 1.952 -11.914 -5.250 1.952 0.392704 0.886839 0.408735 0.848360 0.408786 0.886818
3 16 -10.472 -5.250 3.394 -10.472 -0.375 3.394 -11.914 -0.375 1.952 0.392704 0.886839 0.392653 0.848381 0.408735 0.848360
3 16 -11.914 -5.250 1.952 -12.441 -0.375 -0.017 -12.441 -5.250 -0.017 0.408786 0.886818 0.424817 0.848338 0.424868 0.886796
3 16 -11.914 -5.250 1.952 -11.914 -0.375 1.952 -12.441 -0.375 -0.017 0.408786 0.886818 0.408735 0.848360 0.424817 0.848338
3 16 -12.441 -5.250 -0.017 -11.914 -0.375 -1.986 -11.914 -5.250 -1.986 0.424868 0.886796 0.440899 0.848317 0.440950 0.886775
3 16 -12.441 -5.250 -0.017 -12.441 -0.375 -0.017 -11.914 -0.375 -1.986 0.424868 0.886796 0.424817 0.848338 0.440899 0.848317
3 16 -11.914 -5.250 -1.986 -10.472 -0.375 -3.428 -10.472 -5.250 -3.428 0.440950 0.886775 0.456981 0.848295 0.457032 0.886753
3 16 -11.914 -5.250 -1.986 -11.914 -0.375 -1.986 -10.472 -0.375 -3.428 0.440950 0.886775 0.440899 0.848317 0.456981 0.848295
3 16 -10.472 -5.250 -3.428 -8.503 -0.375 -3.955 -8.503 -5.250 -3.955 0.457032 0.886753 0.473063 0.848274 0.473114 0.886732
3 16 -10.472 -5.250 -3.428 -10.472 -0.375 -3.428 -8.503 -0.375 -3.955 0.457032 0.886753 0.456981 0.848295 0.473063 0.848274
3 16 -8.503 -5.250 -3.955 -6.534 -0.375 -3.428 -6.534 -5.250 -3.428 0.473114 0.886732 0.489145 0.848253 0.489196 0.886711
3 16 -8.503 -5.250 -3.955 -8.503 -0.375 -3.955 -6.534 -0.375 -3.428 0.473114 0.886732 0.473063 0.848274 0.489145 0.848253
3 16 -6.534 -5.250 -3.428 -5.092 -0.375 -1.986 -5.092 -5.250 -1.986 0.489196 0.886711 0.505227 0.848231 0.505278 0.886689
3 16 -6.534 -5.250 -3.428 -6.534 -0.375 -3.428 -5.092 -0.375 -1.986 0.489196 0.886711 0.489145 0.848253 0.505227 0.848231
3 16 -5.092 -5.250 -1.986 -4.565 -0.375 -0.017 -4.565 -5.250 -0.017 0.505278 0.886689 0.521309 0.848210 0.521360 0.886668
3 16 -5.092 -5.250 -1.986 -5.092 -0.375 -1.986 -4.565 -0.375 -0.017 0.505278 0.886689 0.505227 0.848231 0.521309 0.848210
3 16 -5.092 -5.250 1.952 -4.565 -0.375 -0.017 -5.092 -0.375 1.952 0.537442 0.886646 0.521309 0.848210 0.537390 0.848188
3 16 -5.092 -5.250 1.952 -4.565 -5.250 -0.017 -4.565 -0.375 -0.017 0.537442 0.886646 0.521360 0.886668 0.521309 0.848210
3 16 -6.534 -5.250 3.394 -5.092 -0.375 1.952 -6.534 -0.375 3.394 0.553524 0.886625 0.537390 0.848188 0.553473 0.848167
3 16 -6.534 -5.250 3.394 -5.092 -5.250 1.952 -5.092 -0.375 1.952 0.553524 0.886625 0.537442 0.886646 0.537390 0.848188
3 16 -7.542 -10.052 1.647 -6.839 -0.375 0.944 -6.839 -10.618 0.944 0.617923 0.743693 0.541499 0.736675 0.622300 0.735800
3 16 -7.542 -10.052 1.647 -7.542 -0.375 1.647 -6.839 -0.375 0.944 0.617923 0.743693 0.541584 0.744520 0.541499 0.736675
3 16 -8.503 -9.959 1.904 -7.542 -0.375 1.647 -7.542 -10.052 1.647 0.617269 0.751546 0.541584 0.744520 0.617923 0.743693
3 16 -8.503 -9.959 1.904 -8.503 -0.375 1.904 -7.542 -0.375 1.647 0.617269 0.751546 0.541669 0.752365 0.541584 0.744520
3 16 -8.503 -9.959 1.904 -9.464 -0.375 1.647 -8.503 -0.375 1.904 0.616249 0.657406 0.540735 0.666070 0.540650 0.658225
3 16 -8.503 -9.959 1.904 -9.464 -10.353 1.647 -9.464 -0.375 1.647 0.616249 0.657406 0.619443 0.665218 0.540735 0.666070
3 16 -9.464 -10.353 1.647 -10.167 -0.375 0.944 -9.464 -0.375 1.647 0.619443 0.665218 0.540820 0.673915 0.540735 0.666070
3 16 -9.464 -10.353 1.647 -10.167 -11.152 0.944 -10.167 -0.375 0.944 0.619443 0.665218 0.625833 0.672994 0.540820 0.673915
3 16 -10.167 -11.152 0.944 -10.424 -0.375 -0.017 -10.167 -0.375 0.944 0.625833 0.672994 0.540905 0.681760 0.540820 0.673915
3 16 -10.167 -11.152 0.944 -10.424 -12.121 -0.017 -10.424 -0.375 -0.017 0.625833 0.672994 0.633560 0.680757 0.540905 0.681760
3 16 -10.424 -12.121 -0.017 -10.167 -0.375 -0.978 -10.424 -0.375 -0.017 0.633560 0.680757 0.540990 0.689605 0.540905 0.681760
3 16 -10.424 -12.121 -0.017 -10.167 -12.996 -0.978 -10.167 -0.375 -0.978 0.633560 0.680757 0.640550 0.688527 0.540990 0.689605
3 16 -10.167 -12.996 -0.978 -9.464 -0.375 -1.681 -10.167 -0.375 -0.978 0.640550 0.688527 0.541074 0.697450 0.540990 0.689605
3 16 -10.167 -12.996 -0.978 -9.464 -13.554 -1.681 -9.464 -0.375 -1.681 0.640550 0.688527 0.645031 0.696324 0.541074 0.697450
3 16 -9.464 -13.554 -1.681 -8.503 -0.375 -1.938 -9.464 -0.375 -1.681 0.645031 0.696324 0.541159 0.705295 0.541074 0.697450
3 16 -9.464 -13.554 -1.681 -8.503 -13.649 -1.938 -8.503 -0.375 -1.938 0.645031 0.696324 0.645873 0.704161 0.541159 0.705295
3 16 -7.542 -13.251 -1.681 -8.503 -0.375 -1.938 -8.503 -13.649 -1.938 0.642818 0.712040 0.541159 0.705295 0.645873 0.704161
3 16 -7.542 -13.251 -1.681 -7.542 -0.375 -1.681 -8.503 -0.375 -1.938 0.642818 0.712040 0.541244 0.713140 0.541159 0.705295
3 16 -6.839 -12.465 -0.978 -7.542 -0.375 -1.681 -7.542 -13.251 -1.681 0.636696 0.719952 0.541244 0.713140 0.642818 0.712040
3 16 -6.839 -12.465 -0.978 -6.839 -0.375 -0.978 -7.542 -0.375 -1.681 0.636696 0.719952 0.541329 0.720985 0.541244 0.713140
3 16 -6.582 -11.503 -0.017 -6.839 -0.375 -0.978 -6.839 -12.465 -0.978 0.629197 0.727879 0.541329 0.720985 0.636696 0.719952
3 16 -6.582 -11.503 -0.017 -6.582 -0.375 -0.017 -6.839 -0.375 -0.978 0.629197 0.727879 0.541414 0.728830 0.541329 0.720985
3 16 -6.839 -10.618 0.944 -6.582 -0.375 -0.017 -6.582 -11.503 -0.017 0.622300 0.735800 0.541414 0.728830 0.629197 0.727879
3 16 -6.839 -10.618 0.944 -6.839 -0.375 0.944 -6.582 -0.375 -0.017 0.622300 0.735800 0.541499 0.736675 0.541414 0.728830
3 16 11.497 -5.250 -4.133 9.439 -12.355 -3.581 9.439 -5.250 -3.581 0.025724 0.693329 0.042533 0.637276 0.042530 0.693330
3 16 11.497 -5.250 -4.133 11.497 -12.556 -4.133 9.439 -12.355 -3.581 0.025724 0.693329 0.025727 0.635696 0.042533 0.637276
3 16 13.555 -11.697 -3.581 11.497 -5.250 -4.133 13.555 -5.250 -3.581 0.008920 0.642472 0.025724 0.693329 0.008918 0.693328
3 16 13.555 -11.697 -3.581 11.497 -12.556 -4.133 11.497 -5.250 -4.133 0.008920 0.642472 0.025727 0.635696 0.025724 0.693329
3 16 13.926 -11.280 -3.210 13.555 -5.250 -3.581 13.926 -5.250 -3.210 0.004777 0.645754 0.008918 0.693328 0.004775 0.693328
3 16 13.926 -11.280 -3.210 13.555 -11.697 -3.581 13.555 -5.250 -3.581 0.004777 0.645754 0.008920 0.642472 0.008918 0.693328
3 16 -12.067 -5.250 -2.075 -12.618 -12.463 -0.017 -12.618 -5.250 -0.017 0.550870 0.412239 0.567679 0.355337 0.567676 0.412240
3 16 -12.067 -5.250 -2.075 -12.067 -14.351 -2.075 -12.618 -12.463 -0.017 0.550870 0.412239 0.550874 0.340440 0.567679 0.355337
3 16 -10.561 -5.250 -3.581 -12.067 -14.351 -2.075 -12.067 -5.250 -2.075 0.534064 0.412238 0.550874 0.340440 0.550870 0.412239
3 16 -10.561 -5.250 -3.581 -10.561 -15.557 -3.581 -12.067 -14.351 -2.075 0.534064 0.412238 0.534068 0.330927 0.550874 0.340440
3 16 -8.503 -5.250 -4.133 -10.561 -15.557 -3.581 -10.561 -5.250 -3.581 0.517258 0.412238 0.534068 0.330927 0.534064 0.412238
3 16 -8.503 -5.250 -4.133 -8.503 -15.757 -4.133 -10.561 -15.557 -3.581 0.517258 0.412238 0.517262 0.329347 0.534068 0.330927
3 16 -6.445 -14.898 -3.581 -8.503 -5.250 -4.133 -6.445 -5.250 -3.581 0.500456 0.336123 0.517258 0.412238 0.500452 0.412237
3 16 -6.445 -14.898 -3.581 -8.503 -15.757 -4.133 -8.503 -5.250 -4.133 0.500456 0.336123 0.517262 0.329347 0.517258 0.412238
3 16 -4.939 -13.210 -2.075 -6.445 -5.250 -3.581 -4.939 -5.250 -2.075 0.483649 0.349439 0.500452 0.412237 0.483646 0.412236
3 16 -4.939 -13.210 -2.075 -6.445 -14.898 -3.581 -6.445 -5.250 -3.581 0.483649 0.349439 0.500456 0.336123 0.500452 0.412237
3 16 -4.423 -11.280 -0.152 -4.939 -5.250 -2.075 -4.423 -5.250 -0.152 0.467941 0.364662 0.483646 0.412236 0.467939 0.412235
3 16 -4.423 -11.280 -0.152 -4.939 -13.210 -2.075 -4.939 -5.250 -2.075 0.467941 0.364662 0.483649 0.349439 0.483646 0.412236
3 16 11.497 -5.250 -3.955 9.439 -5.250 -3.581 9.528 -5.250 -3.428 0.653605 0.022779 0.669849 0.025667 0.669154 0.026881
3 16 11.497 -5.250 -3.955 11.497 -5.250 -4.133 9.439 -5.250 -3.581 0.653605 0.022779 0.653599 0.021380 0.669849 0.025667
3 16 13.466 -5.250 -3.428 11.497 -5.250 -4.133 11.497 -5.250 -3.955 0.638087 0.027001 0.653599 0.021380 0.653605 0.022779
3 16 13.466 -5.250 -3.428 13.555 -5.250 -3.581 11.497 -5.250 -4.133 0.638087 0.027001 0.637383 0.025792 0.653599 0.021380
3 16 13.926 -5.250 -3.210 13.555 -5.250 -3.581 13.466 -5.250 -3.428 0.634464 0.028733 0.637383 0.025792 0.638087 0.027001
3 16 -11.914 -5.250 -1.986 -12.618 -5.250 -0.017 -12.441 -5.250 -0.017 0.838345 0.037603 0.843966 0.053115 0.842567 0.053120
3 16 -11.914 -5.250 -1.986 -12.067 -5.250 -2.075 -12.618 -5.250 -0.017 0.838345 0.037603 0.839554 0.036898 0.843966 0.053115
3 16 -10.472 -5.250 -3.428 -12.067 -5.250 -2.075 -11.914 -5.250 -1.986 0.826930 0.026275 0.839554 0.036898 0.838345 0.037603
3 16 -10.472 -5.250 -3.428 -10.561 -5.250 -3.581 -12.067 -5.250 -2.075 0.826930 0.026275 0.827624 0.025061 0.839554 0.036898
3 16 -8.503 -5.250 -3.955 -10.561 -5.250 -3.581 -10.472 -5.250 -3.428 0.811380 0.022172 0.827624 0.025061 0.826930 0.026275
3 16 -8.503 -5.250 -3.955 -8.503 -5.250 -4.133 -10.561 -5.250 -3.581 0.811380 0.022172 0.811374 0.020773 0.827624 0.025061
3 16 -6.534 -5.250 -3.428 -8.503 -5.250 -4.133 -8.503 -5.250 -3.955 0.795862 0.026394 0.811374 0.020773 0.811380 0.022172
3 16 -6.534 -5.250 -3.428 -6.445 -5.250 -3.581 -8.503 -5.250 -4.133 0.795862 0.026394 0.795158 0.025185 0.811374 0.020773
3 16 -5.092 -5.250 -1.986 -6.445 -5.250 -3.581 -6.534 -5.250 -3.428 0.784534 0.037809 0.795158 0.025185 0.795862 0.026394
3 16 -5.092 -5.250 -1.986 -4.939 -5.250 -2.075 -6.445 -5.250 -3.581 0.784534 0.037809 0.783320 0.037115 0.795158 0.025185
3 16 -4.423 -5.250 -0.152 -5.092 -5.250 -1.986 -4.565 -5.250 -0.017 0.779313 0.052302 0.784534 0.037809 0.780432 0.053359
3 16 -4.423 -5.250 -0.152 -4.939 -5.250 -2.075 -5.092 -5.250 -1.986 0.779313 0.052302 0.783320 0.037115 0.784534 0.037809
3 16 -5.092 -5.250 1.952 -4.423 -5.250 -0.152 -4.565 -5.250 -0.017 0.784653 0.068877 0.779313 0.052302 0.780432 0.053359
3 16 -12.441 -5.250 -0.017 -12.303 -5.250 1.162 -11.914 -5.250 1.952 0.842567 0.053120 0.841510 0.062423 0.838464 0.068670
3 16 -12.441 -5.250 -0.017 -12.618 -5.250 -0.017 -12.303 -5.250 1.162 0.842567 0.053120 0.843966 0.053115 0.841510 0.062423
3 16 -12.618 -5.250 -0.017 -12.303 -11.281 1.162 -12.303 -5.250 1.162 0.567676 0.412240 0.577305 0.364667 0.577303 0.412241
3 16 -12.618 -5.250 -0.017 -12.618 -12.463 -0.017 -12.303 -11.281 1.162 0.567676 0.412240 0.567679 0.355337 0.577305 0.364667
3 16 9.528 -5.250 -3.428 8.096 -5.250 -2.238 8.086 -5.250 -1.986 0.669154 0.026881 0.680485 0.036221 0.680570 0.038209
3 16 9.528 -5.250 -3.428 9.439 -5.250 -3.581 8.096 -5.250 -2.238 0.669154 0.026881 0.669849 0.025667 0.680485 0.036221
3 16 9.439 -5.250 -3.581 8.096 -11.280 -2.238 8.096 -5.250 -2.238 0.042530 0.693330 0.057516 0.645757 0.057514 0.693330
3 16 9.439 -5.250 -3.581 9.439 -12.355 -3.581 8.096 -11.280 -2.238 0.042530 0.693330 0.042533 0.637276 0.057516 0.645757
3 16 14.908 -5.250 -1.986 13.926 -5.250 -3.210 13.466 -5.250 -3.428 0.626759 0.038416 0.634464 0.028733 0.638087 0.027001
3 16 11.497 -5.375 -0.017 9.833 -5.375 -0.978 9.576 -5.375 -0.017 0.556741 0.173807 0.571381 0.169885 0.571381 0.177731
3 16 13.418 -5.375 -0.017 11.497 -5.375 -0.017 13.161 -5.375 0.944 0.542102 0.169884 0.556741 0.173807 0.542101 0.177729
3 16 13.418 -5.375 -0.017 13.161 -5.375 -0.978 11.497 -5.375 -0.017 0.542102 0.169884 0.546025 0.163090 0.556741 0.173807
3 16 13.161 -5.375 -0.978 12.458 -5.375 -1.681 11.497 -5.375 -0.017 0.546025 0.163090 0.552819 0.159167 0.556741 0.173807
3 16 12.458 -5.375 -1.681 11.497 -5.375 -1.938 11.497 -5.375 -0.017 0.552819 0.159167 0.560665 0.159168 0.556741 0.173807
3 16 11.497 -5.375 -1.938 10.536 -5.375 -1.681 11.497 -5.375 -0.017 0.560665 0.159168 0.567459 0.163091 0.556741 0.173807
3 16 10.536 -5.375 -1.681 9.833 -5.375 -0.978 11.497 -5.375 -0.017 0.567459 0.163091 0.571381 0.169885 0.556741 0.173807
3 16 11.497 -5.375 -0.017 9.576 -5.375 -0.017 9.833 -5.375 0.944 0.556741 0.173807 0.571381 0.177731 0.567458 0.184525
3 16 11.497 -5.375 -0.017 9.833 -5.375 0.944 10.536 -5.375 1.647 0.556741 0.173807 0.567458 0.184525 0.560663 0.188447
3 16 11.497 -5.375 -0.017 10.536 -5.375 1.647 11.497 -5.375 1.904 0.556741 0.173807 0.560663 0.188447 0.552818 0.188447
3 16 11.497 -5.375 -0.017 11.497 -5.375 1.904 12.458 -5.375 1.647 0.556741 0.173807 0.552818 0.188447 0.546023 0.184524
3 16 11.497 -5.375 -0.017 12.458 -5.375 1.647 13.161 -5.375 0.944 0.556741 0.173807 0.546023 0.184524 0.542101 0.177729
3 16 2.547 0.000 6.225 31.497 0.000 9.983 20.187 0.000 6.219 0.532384 0.912030 0.303905 0.942416 0.393110 0.912423
3 16 2.547 0.000 6.225 -28.503 0.000 9.983 31.497 0.000 9.983 0.532384 0.912030 0.777631 0.940938 0.303905 0.942416
3 16 2.547 0.000 6.225 2.547 -5.250 6.225 -7.533 -5.250 6.228 0.899783 0.726080 0.858365 0.726082 0.858352 0.646565
3 16 -10.472 -5.250 3.394 -11.914 -5.250 1.952 -14.253 -5.250 6.230 0.827137 0.080086 0.838464 0.068670 0.857049 0.102345
3 16 -14.793 -5.250 1.577 -12.303 -11.281 1.162 -14.793 -11.281 1.577 0.834341 0.335839 0.814429 0.288265 0.834343 0.288266
3 16 -14.793 -5.250 1.577 -12.303 -5.250 1.162 -12.303 -11.281 1.162 0.834341 0.335839 0.814427 0.335838 0.814429 0.288265
3 16 -6.445 -14.898 -3.581 -4.939 -13.210 -2.075 1.696 -16.175 -6.267 0.736962 0.137688 0.723112 0.154057 0.675154 0.108447
3 16 -6.927 -17.555 -6.267 -24.753 0.000 -6.267 -15.551 -18.936 -6.267 0.495521 0.143688 0.356958 0.003100 0.506397 0.075639
3 16 -6.927 -17.555 -6.267 1.497 0.000 -6.267 -24.753 0.000 -6.267 0.495521 0.143688 0.357020 0.210190 0.356958 0.003100
3 16 20.187 0.000 6.219 20.187 -5.250 6.219 11.826 -5.250 6.222 0.899840 0.865294 0.858349 0.865301 0.858351 0.799284
3 16 18.337 -5.250 -3.945 13.926 -5.250 -3.210 14.908 -5.250 -1.986 0.599649 0.023068 0.634464 0.028733 0.626759 0.038416
3 16 18.537 -13.479 -6.267 1.497 0.000 -6.267 1.696 -16.175 -6.267 0.463417 0.344610 0.357020 0.210190 0.484639 0.211721
3 16 18.537 -13.479 -6.267 18.363 0.000 -6.267 1.497 0.000 -6.267 0.463417 0.344610 0.356992 0.343254 0.357020 0.210190
3 16 -28.503 0.000 -10.017 1.497 0.000 -6.267 18.363 0.000 -6.267 0.777137 0.783030 0.540368 0.813377 0.407203 0.813792
3 16 27.747 0.000 6.217 20.187 0.000 6.219 31.497 0.000 9.983 0.333421 0.912591 0.393110 0.912423 0.303905 0.942416
3 16 20.187 0.000 6.219 27.747 -5.250 6.217 20.187 -5.250 6.219 0.899840 0.865294 0.858388 0.924937 0.858349 0.865301
3 16 20.187 0.000 6.219 27.747 0.000 6.217 27.747 -5.250 6.217 0.899840 0.865294 0.899811 0.924938 0.858388 0.924937
3 16 21.808 -5.250 -4.523 20.187 -5.250 6.219 27.747 -5.250 6.217 0.572248 0.018609 0.585360 0.103308 0.525721 0.103519
3 16 21.808 -5.250 -4.523 18.337 -5.250 -3.945 20.187 -5.250 6.219 0.572248 0.018609 0.599649 0.023068 0.585360 0.103308
3 16 18.337 -5.250 -3.945 21.808 -11.280 -4.523 18.337 -11.280 -3.945 0.792917 0.870544 0.840480 0.842765 0.840490 0.870527
3 16 18.337 -5.250 -3.945 21.808 -5.250 -4.523 21.808 -11.280 -4.523 0.792917 0.870544 0.792907 0.842783 0.840480 0.842765
3 16 18.537 -13.479 -6.267 22.747 -5.250 -6.267 18.363 0.000 -6.267 0.463417 0.344610 0.398469 0.377831 0.356992 0.343254
3 16 18.537 -13.479 -6.267 22.747 -12.805 -6.267 22.747 -5.250 -6.267 0.463417 0.344610 0.458094 0.377829 0.398469 0.377831
3 16 22.747 -5.250 -6.267 27.747 0.000 -6.267 18.363 0.000 -6.267 0.398469 0.377831 0.357056 0.417287 0.356992 0.343254
3 16 22.747 -5.250 -6.267 27.747 -5.250 -6.267 27.747 0.000 -6.267 0.398469 0.377831 0.398473 0.417274 0.357056 0.417287
3 16 15.435 -5.250 -0.017 14.908 -5.250 1.952 20.187 -5.250 6.219 0.622656 0.053966 0.626878 0.069484 0.585360 0.103308
3 16 18.337 -5.250 -3.945 15.435 -5.250 -0.017 20.187 -5.250 6.219 0.599649 0.023068 0.622656 0.053966 0.585360 0.103308
3 16 18.337 -5.250 -3.945 14.908 -5.250 -1.986 15.435 -5.250 -0.017 0.599649 0.023068 0.626759 0.038416 0.622656 0.053966
3 16 13.555 -11.697 -3.581 18.337 -11.280 -3.945 18.537 -13.479 -6.267 0.577177 0.137587 0.539411 0.133609 0.540609 0.108362
3 16 13.555 -11.697 -3.581 13.926 -11.280 -3.210 18.337 -11.280 -3.945 0.577177 0.137587 0.573762 0.141623 0.539411 0.133609
3 16 11.497 -12.556 -4.133 13.555 -11.697 -3.581 18.537 -13.479 -6.267 0.594281 0.131603 0.577177 0.137587 0.540609 0.108362
3 16 9.439 -12.355 -3.581 18.537 -13.479 -6.267 1.696 -16.175 -6.267 0.610057 0.137608 0.540609 0.108362 0.675154 0.108447
3 16 11.497 -12.556 -4.133 18.537 -13.479 -6.267 9.439 -12.355 -3.581 0.594281 0.131603 0.540609 0.108362 0.610057 0.137608
3 16 -4.939 -13.210 -2.075 8.096 -11.280 -2.238 9.439 -12.355 -3.581 0.723112 0.154057 0.619169 0.152216 0.610057 0.137608
3 16 -4.939 -13.210 -2.075 -4.423 -11.280 -0.152 8.096 -11.280 -2.238 0.723112 0.154057 0.716678 0.174964 0.619169 0.152216
3 16 -12.067 -14.351 -2.075 -10.561 -15.557 -3.581 -15.551 -18.936 -6.267 0.780062 0.154093 0.769842 0.137708 0.812946 0.108533
3 16 -6.445 -14.898 -3.581 -6.927 -17.555 -6.267 -8.503 -15.757 -4.133 0.736962 0.137688 0.744050 0.108490 0.754066 0.131703
3 16 -6.445 -14.898 -3.581 1.696 -16.175 -6.267 -6.927 -17.555 -6.267 0.736962 0.137688 0.675154 0.108447 0.744050 0.108490
3 16 -6.927 -17.555 -6.267 1.696 -16.175 -6.267 1.497 0.000 -6.267 0.495521 0.143688 0.484639 0.211721 0.357020 0.210190
3 16 -10.561 -15.557 -3.581 -6.927 -17.555 -6.267 -15.551 -18.936 -6.267 0.769842 0.137708 0.744050 0.108490 0.812946 0.108533
3 16 -10.561 -15.557 -3.581 -8.503 -15.757 -4.133 -6.927 -17.555 -6.267 0.769842 0.137708 0.754066 0.131703 0.744050 0.108490
3 16 -14.793 -11.281 1.577 -12.303 -11.281 1.162 -12.618 -12.463 -0.017 0.797439 0.193805 0.778046 0.189281 0.781989 0.176468
3 16 -14.793 -11.281 1.577 -12.067 -14.351 -2.075 -15.551 -18.936 -6.267 0.797439 0.193805 0.780062 0.154093 0.812946 0.108533
3 16 -14.793 -11.281 1.577 -12.618 -12.463 -0.017 -12.067 -14.351 -2.075 0.797439 0.193805 0.781989 0.176468 0.780062 0.154093
3 16 -11.914 -5.250 1.952 -14.793 -5.250 1.577 -14.253 -5.250 6.230 0.838464 0.068670 0.861166 0.065621 0.857049 0.102345
3 16 -11.914 -5.250 1.952 -12.303 -5.250 1.162 -14.793 -5.250 1.577 0.838464 0.068670 0.841510 0.062423 0.861166 0.065621
3 16 2.547 -5.250 6.225 7.559 -5.250 -0.017 -6.534 -5.250 3.394 0.724518 0.102815 0.684792 0.053727 0.796069 0.080205
3 16 2.547 -5.250 6.225 8.086 -5.250 1.952 7.559 -5.250 -0.017 0.724518 0.102815 0.680689 0.069277 0.684792 0.053727
3 16 -10.472 -5.250 3.394 -7.533 -5.250 6.228 -8.503 -5.250 3.921 0.827137 0.080086 0.804037 0.102533 0.811619 0.084308
3 16 -10.472 -5.250 3.394 -14.253 -5.250 6.230 -7.533 -5.250 6.228 0.827137 0.080086 0.857049 0.102345 0.804037 0.102533
3 16 -14.253 0.000 6.230 -7.533 -5.250 6.228 -14.253 -5.250 6.230 0.899811 0.593511 0.858352 0.646565 0.858295 0.593509
3 16 -14.253 0.000 6.230 2.547 0.000 6.225 -7.533 -5.250 6.228 0.899811 0.593511 0.899783 0.726080 0.858352 0.646565
3 16 -6.534 -5.250 3.394 -7.533 -5.250 6.228 2.547 -5.250 6.225 0.796069 0.080205 0.804037 0.102533 0.724518 0.102815
3 16 -6.534 -5.250 3.394 -8.503 -5.250 3.921 -7.533 -5.250 6.228 0.796069 0.080205 0.811619 0.084308 0.804037 0.102533
3 16 11.826 -5.250 6.222 13.466 -5.250 3.394 11.497 -5.250 3.921 0.651322 0.103074 0.638294 0.080812 0.653844 0.084914
3 16 11.826 -5.250 6.222 20.187 -5.250 6.219 13.466 -5.250 3.394 0.651322 0.103074 0.585360 0.103308 0.638294 0.080812
3 16 14.908 -5.250 1.952 13.466 -5.250 3.394 20.187 -5.250 6.219 0.626878 0.069484 0.638294 0.080812 0.585360 0.103308
3 16 9.528 -5.250 3.394 8.086 -5.250 1.952 2.547 -5.250 6.225 0.669361 0.080692 0.680689 0.069277 0.724518 0.102815
3 16 9.528 -5.250 3.394 11.826 -5.250 6.222 11.497 -5.250 3.921 0.669361 0.080692 0.651322 0.103074 0.653844 0.084914
3 16 9.528 -5.250 3.394 2.547 -5.250 6.225 11.826 -5.250 6.222 0.669361 0.080692 0.724518 0.102815 0.651322 0.103074
3 16 2.547 0.000 6.225 11.826 -5.250 6.222 2.547 -5.250 6.225 0.899783 0.726080 0.858351 0.799284 0.858365 0.726082
3 16 2.547 0.000 6.225 20.187 0.000 6.219 11.826 -5.250 6.222 0.899783 0.726080 0.899840 0.865294 0.858351 0.799284
3 16 2.547 0.000 6.225 -14.253 0.000 6.230 -28.503 0.000 9.983 0.532384 0.912030 0.665028 0.911657 0.777631 0.940938
3 16 -8.503 -11.805 -0.016 -10.167 -12.996 -0.978 -10.424 -12.121 -0.017 0.766297 0.337665 0.777037 0.323425 0.780965 0.333110
3 16 -6.582 -11.503 -0.017 -8.503 -11.805 -0.016 -6.839 -10.618 0.944 0.751619 0.342131 0.766297 0.337665 0.755551 0.351870
3 16 -6.582 -11.503 -0.017 -6.839 -12.465 -0.978 -8.503 -11.805 -0.016 0.751619 0.342131 0.751621 0.331220 0.766297 0.337665
3 16 -6.839 -12.465 -0.978 -7.542 -13.251 -1.681 -8.503 -11.805 -0.016 0.751621 0.331220 0.755554 0.322021 0.766297 0.337665
3 16 -7.542 -13.251 -1.681 -8.503 -13.649 -1.938 -8.503 -11.805 -0.016 0.755554 0.322021 0.762365 0.317020 0.766297 0.337665
3 16 -8.503 -13.649 -1.938 -9.464 -13.554 -1.681 -8.503 -11.805 -0.016 0.762365 0.317020 0.770230 0.317547 0.766297 0.337665
3 16 -9.464 -13.554 -1.681 -10.167 -12.996 -0.978 -8.503 -11.805 -0.016 0.770230 0.317547 0.777037 0.323425 0.766297 0.337665
3 16 -8.503 -11.805 -0.016 -10.424 -12.121 -0.017 -10.167 -11.152 0.944 0.766297 0.337665 0.780965 0.333110 0.780966 0.344063
3 16 -8.503 -11.805 -0.016 -10.167 -11.152 0.944 -9.464 -10.353 1.647 0.766297 0.337665 0.780966 0.344063 0.777037 0.353330
3 16 -8.503 -11.805 -0.016 -9.464 -10.353 1.647 -8.503 -9.959 1.904 0.766297 0.337665 0.777037 0.353330 0.770224 0.358309
3 16 -8.503 -11.805 -0.016 -8.503 -9.959 1.904 -7.542 -10.052 1.647 0.766297 0.337665 0.770224 0.358309 0.762361 0.357794
3 16 -8.503 -11.805 -0.016 -7.542 -10.052 1.647 -6.839 -10.618 0.944 0.766297 0.337665 0.762361 0.357794 0.755551 0.351870
3 16 22.481 -5.250 -4.906 21.808 -11.280 -4.523 21.808 -5.250 -4.523 0.792905 0.836678 0.840480 0.842765 0.792907 0.842783
3 16 22.481 -5.250 -4.906 22.479 -11.542 -4.907 21.808 -11.280 -4.523 0.792905 0.836678 0.842540 0.836667 0.840480 0.842765
3 16 22.747 -5.250 -5.632 22.479 -11.542 -4.907 22.481 -5.250 -4.906 0.792904 0.830572 0.842540 0.836667 0.792905 0.836678
3 16 22.747 -5.250 -5.632 22.747 -12.195 -5.632 22.479 -11.542 -4.907 0.792904 0.830572 0.847692 0.830570 0.842540 0.836667
3 16 22.747 -5.250 -5.632 22.481 -5.250 -4.906 27.747 -5.250 6.217 0.564805 0.009892 0.566928 0.015615 0.525721 0.103519
3 16 22.481 -5.250 -4.906 21.808 -5.250 -4.523 27.747 -5.250 6.217 0.566928 0.015615 0.572248 0.018609 0.525721 0.103519
3 16 18.537 -13.479 -6.267 21.808 -11.280 -4.523 22.479 -11.542 -4.907 0.540609 0.108362 0.512376 0.127302 0.507479 0.123125
3 16 18.337 -11.280 -3.945 21.808 -11.280 -4.523 18.537 -13.479 -6.267 0.539411 0.133609 0.512376 0.127302 0.540609 0.108362
3 16 47.965 -15.376 -8.685 48.398 -14.489 -10.017 48.398 -14.489 -7.936 0.714827 0.867933 0.707743 0.878429 0.707780 0.862012
3 16 47.965 -15.376 -8.685 47.910 -15.440 -10.017 48.398 -14.489 -10.017 0.714827 0.867933 0.715455 0.878447 0.707743 0.878429
3 16 46.392 -16.261 -9.446 47.236 -15.947 -10.017 47.236 -15.959 -9.270 0.729839 0.874026 0.722695 0.878469 0.722776 0.872574
3 16 46.392 -16.261 -9.446 46.392 -16.261 -10.017 47.236 -15.947 -10.017 0.729839 0.874026 0.729802 0.878527 0.722695 0.878469
3 16 47.236 -15.959 -9.270 46.291 -15.610 -8.746 46.392 -16.261 -9.446 0.342560 0.759232 0.336936 0.752324 0.344477 0.752334
3 16 47.236 -15.959 -9.270 47.965 -15.376 -8.685 46.291 -15.610 -8.746 0.342560 0.759232 0.336714 0.765588 0.336936 0.752324
3 16 46.291 -15.610 -8.746 47.965 -15.376 -8.685 48.398 -14.489 -7.936 0.336936 0.752324 0.336714 0.765588 0.328057 0.769976
3 16 -48.503 -13.262 9.983 -48.503 -14.907 8.218 -45.503 -12.790 9.983 0.141006 0.020165 0.159825 0.018230 0.140918 0.043979
3 16 46.728 -13.659 -10.017 48.497 0.000 -10.017 48.497 -13.792 -10.017 0.109497 0.019246 0.001735 0.005429 0.110529 0.005294
3 16 46.728 -13.659 -10.017 35.691 0.000 -10.017 48.497 0.000 -10.017 0.109497 0.019246 0.001860 0.106441 0.001735 0.005429
3 16 22.747 -12.195 -5.632 18.537 -13.479 -6.267 22.479 -11.542 -4.907 0.506208 0.115244 0.540609 0.108362 0.507479 0.123125
3 16 22.747 -12.805 -6.267 18.537 -13.479 -6.267 22.747 -12.195 -5.632 0.506973 0.108341 0.540609 0.108362 0.506208 0.115244
3 16 -4.939 -13.210 -2.075 9.439 -12.355 -3.581 1.696 -16.175 -6.267 0.723112 0.154057 0.610057 0.137608 0.675154 0.108447
3 16 -4.423 -5.250 -0.152 8.086 -5.250 -1.986 8.096 -5.250 -2.238 0.779313 0.052302 0.680570 0.038209 0.680485 0.036221
3 16 -5.092 -5.250 1.952 8.086 -5.250 -1.986 -4.423 -5.250 -0.152 0.784653 0.068877 0.680570 0.038209 0.779313 0.052302
3 16 7.559 -5.250 -0.017 -5.092 -5.250 1.952 -6.534 -5.250 3.394 0.684792 0.053727 0.784653 0.068877 0.796069 0.080205
3 16 7.559 -5.250 -0.017 8.086 -5.250 -1.986 -5.092 -5.250 1.952 0.684792 0.053727 0.680570 0.038209 0.784653 0.068877
3 16 44.385 0.000 -6.851 46.458 -0.441 -4.978 47.195 0.000 -5.715 0.201625 0.809728 0.185492 0.825248 0.179394 0.818790
3 16 44.385 0.000 -6.851 44.259 -0.237 -6.194 46.458 -0.441 -4.978 0.201625 0.809728 0.202674 0.815192 0.185492 0.825248
3 16 46.458 -0.441 -4.978 44.192 -1.483 -5.831 46.152 -1.483 -4.672 0.082267 0.798170 0.102180 0.806510 0.083247 0.807098
3 16 46.458 -0.441 -4.978 44.259 -0.237 -6.194 44.192 -1.483 -5.831 0.082267 0.798170 0.102653 0.796736 0.102180 0.806510
3 16 47.497 -8.000 -6.017 48.497 0.000 -7.017 47.195 0.000 -5.715 0.367921 0.547368 0.356746 0.484091 0.371314 0.484163
3 16 44.180 -5.052 -5.598 45.035 -5.250 -3.555 45.725 -4.845 -4.245 0.361811 0.748010 0.377694 0.755006 0.371752 0.760893
3 16 44.180 -5.052 -5.598 43.514 -5.187 -4.843 45.035 -5.250 -3.555 0.361811 0.748010 0.367615 0.742856 0.377694 0.755006
3 16 44.192 -4.163 -5.831 45.725 -4.845 -4.245 46.011 -3.869 -4.531 0.102123 0.828205 0.084509 0.834942 0.083962 0.826332
3 16 44.192 -4.163 -5.831 44.180 -5.052 -5.598 45.725 -4.845 -4.245 0.102123 0.828205 0.101369 0.835603 0.084509 0.834942
3 16 45.725 -4.845 -4.245 47.497 -8.000 -6.017 46.011 -3.869 -4.531 0.387743 0.522420 0.367921 0.547368 0.384546 0.514694
3 16 45.725 -4.845 -4.245 45.035 -5.250 -3.555 47.497 -8.000 -6.017 0.387743 0.522420 0.395465 0.525622 0.367921 0.547368
3 16 46.011 -3.869 -4.531 47.497 -8.000 -6.017 46.152 -1.483 -4.672 0.384546 0.514694 0.367921 0.547368 0.382969 0.495827
3 16 46.458 -0.441 -4.978 47.497 -8.000 -6.017 47.195 0.000 -5.715 0.379556 0.487580 0.367921 0.547368 0.371314 0.484163
3 16 47.497 -8.000 -6.017 46.458 -0.441 -4.978 46.152 -1.483 -4.672 0.367921 0.547368 0.379556 0.487580 0.382969 0.495827
3 16 40.241 0.000 -6.267 29.960 -5.250 -6.267 40.241 -5.250 -6.267 0.207007 0.912357 0.125907 0.870928 0.207014 0.870941
3 16 40.241 0.000 -6.267 29.960 0.000 -6.267 29.960 -5.250 -6.267 0.207007 0.912357 0.125900 0.912344 0.125907 0.870928
3 16 44.192 -1.483 -5.831 46.011 -3.869 -4.531 46.152 -1.483 -4.672 0.102180 0.806510 0.083962 0.826332 0.083247 0.807098
3 16 44.192 -1.483 -5.831 44.192 -4.163 -5.831 46.011 -3.869 -4.531 0.102180 0.806510 0.102123 0.828205 0.083962 0.826332
3 16 44.180 -5.052 -5.598 41.767 -4.443 -6.452 41.752 -5.268 -6.307 0.101369 0.835603 0.122162 0.830811 0.121976 0.837563
3 16 44.180 -5.052 -5.598 44.192 -4.163 -5.831 41.767 -4.443 -6.452 0.101369 0.835603 0.102123 0.828205 0.122162 0.830811
3 16 43.514 -5.187 -4.843 41.752 -5.268 -6.307 41.769 -5.250 -5.736 0.367615 0.742856 0.356168 0.728788 0.360687 0.728971
3 16 43.514 -5.187 -4.843 44.180 -5.052 -5.598 41.752 -5.268 -6.307 0.367615 0.742856 0.361811 0.748010 0.356168 0.728788
3 16 41.775 -0.262 -6.663 44.385 0.000 -6.851 41.818 0.000 -7.199 0.222287 0.811625 0.201625 0.809728 0.221944 0.806935
3 16 41.775 -0.262 -6.663 44.259 -0.237 -6.194 44.385 0.000 -6.851 0.222287 0.811625 0.202674 0.815192 0.201625 0.809728
3 16 41.761 -1.089 -6.449 44.259 -0.237 -6.194 41.775 -0.262 -6.663 0.122954 0.803592 0.102653 0.796736 0.123154 0.796648
3 16 41.761 -1.089 -6.449 44.192 -1.483 -5.831 44.259 -0.237 -6.194 0.122954 0.803592 0.102180 0.806510 0.102653 0.796736
3 16 40.241 -5.250 -6.267 35.168 -5.250 1.009 41.769 -5.250 -5.736 0.356610 0.716824 0.414639 0.677257 0.360687 0.728971
3 16 41.769 -5.250 -5.736 35.168 -5.250 1.009 43.514 -5.187 -4.843 0.360687 0.728971 0.414639 0.677257 0.367615 0.742856
3 16 44.385 0.000 -6.851 48.497 0.000 -10.017 41.818 0.000 -7.199 0.201625 0.809728 0.169176 0.784891 0.221944 0.806935
3 16 41.761 -1.089 -6.449 40.241 -5.250 -6.267 41.767 -4.443 -6.452 0.122954 0.803592 0.134221 0.837892 0.122162 0.830811
3 16 41.761 -1.089 -6.449 40.241 0.000 -6.267 40.241 -5.250 -6.267 0.122954 0.803592 0.136000 0.795495 0.134221 0.837892
3 16 44.192 -1.483 -5.831 41.767 -4.443 -6.452 44.192 -4.163 -5.831 0.102180 0.806510 0.122162 0.830811 0.102123 0.828205
3 16 44.192 -1.483 -5.831 41.761 -1.089 -6.449 41.767 -4.443 -6.452 0.102180 0.806510 0.122954 0.803592 0.122162 0.830811
3 16 41.752 -5.268 -6.307 40.241 -5.250 -6.267 41.769 -5.250 -5.736 0.356168 0.728788 0.356610 0.716824 0.360687 0.728971
3 16 41.767 -4.443 -6.452 40.241 -5.250 -6.267 41.752 -5.268 -6.307 0.122162 0.830811 0.134221 0.837892 0.121976 0.837563
3 16 41.775 -0.262 -6.663 40.241 0.000 -6.267 41.761 -1.089 -6.449 0.123154 0.796648 0.136000 0.795495 0.122954 0.803592
3 16 41.818 0.000 -7.199 40.241 0.000 -6.267 41.775 -0.262 -6.663 0.221944 0.806935 0.234520 0.814350 0.222287 0.811625
3 16 35.691 0.000 -10.017 18.363 0.000 -6.267 27.747 0.000 -6.267 0.270287 0.784607 0.407203 0.813792 0.333115 0.814023
3 16 35.691 0.000 -10.017 -28.503 0.000 -10.017 18.363 0.000 -6.267 0.270287 0.784607 0.777137 0.783030 0.407203 0.813792
3 16 29.960 0.000 -6.267 35.691 0.000 -10.017 27.747 0.000 -6.267 0.315651 0.814074 0.270287 0.784607 0.333115 0.814023
3 16 48.497 0.000 -10.017 35.691 0.000 -10.017 41.818 0.000 -7.199 0.169176 0.784891 0.270287 0.784607 0.221944 0.806935
3 16 48.398 -14.489 -7.936 -48.503 -27.697 -5.537 -48.426 -29.433 -7.176 0.328057 0.769976 0.306340 0.003180 0.325011 0.001727
3 16 -48.503 -27.765 -10.017 -48.426 -29.433 -7.176 -48.503 -27.697 -5.537 0.513514 0.323834 0.501326 0.301210 0.515340 0.288940
3 16 -48.503 -27.765 -10.017 -48.426 -29.433 -10.017 -48.426 -29.433 -7.176 0.513514 0.323834 0.500505 0.323352 0.501326 0.301210
3 16 -48.426 -29.433 -10.017 -48.503 -27.765 -10.017 -28.503 -8.000 -10.017 0.234851 0.769677 0.221700 0.770302 0.065593 0.612733
3 16 48.503 -13.626 -6.983 -45.497 -12.826 10.017 -48.497 -14.943 8.252 0.038957 0.021363 0.977684 -0.026307 1.007644 0.099200
3 16 48.503 -13.626 -6.983 47.503 -12.826 -5.983 -45.497 -12.826 10.017 0.038957 0.021363 0.048943 -0.026307 0.977684 -0.026307
3 16 -48.497 -14.943 8.252 48.403 -14.524 -7.901 48.503 -13.626 -6.983 1.007644 0.099200 0.039946 0.074880 0.038957 0.021363
3 16 -48.497 -14.943 8.252 -48.497 -27.732 -5.502 48.403 -14.524 -7.901 1.007644 0.099200 1.007644 0.861508 0.039946 0.074880
3 16 -48.420 -29.468 -7.142 46.296 -15.646 -8.712 48.403 -14.524 -7.901 1.006780 0.952077 0.065058 0.142411 0.039946 0.074880
3 16 -48.420 -29.468 -7.142 -47.329 -30.618 -8.666 46.296 -15.646 -8.712 1.006780 0.952077 0.995977 1.033284 0.065058 0.142411
3 16 -45.603 -30.998 -9.384 46.296 -15.646 -8.712 -47.329 -30.618 -8.666 0.978738 1.055917 0.065058 0.142411 0.995977 1.033284
3 16 -45.603 -30.998 -9.384 46.397 -16.297 -9.412 46.296 -15.646 -8.712 0.978738 1.055917 0.059983 0.180407 0.065058 0.142411
3 16 47.241 -15.996 -9.236 46.296 -15.646 -8.712 46.397 -16.297 -9.412 0.051550 0.162416 0.065058 0.142411 0.059983 0.180407
3 16 47.241 -15.996 -9.236 47.969 -15.411 -8.650 46.296 -15.646 -8.712 0.051550 0.162416 0.044269 0.127677 0.065058 0.142411
3 16 46.296 -15.646 -8.712 47.969 -15.411 -8.650 48.403 -14.524 -7.901 0.065058 0.142411 0.044269 0.127677 0.039946 0.074880
3 16 -48.497 -13.298 10.017 -48.497 -14.943 8.252 -45.497 -12.826 10.017 1.007644 0.001808 1.007644 0.099200 0.977684 -0.026307
3 16 48.403 -14.524 -7.901 -48.497 -27.732 -5.502 -48.420 -29.468 -7.142 0.039946 0.074880 1.007644 0.861508 1.006780 0.952077
2 24 -28.376 -8.071 1.233 -32.253 -8.071 1.233
2 24 31.497 0.000 9.983 -28.503 0.000 9.983
2 24 21.808 -5.250 -4.523 13.926 -5.250 -3.210
2 24 8.096 -5.250 -2.238 -4.423 -5.250 -0.152
2 24 -12.303 -5.250 1.162 -24.753 -5.250 3.237
2 24 -6.534 -0.375 3.394 -8.503 -0.375 3.921
2 24 -34.374 -8.000 4.840 -35.780 -8.000 5.747
2 24 47.195 0.000 -5.715 46.458 -0.441 -4.978
2 24 -28.503 -8.000 -10.017 -28.503 -8.000 -6.267
2 24 -28.503 -8.000 3.862 -28.503 -8.000 9.983
2 24 -28.503 -8.000 -10.017 -48.503 -8.000 -10.017
2 24 -6.839 -10.618 0.944 -7.542 -10.052 1.647
2 24 47.236 -15.959 -9.270 46.392 -16.261 -9.446
2 24 -32.253 -8.071 -1.267 -32.253 -8.071 1.233
2 24 -28.503 -8.000 -6.267 -44.753 -8.000 -6.267
2 24 -6.445 -14.898 -3.581 -8.503 -15.757 -4.133
2 24 -9.464 -13.554 -1.681 -10.167 -12.996 -0.978
2 24 -28.376 -8.071 -1.267 -32.253 -8.071 -1.267
2 24 11.497 -0.375 -3.955 9.528 -0.375 -3.428
2 24 -7.542 -0.375 1.647 -8.503 -0.375 1.904
2 24 27.747 0.000 6.217 -24.753 0.000 6.233
2 24 -8.503 -9.959 1.904 -9.464 -10.353 1.647
2 24 -32.253 -8.071 -1.267 -32.253 -16.843 -1.267
2 24 -24.753 0.000 6.233 -24.753 -5.250 6.233
2 24 -8.503 -0.375 1.904 -9.464 -0.375 1.647
2 24 -24.753 -5.250 3.237 -24.753 -5.250 6.233
2 24 11.497 -5.375 1.904 10.536 -5.375 1.647
2 24 -32.253 -8.071 1.233 -32.253 -14.767 1.233
2 24 -8.503 -0.375 3.921 -10.472 -0.375 3.394
2 24 41.775 -0.262 -6.663 40.241 0.000 -6.267
2 24 11.497 -0.375 3.921 9.528 -0.375 3.394
2 24 -7.542 -0.375 -1.681 -8.503 -0.375 -1.938
2 24 9.439 -12.355 -3.581 8.096 -11.280 -2.238
2 24 21.808 -11.280 -4.523 13.926 -11.280 -3.210
2 24 8.096 -11.280 -2.238 -4.423 -11.280 -0.152
2 24 -12.303 -11.281 1.162 -24.753 -11.281 3.237
2 24 -28.503 -11.281 3.862 -34.374 -11.281 4.840
2 24 -40.833 -11.281 5.917 -42.731 -11.281 6.233
2 24 -39.759 -8.000 6.233 -40.833 -8.000 5.917
2 24 -34.374 -13.250 4.840 -35.780 -13.250 5.747
2 24 -33.403 -12.117 3.807 -34.374 -11.281 4.840
2 24 22.481 -5.250 -4.906 21.808 -5.250 -4.523
2 24 -42.232 -12.238 5.153 -43.226 -13.250 4.265
2 24 12.458 -5.375 1.647 11.497 -5.375 1.904
2 24 -8.503 -13.649 -1.938 -9.464 -13.554 -1.681
2 24 -6.534 -5.250 -3.428 -8.503 -5.250 -3.955
2 24 -44.753 -8.000 -6.267 -44.753 -8.000 6.233
2 24 -37.247 -8.000 6.233 -39.759 -8.000 6.233
2 24 -42.731 -8.000 6.233 -44.753 -8.000 6.233
2 24 -33.403 -13.250 3.807 -34.374 -13.250 4.840
2 24 -32.647 -13.250 2.502 -33.403 -12.117 3.807
2 24 11.497 -5.375 -1.938 10.536 -5.375 -1.681
2 24 -6.534 -5.250 3.394 -8.503 -5.250 3.921
2 24 -48.503 -8.000 -10.017 -48.503 -8.000 9.983
2 24 31.497 -8.000 9.983 -28.503 -8.000 9.983
2 24 -45.503 -8.000 9.983 -48.503 -8.000 9.983
2 24 47.497 -8.000 -6.017 31.497 -8.000 9.983
2 24 11.497 -0.375 -1.938 10.536 -0.375 -1.681
2 24 -8.503 -5.250 -3.955 -10.472 -5.250 -3.428
2 24 -8.503 -5.250 -4.133 -10.561 -5.250 -3.581
2 24 -28.503 -11.281 3.862 -28.503 -21.009 -6.267
2 24 -8.503 -0.375 -1.938 -9.464 -0.375 -1.681
2 24 -10.561 -15.557 -3.581 -12.067 -14.351 -2.075
2 24 -28.503 -8.000 3.862 -34.374 -8.000 4.840
2 24 -40.833 -8.000 5.917 -42.731 -8.000 6.233
2 24 -35.780 -8.000 5.747 -37.247 -8.000 6.233
2 24 -44.753 -8.000 6.233 -44.753 -11.604 6.233
2 24 22.747 -12.805 -6.267 -24.753 -20.409 -6.267
2 24 -28.503 -21.009 -6.267 -44.753 -23.611 -6.267
2 24 13.466 -0.375 3.394 11.497 -0.375 3.921
2 24 -42.232 -13.250 5.153 -43.226 -13.250 4.265
2 24 -40.833 -11.281 5.917 -42.232 -12.238 5.153
2 24 -42.731 -11.281 6.233 -44.753 -11.604 6.233
2 24 47.497 -8.000 -6.017 -45.503 -8.000 9.983
2 24 -7.542 -10.052 1.647 -8.503 -9.959 1.904
2 24 11.497 -12.556 -4.133 9.439 -12.355 -3.581
2 24 -44.753 -11.604 6.233 -44.753 -23.611 -6.267
2 24 -40.833 -13.250 5.917 -42.232 -13.250 5.153
2 24 -39.759 -13.250 6.233 -40.833 -13.250 5.917
2 24 -32.647 -13.250 2.502 -33.403 -13.250 3.807
2 24 27.747 -5.250 6.217 -24.753 -5.250 6.233
2 24 11.497 -5.250 -3.955 9.528 -5.250 -3.428
2 24 11.497 -5.250 -4.133 9.439 -5.250 -3.581
2 24 45.725 -4.845 -4.245 45.035 -5.250 -3.555
2 24 12.458 -0.375 1.647 11.497 -0.375 1.904
2 24 46.392 -16.261 -10.017 -45.608 -30.961 -10.017
2 24 -37.247 -13.250 6.233 -39.759 -13.250 6.233
2 24 -45.497 -12.826 10.017 -48.503 -13.262 9.983
2 24 13.466 -5.250 3.394 11.497 -5.250 3.921
2 24 -8.503 -15.757 -4.133 -10.561 -15.557 -3.581
2 24 -28.503 0.000 9.983 -28.503 -8.000 9.983
2 24 -44.753 -8.000 -6.267 -44.753 -23.611 -6.267
2 24 -48.503 -8.000 -10.017 -48.503 -27.765 -10.017
2 24 -24.753 -11.281 3.237 -24.753 -20.409 -6.267
2 24 35.664 -0.009 5.817 31.497 0.000 9.983
2 24 33.008 -0.009 3.169 29.960 0.000 6.217
2 24 48.497 0.000 -7.017 47.195 0.000 -5.715
2 24 -8.503 -5.250 3.921 -10.472 -5.250 3.394
2 24 22.479 -11.542 -4.907 21.808 -11.280 -4.523
2 24 41.752 -5.268 -6.307 40.241 -5.250 -6.267
2 24 -48.426 -29.433 -10.017 -48.503 -27.765 -10.017
2 24 47.236 -15.947 -10.017 46.392 -16.261 -10.017
2 24 -48.497 -13.298 10.017 -48.497 -27.732 -5.502
2 24 -45.608 -30.961 -9.418 -47.329 -30.618 -8.666
2 24 14.908 -0.375 1.952 13.466 -0.375 3.394
2 24 13.161 -0.375 0.944 12.458 -0.375 1.647
2 24 10.536 -0.375 -1.681 9.833 -0.375 -0.978
2 24 9.528 -0.375 -3.428 8.086 -0.375 -1.986
2 24 -5.092 -0.375 1.952 -6.534 -0.375 3.394
2 24 -6.839 -0.375 0.944 -7.542 -0.375 1.647
2 24 -9.464 -0.375 -1.681 -10.167 -0.375 -0.978
2 24 -10.472 -0.375 -3.428 -11.914 -0.375 -1.986
2 24 -35.780 -13.250 5.747 -37.247 -13.250 6.233
2 24 47.910 -15.440 -10.017 47.236 -15.947 -10.017
2 24 -8.503 -0.375 -3.955 -10.472 -0.375 -3.428
2 24 40.241 -5.250 -6.267 29.960 -5.250 -6.267
2 24 27.747 -5.250 -6.267 22.747 -5.250 -6.267
2 24 -12.067 -5.250 -2.075 -12.618 -5.250 -0.017
2 24 -11.914 -5.250 -1.986 -12.441 -5.250 -0.017
2 24 -24.753 0.000 -6.267 -24.753 0.000 6.233
2 24 -6.534 -0.375 -3.428 -8.503 -0.375 -3.955
2 24 13.555 -11.697 -3.581 11.497 -12.556 -4.133
2 24 -6.582 -0.375 -0.017 -6.839 -0.375 0.944
2 24 -28.503 0.000 -10.017 -28.503 0.000 9.983
2 24 48.497 0.000 -10.017 -28.503 0.000 -10.017
2 24 -6.445 -5.250 -3.581 -8.503 -5.250 -4.133
2 24 -28.503 -8.000 3.862 -28.503 -11.281 3.862
2 24 40.241 0.000 -6.267 29.960 0.000 -6.267
2 24 27.747 0.000 -6.267 -24.753 0.000 -6.267
2 24 11.497 -5.250 3.921 9.528 -5.250 3.394
2 24 31.497 0.000 9.983 31.497 -8.000 9.983
2 24 27.747 0.000 6.217 27.747 -5.250 6.217
2 24 -28.503 0.000 -10.017 -28.503 -8.000 -10.017
2 24 -24.753 0.000 -6.267 -24.753 -20.409 -6.267
2 24 -24.753 -5.250 3.237 -24.753 -11.281 3.237
2 24 -47.335 -30.581 -10.017 -48.426 -29.433 -10.017
2 24 -45.608 -30.961 -10.017 -47.335 -30.581 -10.017
2 24 -9.464 -10.353 1.647 -10.167 -11.152 0.944
2 24 -12.067 -14.351 -2.075 -12.618 -12.463 -0.017
2 24 48.497 -13.590 -7.017 -45.503 -12.790 9.983
2 24 -48.503 -8.000 9.983 -48.503 -13.262 9.983
2 24 -28.503 -8.000 -6.267 -28.503 -21.009 -6.267
2 24 13.466 -5.250 -3.428 11.497 -5.250 -3.955
2 24 13.555 -5.250 -3.581 11.497 -5.250 -4.133
2 24 48.497 -13.590 -7.017 48.398 -14.489 -7.936
2 24 37.824 -5.250 3.656 37.134 -4.845 4.347
2 24 35.168 -5.250 1.009 34.477 -4.845 1.699
2 24 -6.582 -11.503 -0.017 -6.839 -12.465 -0.978
2 24 -4.565 -0.375 -0.017 -5.092 -0.375 1.952
2 24 -47.335 -30.581 -8.699 -48.426 -29.433 -7.176
2 24 13.161 -5.375 0.944 12.458 -5.375 1.647
2 24 10.536 -5.375 -1.681 9.833 -5.375 -0.978
2 24 29.960 0.000 -6.267 29.960 -5.250 -6.267
2 24 27.747 -5.250 -6.267 27.747 -5.250 6.217
2 24 12.458 -0.375 -1.681 11.497 -0.375 -1.938
2 24 -4.565 -5.250 -0.017 -5.092 -5.250 1.952
2 24 -6.582 -11.503 -0.017 -6.839 -10.618 0.944
2 24 -10.167 -0.375 -0.978 -10.424 -0.375 -0.017
2 24 13.466 -0.375 -3.428 11.497 -0.375 -3.955
2 24 -10.472 -5.250 3.394 -11.914 -5.250 1.952
2 24 12.458 -5.375 -1.681 11.497 -5.375 -1.938
2 24 -10.167 -12.996 -0.978 -10.424 -12.121 -0.017
2 24 36.401 -0.441 5.079 35.664 -0.009 5.817
2 24 33.745 -0.441 2.432 33.008 -0.009 3.169
2 24 9.833 -5.375 -0.978 9.576 -5.375 -0.017
2 24 -12.303 -5.250 1.162 -12.618 -5.250 -0.017
2 24 -11.914 -5.250 1.952 -12.441 -5.250 -0.017
2 24 22.747 -5.250 -5.632 22.481 -5.250 -4.906
2 24 36.401 -0.441 5.079 33.745 -0.441 2.432
2 24 36.706 -1.483 4.774 36.401 -0.441 5.079
2 24 34.050 -1.483 2.127 33.745 -0.441 2.432
2 24 15.435 -0.375 -0.017 14.908 -0.375 -1.986
2 24 36.848 -3.869 4.633 36.706 -1.483 4.774
2 24 34.191 -3.869 1.985 34.050 -1.483 2.127
2 24 10.536 -0.375 1.647 9.833 -0.375 0.944
2 24 13.161 -5.375 -0.978 12.458 -5.375 -1.681
2 24 37.134 -4.845 4.347 34.477 -4.845 1.699
2 24 22.747 -5.250 -6.267 22.747 -12.805 -6.267
2 24 46.458 -0.441 -4.978 44.259 -0.237 -6.194
2 24 37.134 -4.845 4.347 36.848 -3.869 4.633
2 24 34.477 -4.845 1.699 34.191 -3.869 1.985
2 24 29.960 -5.250 -6.267 29.960 -5.250 6.217
2 24 13.418 -0.375 -0.017 13.161 -0.375 -0.978
2 24 35.168 -5.250 1.009 29.960 -5.250 6.217
2 24 45.035 -5.250 -3.555 37.824 -5.250 3.656
2 24 9.528 -5.250 -3.428 8.086 -5.250 -1.986
2 24 14.908 -5.250 1.952 13.466 -5.250 3.394
2 24 -10.472 -5.250 -3.428 -11.914 -5.250 -1.986
2 24 -5.092 -5.250 1.952 -6.534 -5.250 3.394
2 24 -10.561 -5.250 -3.581 -12.067 -5.250 -2.075
2 24 9.439 -5.250 -3.581 8.096 -5.250 -2.238
2 24 29.960 0.000 6.217 29.960 -5.250 6.217
2 24 29.960 0.000 -6.267 29.960 0.000 6.217
2 24 13.161 -0.375 -0.978 12.458 -0.375 -1.681
2 24 9.833 -5.375 0.944 9.576 -5.375 -0.017
2 24 46.458 -0.441 -4.978 46.152 -1.483 -4.672
2 24 -4.423 -5.250 -0.152 -4.423 -11.280 -0.152
2 24 -10.167 -0.375 0.944 -10.424 -0.375 -0.017
2 24 48.497 0.000 -10.017 48.497 0.000 -7.017
2 24 -4.423 -11.280 -0.152 -4.939 -13.210 -2.075
2 24 44.259 -0.237 -6.194 41.775 -0.262 -6.663
2 24 44.180 -5.052 -5.598 41.752 -5.268 -6.307
2 24 48.398 -14.489 -10.017 47.910 -15.440 -10.017
2 24 22.747 -12.195 -5.632 22.479 -11.542 -4.907
2 24 9.528 -0.375 3.394 8.086 -0.375 1.952
2 24 48.497 -13.792 -10.017 48.398 -14.489 -10.017
2 24 27.747 0.000 -6.267 27.747 -5.250 -6.267
2 24 47.965 -15.376 -8.685 47.236 -15.959 -9.270
2 24 8.086 -5.250 1.952 7.559 -5.250 -0.017
2 24 14.908 -5.250 -1.986 13.466 -5.250 -3.428
2 24 27.747 0.000 -6.267 27.747 0.000 6.217
2 24 48.398 -14.489 -7.936 47.965 -15.376 -8.685
2 24 15.435 -5.250 -0.017 14.908 -5.250 -1.986
2 24 45.725 -4.845 -4.245 44.180 -5.052 -5.598
2 24 13.926 -5.250 -3.210 13.926 -11.280 -3.210
2 24 22.747 -12.195 -5.632 22.747 -12.805 -6.267
2 24 22.747 -5.250 -6.267 22.747 -5.250 -5.632
2 24 8.086 -0.375 1.952 7.559 -0.375 -0.017
2 24 14.908 -0.375 -1.986 13.466 -0.375 -3.428
2 24 48.497 0.000 -7.017 48.497 -13.590 -7.017
2 24 -6.839 -0.375 -0.978 -7.542 -0.375 -1.681
2 24 48.497 0.000 -10.017 48.497 -13.792 -10.017
2 24 9.833 -0.375 0.944 9.576 -0.375 -0.017
2 24 9.528 -5.250 3.394 8.086 -5.250 1.952
2 24 11.497 -0.375 1.904 10.536 -0.375 1.647
2 24 -6.839 -12.465 -0.978 -7.542 -13.251 -1.681
2 24 -12.303 -11.281 1.162 -12.618 -12.463 -0.017
2 24 -4.565 -0.375 -0.017 -5.092 -0.375 -1.986
2 24 13.418 -5.375 -0.017 13.161 -5.375 -0.978
2 24 9.833 -0.375 -0.978 9.576 -0.375 -0.017
2 24 -11.914 -0.375 1.952 -12.441 -0.375 -0.017
2 24 13.926 -11.280 -3.210 13.555 -11.697 -3.581
2 24 8.086 -0.375 -1.986 7.559 -0.375 -0.017
2 24 -5.092 -5.250 -1.986 -6.534 -5.250 -3.428
2 24 13.418 -0.375 -0.017 13.161 -0.375 0.944
2 24 15.435 -0.375 -0.017 14.908 -0.375 1.952
2 24 -5.092 -0.375 -1.986 -6.534 -0.375 -3.428
2 24 -4.565 -5.250 -0.017 -5.092 -5.250 -1.986
2 24 8.086 -5.250 -1.986 7.559 -5.250 -0.017
2 24 13.926 -5.250 -3.210 13.555 -5.250 -3.581
2 24 15.435 -5.250 -0.017 14.908 -5.250 1.952
2 24 -4.939 -5.250 -2.075 -6.445 -5.250 -3.581
2 24 10.536 -5.375 1.647 9.833 -5.375 0.944
2 24 46.011 -3.869 -4.531 45.725 -4.845 -4.245
2 24 13.418 -5.375 -0.017 13.161 -5.375 0.944
2 24 -9.464 -0.375 1.647 -10.167 -0.375 0.944
2 24 -10.472 -0.375 3.394 -11.914 -0.375 1.952
2 24 -12.303 -5.250 1.162 -12.303 -11.281 1.162
2 24 -11.914 -0.375 -1.986 -12.441 -0.375 -0.017
2 24 -4.939 -13.210 -2.075 -6.445 -14.898 -3.581
2 24 -10.167 -11.152 0.944 -10.424 -12.121 -0.017
2 24 -7.542 -13.251 -1.681 -8.503 -13.649 -1.938
2 24 -6.582 -0.375 -0.017 -6.839 -0.375 -0.978
2 24 -4.423 -5.250 -0.152 -4.939 -5.250 -2.075
2 24 46.152 -1.483 -4.672 46.011 -3.869 -4.531
2 24 -48.420 -29.468 -7.142 -48.497 -27.732 -5.502
