0 FILE bl_3389.dat
0 RIGHT DESIGN ELEMENT 1X5X11/3, NO. 1
0 Name:  bl_3389.dat
0 Author:  
0 BFC CERTIFY CCW
3 16 -32.253 -8.071 -1.233 -28.376 -8.071 1.267 -28.376 -8.071 -1.233 0.455316 0.226495 0.485897 0.206772 0.485897 0.226494
3 16 -32.253 -8.071 -1.233 -32.253 -8.071 1.267 -28.376 -8.071 1.267 0.455316 0.226495 0.455316 0.206773 0.485897 0.206772
3 16 -32.253 -14.767 -1.233 -32.253 -8.071 1.267 -32.253 -8.071 -1.233 0.203610 0.405432 0.256436 0.385718 0.256433 0.405440
3 16 -32.253 -14.767 -1.233 -32.253 -16.843 1.267 -32.253 -8.071 1.267 0.203610 0.405432 0.187233 0.385708 0.256436 0.385718
3 16 -28.376 -8.071 1.267 -32.253 -16.843 1.267 -28.376 -16.843 1.267 0.346423 0.728823 0.277222 0.759411 0.277219 0.728830
3 16 -28.376 -8.071 1.267 -32.253 -8.071 1.267 -32.253 -16.843 1.267 0.346423 0.728823 0.346426 0.759404 0.277222 0.759411
3 16 -32.253 -14.767 -1.233 -28.376 -8.071 -1.233 -28.376 -14.767 -1.233 0.932890 0.795871 0.985717 0.826446 0.932893 0.826452
3 16 -32.253 -14.767 -1.233 -32.253 -8.071 -1.233 -28.376 -8.071 -1.233 0.932890 0.795871 0.985713 0.795865 0.985717 0.826446
3 16 -44.753 -8.000 6.267 -48.503 -8.000 -9.983 -48.503 -8.000 10.017 0.045813 0.271253 0.016938 0.396274 0.016967 0.242396
3 16 -44.753 -8.000 6.267 -44.753 -8.000 -6.233 -48.503 -8.000 -9.983 0.045813 0.271253 0.045795 0.367427 0.016938 0.396274
3 16 -42.731 -11.281 -6.233 -40.833 -8.000 -5.917 -42.731 -8.000 -6.233 0.963077 0.735203 0.978244 0.761086 0.963072 0.761082
3 16 -42.731 -11.281 -6.233 -40.833 -11.281 -5.917 -40.833 -8.000 -5.917 0.963077 0.735203 0.978250 0.735207 0.978244 0.761086
3 16 -42.731 -11.281 -6.233 -42.232 -12.238 -5.153 -40.833 -11.281 -5.917 0.331737 0.648056 0.335694 0.636683 0.346803 0.646257
3 16 -40.833 -11.281 -5.917 -39.759 -8.000 -6.233 -40.833 -8.000 -5.917 0.313302 0.375249 0.322131 0.401130 0.313297 0.401128
3 16 -40.833 -11.281 -5.917 -39.759 -13.250 -6.233 -39.759 -8.000 -6.233 0.313302 0.375249 0.322138 0.359714 0.322131 0.401130
3 16 -42.232 -12.238 -5.153 -44.753 -11.604 -6.233 -43.226 -13.250 -4.265 0.335694 0.636683 0.315677 0.646287 0.327804 0.626097
3 16 -42.232 -12.238 -5.153 -42.731 -11.281 -6.233 -44.753 -11.604 -6.233 0.335694 0.636683 0.331737 0.648056 0.315677 0.646287
3 16 -43.226 -13.250 -4.265 -42.232 -13.250 -5.153 -42.232 -12.238 -5.153 0.290219 0.359708 0.300733 0.359710 0.300731 0.367696
3 16 -37.247 -8.000 -6.233 -28.503 -8.000 -7.042 -45.503 -8.000 -9.983 0.103548 0.367438 0.170820 0.373630 0.040019 0.396278
3 16 -35.780 -8.000 -5.747 -28.503 -8.000 -7.042 -37.247 -8.000 -6.233 0.114835 0.363702 0.170820 0.373630 0.103548 0.367438
3 16 -39.759 -13.250 -6.233 -37.247 -8.000 -6.233 -39.759 -8.000 -6.233 0.322138 0.359714 0.341951 0.401134 0.322131 0.401130
3 16 -39.759 -13.250 -6.233 -37.247 -13.250 -6.233 -37.247 -8.000 -6.233 0.322138 0.359714 0.341959 0.359717 0.341951 0.401134
3 16 -37.676 -13.250 -4.459 -40.833 -13.250 -5.917 -42.232 -13.250 -5.153 0.292067 0.013591 0.265607 0.020840 0.255712 0.013084
3 16 -28.503 -8.000 -9.983 -28.503 -8.000 -7.042 -28.503 0.000 -9.983 0.255038 0.338923 0.255119 0.315722 0.318148 0.339144
3 16 -37.676 -13.250 -4.459 -39.759 -13.250 -6.233 -40.833 -13.250 -5.917 0.292067 0.013591 0.273555 0.024694 0.265607 0.020840
3 16 -42.232 -12.238 -5.153 -40.833 -13.250 -5.917 -40.833 -11.281 -5.917 0.300731 0.367696 0.313305 0.359712 0.313302 0.375249
3 16 -42.232 -12.238 -5.153 -42.232 -13.250 -5.153 -40.833 -13.250 -5.917 0.300731 0.367696 0.300733 0.359710 0.313305 0.359712
3 16 -40.833 -13.250 -5.917 -39.759 -13.250 -6.233 -40.833 -11.281 -5.917 0.313305 0.359712 0.322138 0.359714 0.313302 0.375249
3 16 -37.676 -13.250 -4.459 -37.247 -13.250 -6.233 -39.759 -13.250 -6.233 0.292067 0.013591 0.293106 0.027954 0.273555 0.024694
3 16 -48.503 -14.907 -8.218 -48.503 -8.000 10.017 -48.503 -8.000 -9.983 0.377855 0.185426 0.329289 0.329539 0.323516 0.173662
3 16 -48.503 -14.907 -8.218 -48.503 -27.697 5.537 -48.503 -8.000 10.017 0.377855 0.185426 0.481512 0.288940 0.329289 0.329539
3 16 -28.503 -8.000 -7.042 -28.503 -8.000 -3.862 -28.503 0.000 -9.983 0.255119 0.315722 0.255207 0.290634 0.318148 0.339144
3 16 -44.753 -11.604 -6.233 -44.753 -23.611 6.267 -43.226 -13.250 -4.265 0.315677 0.646287 0.315675 0.509558 0.327804 0.626097
3 16 -35.780 -13.250 -5.747 -37.247 -13.250 -6.233 -37.676 -13.250 -4.459 0.305151 0.026076 0.293106 0.027954 0.292067 0.013591
3 16 -37.247 -13.250 -6.233 -35.780 -8.000 -5.747 -37.247 -8.000 -6.233 0.341959 0.359717 0.354142 0.401136 0.341951 0.401134
3 16 -37.247 -13.250 -6.233 -35.780 -13.250 -5.747 -35.780 -8.000 -5.747 0.341959 0.359717 0.354150 0.359720 0.354142 0.401136
3 16 -35.780 -13.250 -5.747 -37.676 -13.250 -4.459 -34.374 -13.250 -4.840 0.305151 0.026076 0.292067 0.013591 0.317266 0.020843
3 16 -44.753 -8.000 6.267 -44.753 -11.604 -6.233 -44.753 -8.000 -6.233 0.013122 0.194213 0.111762 0.165742 0.111780 0.194175
3 16 -44.753 -8.000 6.267 -44.753 -23.611 6.267 -44.753 -11.604 -6.233 0.013122 0.194213 0.013148 0.070903 0.111762 0.165742
3 16 -24.753 -5.250 -6.233 -24.753 0.000 -6.233 -24.753 -5.250 -3.237 0.505011 0.653802 0.463595 0.653806 0.505009 0.630165
3 16 -34.374 -13.250 -4.840 -37.676 -13.250 -4.459 -33.403 -13.250 -3.807 0.317266 0.020843 0.292067 0.013591 0.326165 0.014067
3 16 -37.936 -13.250 -3.383 -42.232 -13.250 -5.153 -43.226 -13.250 -4.265 0.291437 0.004885 0.255712 0.013084 0.249133 0.004883
3 16 -37.936 -13.250 -3.383 -37.676 -13.250 -4.459 -42.232 -13.250 -5.153 0.291437 0.004885 0.292067 0.013591 0.255712 0.013084
3 16 -28.503 -11.281 -3.862 -34.374 -11.281 -4.840 -33.403 -12.117 -3.807 0.444721 0.634564 0.398098 0.640132 0.405812 0.629685
3 16 -34.374 -11.281 -4.840 -35.780 -8.000 -5.747 -35.780 -13.250 -5.747 0.367343 0.375259 0.354142 0.401136 0.354150 0.359720
3 16 -34.374 -11.281 -4.840 -34.374 -8.000 -4.840 -35.780 -8.000 -5.747 0.367343 0.375259 0.367338 0.401138 0.354142 0.401136
3 16 -24.753 -5.250 -3.237 -24.753 0.000 -6.233 -24.753 0.000 6.267 0.505009 0.630165 0.463595 0.653806 0.463585 0.555196
3 16 -32.647 -13.250 -2.502 -33.403 -12.117 -3.807 -33.403 -13.250 -3.807 0.390433 0.359727 0.378530 0.368663 0.378532 0.359724
3 16 -28.503 -11.281 -3.862 -33.403 -12.117 -3.807 -32.647 -13.250 -2.502 0.444721 0.634564 0.405812 0.629685 0.411815 0.616064
3 16 -34.374 -8.000 -4.840 -28.503 -8.000 -7.042 -35.780 -8.000 -5.747 0.125651 0.356727 0.170820 0.373630 0.114835 0.363702
3 16 -34.374 -8.000 -4.840 -28.503 -8.000 -3.862 -28.503 -8.000 -7.042 0.125651 0.356727 0.170825 0.349206 0.170820 0.373630
3 16 -34.374 -13.250 -4.840 -34.374 -11.281 -4.840 -35.780 -13.250 -5.747 0.367346 0.359722 0.367343 0.375259 0.354150 0.359720
3 16 -48.503 -27.765 10.017 -48.503 -8.000 10.017 -48.503 -27.697 5.537 0.483338 0.323834 0.329289 0.329539 0.481512 0.288940
3 16 -44.753 -23.611 6.267 -44.753 -8.000 6.267 -36.628 -22.310 6.267 0.182566 0.655022 0.182586 0.531874 0.246664 0.644772
3 16 -24.753 0.000 6.267 -28.503 0.000 -9.983 -28.503 0.000 10.017 0.249230 0.812730 0.219221 0.940938 0.219715 0.783030
3 16 -24.753 0.000 6.267 -24.753 0.000 -6.233 -28.503 0.000 -9.983 0.249230 0.812730 0.248921 0.911423 0.219221 0.940938
3 16 -48.503 -27.765 10.017 -28.503 -8.000 10.017 -48.503 -8.000 10.017 0.775152 0.770302 0.931259 0.612733 0.931063 0.770495
3 16 -34.374 -11.281 -4.840 -28.503 -8.000 -3.862 -34.374 -8.000 -4.840 0.026483 0.966989 0.073440 0.992866 0.026485 0.992868
3 16 -34.374 -11.281 -4.840 -28.503 -11.281 -3.862 -28.503 -8.000 -3.862 0.026483 0.966989 0.073443 0.966987 0.073440 0.992866
3 16 -33.403 -12.117 -3.807 -34.374 -13.250 -4.840 -33.403 -13.250 -3.807 0.378530 0.368663 0.367346 0.359722 0.378532 0.359724
3 16 -33.403 -12.117 -3.807 -34.374 -11.281 -4.840 -34.374 -13.250 -4.840 0.378530 0.368663 0.367343 0.375259 0.367346 0.359722
3 16 31.497 -8.000 -9.983 -28.503 0.000 -9.983 31.497 0.000 -9.983 0.092646 0.477835 0.029471 0.951155 0.029535 0.477826
3 16 31.497 -8.000 -9.983 -28.503 -8.000 -9.983 -28.503 0.000 -9.983 0.092646 0.477835 0.092582 0.951164 0.029471 0.951155
3 16 -33.403 -13.250 -3.807 -37.936 -13.250 -3.383 -32.647 -13.250 -2.502 0.326165 0.014067 0.291437 0.004885 0.333741 0.004888
3 16 -33.403 -13.250 -3.807 -37.676 -13.250 -4.459 -37.936 -13.250 -3.383 0.326165 0.014067 0.292067 0.013591 0.291437 0.004885
3 16 -28.503 -11.281 -3.862 -32.647 -13.250 -2.502 -28.503 -21.009 6.267 0.444721 0.634564 0.411815 0.616064 0.444720 0.523772
3 16 -28.503 -8.000 6.267 -28.503 -8.000 10.017 -28.503 0.000 10.017 0.255487 0.210731 0.255591 0.181148 0.318701 0.181369
3 16 -28.503 -8.000 -3.862 -28.503 0.000 10.017 -28.503 0.000 -9.983 0.255207 0.290634 0.318701 0.181369 0.318148 0.339144
3 16 -28.503 -8.000 -3.862 -28.503 -8.000 6.267 -28.503 0.000 10.017 0.255207 0.290634 0.255487 0.210731 0.318701 0.181369
3 16 -48.426 -29.433 10.017 -47.335 -30.581 10.017 -28.503 -8.000 10.017 0.762001 0.769677 0.752953 0.761059 0.931259 0.612733
3 16 -28.503 -8.000 10.017 -44.753 -8.000 6.267 -48.503 -8.000 10.017 0.170845 0.242425 0.045813 0.271253 0.016967 0.242396
3 16 -28.503 -8.000 10.017 -28.503 -8.000 6.267 -44.753 -8.000 6.267 0.170845 0.242425 0.170839 0.271277 0.045813 0.271253
3 16 -36.628 -22.310 6.267 -43.226 -13.250 -4.265 -44.753 -23.611 6.267 0.380198 0.516665 0.327804 0.626097 0.315675 0.509558
3 16 -36.628 -22.310 6.267 -37.936 -13.250 -3.383 -43.226 -13.250 -4.265 0.380198 0.516665 0.369810 0.621080 0.327804 0.626097
3 16 -28.503 -8.000 10.017 -47.335 -30.581 10.017 -45.608 -30.961 10.017 0.931259 0.612733 0.752953 0.761059 0.749972 0.747439
3 16 48.497 -13.590 7.017 -45.503 -12.790 -9.983 47.497 -12.790 6.017 0.678738 0.771803 0.855934 0.043979 0.689508 0.764993
3 16 48.497 -13.590 7.017 -48.503 -14.907 -8.218 -45.503 -12.790 -9.983 0.678738 0.771803 0.837027 0.018230 0.855934 0.043979
3 16 -28.503 -8.000 6.267 -28.503 -11.281 -3.862 -28.503 -21.009 6.267 0.255487 0.210731 0.229328 0.290543 0.152861 0.210371
3 16 -28.503 -8.000 6.267 -28.503 -8.000 -3.862 -28.503 -11.281 -3.862 0.255487 0.210731 0.255207 0.290634 0.229328 0.290543
3 16 -32.647 -13.250 -2.502 -36.628 -22.310 6.267 -28.503 -21.009 6.267 0.411815 0.616064 0.380198 0.516665 0.444720 0.523772
3 16 -32.647 -13.250 -2.502 -37.936 -13.250 -3.383 -36.628 -22.310 6.267 0.411815 0.616064 0.369810 0.621080 0.380198 0.516665
3 16 48.398 -14.489 7.936 -48.503 -14.907 -8.218 48.497 -13.590 7.017 0.668795 0.769976 0.837027 0.018230 0.678738 0.771803
3 16 -48.503 -27.697 5.537 -48.503 -14.907 -8.218 48.398 -14.489 7.936 0.690512 0.003180 0.837027 0.018230 0.668795 0.769976
3 16 -24.753 -11.281 -3.237 -24.753 0.000 6.267 -24.753 -20.409 6.267 0.552582 0.630160 0.463585 0.555196 0.624586 0.555179
3 16 -24.753 -11.281 -3.237 -24.753 -5.250 -3.237 -24.753 0.000 6.267 0.552582 0.630160 0.505009 0.630165 0.463585 0.555196
3 16 -36.628 -22.310 6.267 -28.503 -8.000 6.267 -28.503 -21.009 6.267 0.246664 0.644772 0.310780 0.531895 0.310763 0.634522
3 16 -36.628 -22.310 6.267 -44.753 -8.000 6.267 -28.503 -8.000 6.267 0.246664 0.644772 0.182586 0.531874 0.310780 0.531895
3 16 -14.793 -11.281 -1.577 -24.753 -5.250 -3.237 -24.753 -11.281 -3.237 0.162509 0.288266 0.082853 0.335843 0.082850 0.288270
3 16 -14.793 -11.281 -1.577 -14.793 -5.250 -1.577 -24.753 -5.250 -3.237 0.162509 0.288266 0.162511 0.335839 0.082853 0.335843
3 16 -47.335 -30.581 8.699 -48.426 -29.433 10.017 -48.426 -29.433 7.176 0.508313 0.312622 0.496347 0.323352 0.495526 0.301210
3 16 -47.335 -30.581 8.699 -47.335 -30.581 10.017 -48.426 -29.433 10.017 0.508313 0.312622 0.508694 0.322894 0.496347 0.323352
3 16 -48.426 -29.433 7.176 46.291 -15.610 8.746 -47.335 -30.581 8.699 0.671841 0.001727 0.659916 0.752324 0.656146 0.008839
3 16 -48.426 -29.433 7.176 48.398 -14.489 7.936 46.291 -15.610 8.746 0.671841 0.001727 0.668795 0.769976 0.659916 0.752324
3 16 -24.753 0.000 -6.233 -14.253 0.000 -6.230 -28.503 0.000 -9.983 0.248921 0.911423 0.331824 0.911657 0.219221 0.940938
3 16 -45.608 -30.961 9.418 -47.335 -30.581 10.017 -47.335 -30.581 8.699 0.522296 0.317715 0.508694 0.322894 0.508313 0.312622
3 16 -45.608 -30.961 9.418 -45.608 -30.961 10.017 -47.335 -30.581 10.017 0.522296 0.317715 0.522470 0.322384 0.508694 0.322894
3 16 46.291 -15.610 8.746 -45.608 -30.961 9.418 -47.335 -30.581 8.699 0.659916 0.752324 0.648628 0.021776 0.656146 0.008839
3 16 46.291 -15.610 8.746 46.392 -16.261 9.446 -45.608 -30.961 9.418 0.659916 0.752324 0.652375 0.752334 0.648628 0.021776
3 16 31.497 0.000 -9.983 27.747 0.000 -6.217 29.960 0.000 -6.217 0.692947 0.942416 0.663431 0.912591 0.680900 0.912645
3 16 35.664 -0.009 -5.817 29.960 0.000 -6.217 33.008 -0.009 -3.169 0.725946 0.909622 0.680900 0.912645 0.705041 0.888652
3 16 35.664 -0.009 -5.817 31.497 0.000 -9.983 29.960 0.000 -6.217 0.725946 0.909622 0.692947 0.942416 0.680900 0.912645
3 16 -24.753 -5.250 -6.233 -14.253 0.000 -6.230 -24.753 0.000 -6.233 0.138457 0.510642 0.097041 0.593511 0.097046 0.510675
3 16 -24.753 -5.250 -6.233 -14.253 -5.250 -6.230 -14.253 0.000 -6.230 0.138457 0.510642 0.138557 0.593509 0.097041 0.593511
3 16 31.497 -8.000 -9.983 31.497 0.000 -9.983 35.664 -0.009 -5.817 0.449963 0.547397 0.449953 0.484123 0.496558 0.484184
3 16 31.497 -8.000 -9.983 35.664 -0.009 -5.817 36.401 -0.441 -5.079 0.449963 0.547397 0.496558 0.484184 0.504805 0.487599
3 16 35.664 -0.009 -5.817 33.745 -0.441 -2.432 36.401 -0.441 -5.079 0.725946 0.909622 0.711359 0.882372 0.732265 0.903340
3 16 35.664 -0.009 -5.817 33.008 -0.009 -3.169 33.745 -0.441 -2.432 0.725946 0.909622 0.705041 0.888652 0.711359 0.882372
3 16 36.706 -1.483 -4.774 31.497 -8.000 -9.983 36.401 -0.441 -5.079 0.508222 0.495845 0.449963 0.547397 0.504805 0.487599
3 16 33.008 -0.009 -3.169 34.050 -1.483 -2.127 33.745 -0.441 -2.432 0.187846 0.758891 0.176216 0.747261 0.184441 0.750669
3 16 34.050 -1.483 -2.127 36.401 -0.441 -5.079 33.745 -0.441 -2.432 0.717672 0.876086 0.732265 0.903340 0.711359 0.882372
3 16 34.050 -1.483 -2.127 36.706 -1.483 -4.774 36.401 -0.441 -5.079 0.717672 0.876086 0.738579 0.897052 0.732265 0.903340
3 16 36.848 -3.869 -4.633 31.497 -8.000 -9.983 36.706 -1.483 -4.774 0.509805 0.514711 0.449963 0.547397 0.508222 0.495845
3 16 34.191 -3.869 -1.985 36.706 -1.483 -4.774 34.050 -1.483 -2.127 0.731057 0.862743 0.738579 0.897052 0.717672 0.876086
3 16 34.191 -3.869 -1.985 36.848 -3.869 -4.633 36.706 -1.483 -4.774 0.731057 0.862743 0.751964 0.883710 0.738579 0.897052
3 16 31.497 -8.000 -9.983 36.848 -3.869 -4.633 37.134 -4.845 -4.347 0.449963 0.547397 0.509805 0.514711 0.513007 0.522436
3 16 29.960 -5.250 6.267 33.299 -5.250 -2.878 29.960 -5.250 -6.217 0.639392 0.635419 0.567261 0.662614 0.540546 0.636451
3 16 31.497 -8.000 -9.983 37.134 -4.845 -4.347 37.824 -5.250 -3.656 0.449963 0.547397 0.513007 0.522436 0.520733 0.525635
3 16 33.299 -5.250 -2.878 34.477 -4.845 -1.699 34.191 -3.869 -1.985 0.146499 0.755638 0.149693 0.742491 0.157399 0.745683
3 16 34.477 -4.845 -1.699 36.848 -3.869 -4.633 34.191 -3.869 -1.985 0.736972 0.856853 0.751964 0.883710 0.731057 0.862743
3 16 34.477 -4.845 -1.699 37.134 -4.845 -4.347 36.848 -3.869 -4.633 0.736972 0.856853 0.757879 0.877819 0.751964 0.883710
3 16 34.477 -4.845 -1.699 33.299 -5.250 -2.878 35.168 -5.250 -1.009 0.149693 0.742491 0.146499 0.755638 0.146503 0.734788
3 16 37.134 -4.845 -4.347 35.168 -5.250 -1.009 37.824 -5.250 -3.656 0.757879 0.877819 0.742890 0.850970 0.763800 0.871935
3 16 37.134 -4.845 -4.347 34.477 -4.845 -1.699 35.168 -5.250 -1.009 0.757879 0.877819 0.736972 0.856853 0.742890 0.850970
3 16 40.241 0.000 6.267 35.691 0.000 10.017 41.818 0.000 7.199 0.762332 0.814350 0.726565 0.784607 0.774908 0.806935
3 16 40.241 0.000 6.267 29.960 0.000 6.267 35.691 0.000 10.017 0.762332 0.814350 0.681201 0.814074 0.726565 0.784607
3 16 47.497 -8.000 6.017 37.824 -5.250 -3.656 45.035 -5.250 3.555 0.628931 0.547368 0.520733 0.525635 0.601387 0.525622
3 16 47.497 -8.000 6.017 31.497 -8.000 -9.983 37.824 -5.250 -3.656 0.628931 0.547368 0.449963 0.547397 0.520733 0.525635
3 16 -28.503 -8.000 -7.042 31.497 -8.000 -9.983 47.497 -8.000 6.017 0.635320 0.422008 0.166861 0.526226 0.019263 0.421860
3 16 -28.503 -8.000 -7.042 -28.503 -8.000 -9.983 31.497 -8.000 -9.983 0.635320 0.422008 0.639294 0.445165 0.166861 0.526226
3 16 8.096 -11.280 2.238 -4.423 -5.250 0.152 -4.423 -11.280 0.152 0.124065 0.004887 0.023935 0.052456 0.023937 0.004883
3 16 8.096 -11.280 2.238 8.096 -5.250 2.238 -4.423 -5.250 0.152 0.124065 0.004887 0.124063 0.052461 0.023935 0.052456
3 16 43.514 -5.187 4.843 37.824 -5.250 -3.656 35.168 -5.250 -1.009 0.629237 0.742856 0.561476 0.698510 0.582213 0.677257
3 16 43.514 -5.187 4.843 45.035 -5.250 3.555 37.824 -5.250 -3.656 0.629237 0.742856 0.619158 0.755006 0.561476 0.698510
3 16 44.385 0.000 6.851 48.497 0.000 7.017 47.195 0.000 5.715 0.795227 0.809728 0.827673 0.808533 0.817458 0.818790
3 16 44.385 0.000 6.851 48.497 0.000 10.017 48.497 0.000 7.017 0.795227 0.809728 0.827676 0.784891 0.827673 0.808533
3 16 -24.753 0.000 6.267 -28.503 0.000 10.017 1.497 0.000 6.267 0.249230 0.812730 0.219715 0.783030 0.456484 0.813377
3 16 47.497 -12.790 6.017 -28.503 -8.000 -7.042 47.497 -8.000 6.017 0.991969 0.989145 0.384146 0.951401 0.991967 0.951357
3 16 47.497 -12.790 6.017 -45.503 -12.790 -9.983 -28.503 -8.000 -7.042 0.991969 0.989145 0.248189 0.989198 0.384146 0.951401
3 16 -15.551 -18.936 6.267 -24.753 -20.409 6.267 -24.753 0.000 6.267 0.490455 0.075639 0.478887 0.003035 0.639894 0.003100
3 16 48.398 -14.489 10.017 46.728 -13.659 10.017 47.910 -15.440 10.017 0.880826 0.006069 0.887355 0.019246 0.873318 0.009905
3 16 48.398 -14.489 10.017 48.497 -13.792 10.017 46.728 -13.659 10.017 0.880826 0.006069 0.886323 0.005294 0.887355 0.019246
3 16 47.236 -15.947 10.017 46.728 -13.659 10.017 46.392 -16.261 10.017 0.869317 0.015220 0.887355 0.019246 0.866829 0.021878
3 16 47.236 -15.947 10.017 47.910 -15.440 10.017 46.728 -13.659 10.017 0.869317 0.015220 0.873318 0.009905 0.887355 0.019246
3 16 35.691 0.000 10.017 -28.503 -8.000 10.017 46.728 -13.659 10.017 0.994992 0.106441 0.931259 0.612733 0.887355 0.019246
3 16 35.691 0.000 10.017 -28.503 0.000 10.017 -28.503 -8.000 10.017 0.994992 0.106441 0.994364 0.612812 0.931259 0.612733
3 16 48.398 -14.489 7.936 48.497 -13.792 10.017 48.398 -14.489 10.017 0.289072 0.862012 0.294661 0.878416 0.289109 0.878429
3 16 48.398 -14.489 7.936 48.497 -13.590 7.017 48.497 -13.792 10.017 0.289072 0.862012 0.296187 0.854745 0.294661 0.878416
3 16 47.236 -15.959 9.270 47.910 -15.440 10.017 47.236 -15.947 10.017 0.274076 0.872574 0.281397 0.878447 0.274157 0.878469
3 16 47.236 -15.959 9.270 47.965 -15.376 8.685 47.910 -15.440 10.017 0.274076 0.872574 0.282025 0.867933 0.281397 0.878447
3 16 27.747 0.000 -6.217 29.960 0.000 6.267 29.960 0.000 -6.217 0.663431 0.912591 0.681201 0.814074 0.680900 0.912645
3 16 27.747 0.000 -6.217 27.747 0.000 6.267 29.960 0.000 6.267 0.663431 0.912591 0.663737 0.814023 0.681201 0.814074
3 16 33.008 -0.009 -3.169 29.960 -5.250 -6.217 33.299 -5.250 -2.878 0.187846 0.758891 0.146493 0.792892 0.146499 0.755638
3 16 33.008 -0.009 -3.169 29.960 0.000 -6.217 29.960 -5.250 -6.217 0.187846 0.758891 0.187909 0.792899 0.146493 0.792892
3 16 -28.503 -8.000 10.017 46.392 -16.261 10.017 46.728 -13.659 10.017 0.931259 0.612733 0.866829 0.021878 0.887355 0.019246
3 16 -45.608 -30.961 10.017 46.392 -16.261 10.017 -28.503 -8.000 10.017 0.749972 0.747439 0.866829 0.021878 0.931259 0.612733
3 16 27.747 -5.250 -6.217 27.747 0.000 6.267 27.747 0.000 -6.217 0.875780 0.870941 0.974269 0.912349 0.875783 0.912357
3 16 27.747 -5.250 -6.217 27.747 -5.250 6.267 27.747 0.000 6.267 0.875780 0.870941 0.974265 0.870933 0.974269 0.912349
3 16 13.926 -11.280 3.210 18.337 -5.250 3.945 13.926 -5.250 3.210 0.156349 0.905800 0.203935 0.870544 0.203922 0.905818
3 16 13.926 -11.280 3.210 18.337 -11.280 3.945 18.337 -5.250 3.945 0.156349 0.905800 0.156362 0.870527 0.203935 0.870544
3 16 29.960 -5.250 -6.217 29.960 0.000 6.267 29.960 -5.250 6.267 0.213696 0.948089 0.115205 0.989493 0.115211 0.948076
3 16 29.960 -5.250 -6.217 29.960 0.000 -6.217 29.960 0.000 6.267 0.213696 0.948089 0.213691 0.989505 0.115205 0.989493
3 16 27.747 -5.250 6.267 22.747 -5.250 5.632 22.747 -5.250 6.267 0.471510 0.005035 0.432047 0.009892 0.432066 0.004883
3 16 27.747 -5.250 -6.217 22.747 -5.250 5.632 27.747 -5.250 6.267 0.471131 0.103519 0.432047 0.009892 0.471510 0.005035
3 16 46.392 -16.261 9.446 -45.608 -30.961 10.017 -45.608 -30.961 9.418 0.012281 0.880953 0.001735 0.146040 0.006461 0.146001
3 16 46.392 -16.261 9.446 46.392 -16.261 10.017 -45.608 -30.961 10.017 0.012281 0.880953 0.007779 0.880990 0.001735 0.146040
3 16 33.299 -5.250 -2.878 34.050 -1.483 -2.127 33.008 -0.009 -3.169 0.146499 0.755638 0.176216 0.747261 0.187846 0.758891
3 16 33.299 -5.250 -2.878 34.191 -3.869 -1.985 34.050 -1.483 -2.127 0.146499 0.755638 0.157399 0.745683 0.176216 0.747261
3 16 22.747 -5.250 6.267 22.747 -12.195 5.632 22.747 -12.805 6.267 0.203948 0.825563 0.149160 0.830570 0.144349 0.825561
3 16 22.747 -5.250 6.267 22.747 -5.250 5.632 22.747 -12.195 5.632 0.203948 0.825563 0.203948 0.830572 0.149160 0.830570
3 16 35.168 -5.250 -1.009 29.960 -5.250 6.267 40.241 -5.250 6.267 0.582213 0.677257 0.639392 0.635419 0.640242 0.716824
3 16 35.168 -5.250 -1.009 33.299 -5.250 -2.878 29.960 -5.250 6.267 0.582213 0.677257 0.567261 0.662614 0.639392 0.635419
3 16 48.497 -13.590 7.017 47.497 -8.000 6.017 48.497 0.000 7.017 0.640124 0.591582 0.628931 0.547368 0.640106 0.484091
3 16 48.497 -13.590 7.017 47.497 -12.790 6.017 47.497 -8.000 6.017 0.640124 0.591582 0.628937 0.585253 0.628931 0.547368
3 16 48.497 -13.590 7.017 48.497 0.000 10.017 48.497 -13.792 10.017 0.296187 0.854745 0.403465 0.878113 0.294661 0.878416
3 16 48.497 -13.590 7.017 48.497 0.000 7.017 48.497 0.000 10.017 0.296187 0.854745 0.403399 0.854447 0.403465 0.878113
3 16 -15.551 -18.936 6.267 -24.753 -11.281 -3.237 -24.753 -20.409 6.267 0.183906 0.108533 0.121838 0.211903 0.110390 0.108580
3 16 -15.551 -18.936 6.267 -14.793 -11.281 -1.577 -24.753 -11.281 -3.237 0.183906 0.108533 0.199413 0.193805 0.121838 0.211903
3 16 -24.753 -5.250 -3.237 -14.253 -5.250 -6.230 -24.753 -5.250 -6.233 0.057062 0.078415 0.139803 0.102345 0.056971 0.102052
3 16 -24.753 -5.250 -3.237 -14.793 -5.250 -1.577 -14.253 -5.250 -6.230 0.057062 0.078415 0.135686 0.065621 0.139803 0.102345
3 16 -28.503 -8.000 -7.042 -45.503 -12.790 -9.983 -45.503 -8.000 -9.983 0.384146 0.951401 0.248189 0.989198 0.248186 0.951411
3 16 -37.247 -8.000 -6.233 -45.503 -8.000 -9.983 -39.759 -8.000 -6.233 0.103548 0.367438 0.040019 0.396278 0.084217 0.367434
3 16 -45.503 -8.000 -9.983 -40.833 -8.000 -5.917 -39.759 -8.000 -6.233 0.040019 0.396278 0.075953 0.365000 0.084217 0.367434
3 16 -42.731 -8.000 -6.233 -40.833 -8.000 -5.917 -45.503 -8.000 -9.983 0.061355 0.367430 0.075953 0.365000 0.040019 0.396278
3 16 -42.731 -11.281 -6.233 -44.753 -8.000 -6.233 -44.753 -11.604 -6.233 0.963077 0.735203 0.947118 0.761082 0.947087 0.732650
3 16 -42.731 -11.281 -6.233 -42.731 -8.000 -6.233 -44.753 -8.000 -6.233 0.963077 0.735203 0.963072 0.761082 0.947118 0.761082
3 16 -48.503 -13.262 -9.983 -48.503 -14.907 -8.218 -48.503 -8.000 -9.983 0.364528 0.172143 0.377855 0.185426 0.323516 0.173662
3 16 -44.753 -8.000 -6.233 -45.503 -8.000 -9.983 -48.503 -8.000 -9.983 0.045795 0.367427 0.040019 0.396278 0.016938 0.396274
3 16 -44.753 -8.000 -6.233 -42.731 -8.000 -6.233 -45.503 -8.000 -9.983 0.045795 0.367427 0.061355 0.367430 0.040019 0.396278
3 16 -48.503 -8.000 -9.983 -45.503 -12.790 -9.983 -48.503 -13.262 -9.983 0.539569 0.512017 0.577355 0.488350 0.581080 0.512016
3 16 -48.503 -8.000 -9.983 -45.503 -8.000 -9.983 -45.503 -12.790 -9.983 0.539569 0.512017 0.539568 0.488351 0.577355 0.488350
3 16 13.466 -0.375 -3.394 13.161 -0.375 -0.944 14.908 -0.375 -1.952 0.245077 0.762509 0.237747 0.744464 0.253117 0.748581
3 16 13.466 -0.375 -3.394 12.458 -0.375 -1.647 13.161 -0.375 -0.944 0.245077 0.762509 0.233825 0.751259 0.237747 0.744464
3 16 13.466 -0.375 -3.394 11.497 -0.375 -1.904 12.458 -0.375 -1.647 0.245077 0.762509 0.227031 0.755182 0.233825 0.751259
3 16 13.466 -0.375 -3.394 11.497 -0.375 -3.921 11.497 -0.375 -1.904 0.245077 0.762509 0.231151 0.770552 0.227031 0.755182
3 16 11.497 -0.375 -3.921 10.536 -0.375 -1.647 11.497 -0.375 -1.904 0.231151 0.770552 0.219185 0.755183 0.227031 0.755182
3 16 11.497 -0.375 -3.921 9.528 -0.375 -3.394 10.536 -0.375 -1.647 0.231151 0.770552 0.215069 0.770553 0.219185 0.755183
3 16 9.528 -0.375 -3.394 9.833 -0.375 -0.944 10.536 -0.375 -1.647 0.215069 0.770553 0.212391 0.751261 0.219185 0.755183
3 16 9.528 -0.375 -3.394 8.086 -0.375 -1.952 9.833 -0.375 -0.944 0.215069 0.770553 0.201141 0.762514 0.212391 0.751261
3 16 8.086 -0.375 -1.952 9.576 -0.375 0.017 9.833 -0.375 -0.944 0.201141 0.762514 0.208467 0.744467 0.212391 0.751261
3 16 8.086 -0.375 -1.952 7.559 -0.375 0.017 9.576 -0.375 0.017 0.201141 0.762514 0.193098 0.748587 0.208467 0.744467
3 16 7.559 -0.375 0.017 9.833 -0.375 0.978 9.576 -0.375 0.017 0.193098 0.748587 0.208466 0.736622 0.208467 0.744467
3 16 7.559 -0.375 0.017 8.086 -0.375 1.986 9.833 -0.375 0.978 0.193098 0.748587 0.193096 0.732505 0.208466 0.736622
3 16 8.086 -0.375 1.986 10.536 -0.375 1.681 9.833 -0.375 0.978 0.193096 0.732505 0.212388 0.729827 0.208466 0.736622
3 16 8.086 -0.375 1.986 9.528 -0.375 3.428 10.536 -0.375 1.681 0.193096 0.732505 0.201136 0.718577 0.212388 0.729827
3 16 9.528 -0.375 3.428 11.497 -0.375 1.938 10.536 -0.375 1.681 0.201136 0.718577 0.219182 0.725904 0.212388 0.729827
3 16 9.528 -0.375 3.428 11.497 -0.375 3.955 11.497 -0.375 1.938 0.201136 0.718577 0.215062 0.710535 0.219182 0.725904
3 16 11.497 -0.375 3.955 12.458 -0.375 1.681 11.497 -0.375 1.938 0.215062 0.710535 0.227028 0.725903 0.219182 0.725904
3 16 11.497 -0.375 3.955 13.466 -0.375 3.428 12.458 -0.375 1.681 0.215062 0.710535 0.231144 0.710533 0.227028 0.725903
3 16 13.466 -0.375 3.428 13.161 -0.375 0.978 12.458 -0.375 1.681 0.231144 0.710533 0.233822 0.729825 0.227028 0.725903
3 16 13.466 -0.375 3.428 14.908 -0.375 1.986 13.161 -0.375 0.978 0.231144 0.710533 0.245073 0.718572 0.233822 0.729825
3 16 14.908 -0.375 1.986 13.418 -0.375 0.017 13.161 -0.375 0.978 0.245073 0.718572 0.237746 0.736619 0.233822 0.729825
3 16 14.908 -0.375 1.986 15.435 -0.375 0.017 13.418 -0.375 0.017 0.245073 0.718572 0.253115 0.732499 0.237746 0.736619
3 16 15.435 -0.375 0.017 13.161 -0.375 -0.944 13.418 -0.375 0.017 0.253115 0.732499 0.237747 0.744464 0.237746 0.736619
3 16 15.435 -0.375 0.017 14.908 -0.375 -1.952 13.161 -0.375 -0.944 0.253115 0.732499 0.253117 0.748581 0.237747 0.744464
3 16 11.497 -0.375 -3.921 13.466 -5.250 -3.394 11.497 -5.250 -3.921 0.345221 0.698310 0.329140 0.659851 0.345222 0.659852
3 16 11.497 -0.375 -3.921 13.466 -0.375 -3.394 13.466 -5.250 -3.394 0.345221 0.698310 0.329139 0.698309 0.329140 0.659851
3 16 9.528 -0.375 -3.394 11.497 -5.250 -3.921 9.528 -5.250 -3.394 0.168320 0.698306 0.152238 0.659848 0.168320 0.659848
3 16 9.528 -0.375 -3.394 11.497 -0.375 -3.921 11.497 -5.250 -3.921 0.168320 0.698306 0.152238 0.698306 0.152238 0.659848
3 16 8.086 -0.375 -1.952 9.528 -5.250 -3.394 8.086 -5.250 -1.952 0.184402 0.698307 0.168320 0.659848 0.184402 0.659849
3 16 8.086 -0.375 -1.952 9.528 -0.375 -3.394 9.528 -5.250 -3.394 0.184402 0.698307 0.168320 0.698306 0.168320 0.659848
3 16 7.559 -0.375 0.017 8.086 -5.250 -1.952 7.559 -5.250 0.017 0.200484 0.698307 0.184402 0.659849 0.200484 0.659849
3 16 7.559 -0.375 0.017 8.086 -0.375 -1.952 8.086 -5.250 -1.952 0.200484 0.698307 0.184402 0.698307 0.184402 0.659849
3 16 8.086 -0.375 1.986 7.559 -5.250 0.017 8.086 -5.250 1.986 0.216565 0.698307 0.200484 0.659849 0.216566 0.659849
3 16 8.086 -0.375 1.986 7.559 -0.375 0.017 7.559 -5.250 0.017 0.216565 0.698307 0.200484 0.698307 0.200484 0.659849
3 16 9.528 -0.375 3.428 8.086 -5.250 1.986 9.528 -5.250 3.428 0.232647 0.698307 0.216566 0.659849 0.232648 0.659850
3 16 9.528 -0.375 3.428 8.086 -0.375 1.986 8.086 -5.250 1.986 0.232647 0.698307 0.216565 0.698307 0.216566 0.659849
3 16 11.497 -0.375 3.955 9.528 -5.250 3.428 11.497 -5.250 3.955 0.248729 0.698308 0.232648 0.659850 0.248730 0.659850
3 16 11.497 -0.375 3.955 9.528 -0.375 3.428 9.528 -5.250 3.428 0.248729 0.698308 0.232647 0.698307 0.232648 0.659850
3 16 13.466 -0.375 3.428 11.497 -5.250 3.955 13.466 -5.250 3.428 0.264811 0.698308 0.248730 0.659850 0.264812 0.659850
3 16 13.466 -0.375 3.428 11.497 -0.375 3.955 11.497 -5.250 3.955 0.264811 0.698308 0.248729 0.698308 0.248730 0.659850
3 16 14.908 -0.375 1.986 13.466 -5.250 3.428 14.908 -5.250 1.986 0.280893 0.698308 0.264812 0.659850 0.280894 0.659850
3 16 14.908 -0.375 1.986 13.466 -0.375 3.428 13.466 -5.250 3.428 0.280893 0.698308 0.264811 0.698308 0.264812 0.659850
3 16 15.435 -0.375 0.017 14.908 -5.250 1.986 15.435 -5.250 0.017 0.296975 0.698309 0.280894 0.659850 0.296976 0.659851
3 16 15.435 -0.375 0.017 14.908 -0.375 1.986 14.908 -5.250 1.986 0.296975 0.698309 0.280893 0.698308 0.280894 0.659850
3 16 15.435 -0.375 0.017 14.908 -5.250 -1.952 14.908 -0.375 -1.952 0.296975 0.698309 0.313058 0.659851 0.313057 0.698309
3 16 15.435 -0.375 0.017 15.435 -5.250 0.017 14.908 -5.250 -1.952 0.296975 0.698309 0.296976 0.659851 0.313058 0.659851
3 16 14.908 -0.375 -1.952 13.466 -5.250 -3.394 13.466 -0.375 -3.394 0.313057 0.698309 0.329140 0.659851 0.329139 0.698309
3 16 14.908 -0.375 -1.952 14.908 -5.250 -1.952 13.466 -5.250 -3.394 0.313057 0.698309 0.313058 0.659851 0.329140 0.659851
3 16 13.161 -0.375 -0.944 12.458 -5.375 -1.647 13.161 -5.375 -0.944 0.540011 0.658688 0.547831 0.698137 0.539985 0.698132
3 16 13.161 -0.375 -0.944 12.458 -0.375 -1.647 12.458 -5.375 -1.647 0.540011 0.658688 0.547856 0.658693 0.547831 0.698137
3 16 11.497 -0.375 -1.904 12.458 -5.375 -1.647 12.458 -0.375 -1.647 0.555702 0.658698 0.547831 0.698137 0.547856 0.658693
3 16 11.497 -0.375 -1.904 11.497 -5.375 -1.904 12.458 -5.375 -1.647 0.555702 0.658698 0.555676 0.698142 0.547831 0.698137
3 16 10.536 -0.375 -1.647 11.497 -5.375 -1.904 11.497 -0.375 -1.904 0.469402 0.658642 0.461531 0.698081 0.461556 0.658637
3 16 10.536 -0.375 -1.647 10.536 -5.375 -1.647 11.497 -5.375 -1.904 0.469402 0.658642 0.469376 0.698086 0.461531 0.698081
3 16 9.833 -0.375 -0.944 10.536 -5.375 -1.647 10.536 -0.375 -1.647 0.477247 0.658647 0.469376 0.698086 0.469402 0.658642
3 16 9.833 -0.375 -0.944 9.833 -5.375 -0.944 10.536 -5.375 -1.647 0.477247 0.658647 0.477222 0.698091 0.469376 0.698086
3 16 9.576 -0.375 0.017 9.833 -5.375 -0.944 9.833 -0.375 -0.944 0.485093 0.658652 0.477222 0.698091 0.477247 0.658647
3 16 9.576 -0.375 0.017 9.576 -5.375 0.017 9.833 -5.375 -0.944 0.485093 0.658652 0.485067 0.698096 0.477222 0.698091
3 16 9.833 -0.375 0.978 9.576 -5.375 0.017 9.576 -0.375 0.017 0.492938 0.658657 0.485067 0.698096 0.485093 0.658652
3 16 9.833 -0.375 0.978 9.833 -5.375 0.978 9.576 -5.375 0.017 0.492938 0.658657 0.492913 0.698101 0.485067 0.698096
3 16 10.536 -0.375 1.681 9.833 -5.375 0.978 9.833 -0.375 0.978 0.500784 0.658662 0.492913 0.698101 0.492938 0.658657
3 16 10.536 -0.375 1.681 10.536 -5.375 1.681 9.833 -5.375 0.978 0.500784 0.658662 0.500758 0.698106 0.492913 0.698101
3 16 11.497 -0.375 1.938 10.536 -5.375 1.681 10.536 -0.375 1.681 0.508629 0.658667 0.500758 0.698106 0.500784 0.658662
3 16 11.497 -0.375 1.938 11.497 -5.375 1.938 10.536 -5.375 1.681 0.508629 0.658667 0.508604 0.698111 0.500758 0.698106
3 16 12.458 -0.375 1.681 11.497 -5.375 1.938 11.497 -0.375 1.938 0.516474 0.658673 0.508604 0.698111 0.508629 0.658667
3 16 12.458 -0.375 1.681 12.458 -5.375 1.681 11.497 -5.375 1.938 0.516474 0.658673 0.516449 0.698117 0.508604 0.698111
3 16 13.161 -0.375 0.978 12.458 -5.375 1.681 12.458 -0.375 1.681 0.524320 0.658678 0.516449 0.698117 0.516474 0.658673
3 16 13.161 -0.375 0.978 13.161 -5.375 0.978 12.458 -5.375 1.681 0.524320 0.658678 0.524294 0.698122 0.516449 0.698117
3 16 13.418 -0.375 0.017 13.161 -5.375 0.978 13.161 -0.375 0.978 0.532165 0.658683 0.524294 0.698122 0.524320 0.658678
3 16 13.418 -0.375 0.017 13.418 -5.375 0.017 13.161 -5.375 0.978 0.532165 0.658683 0.532140 0.698127 0.524294 0.698122
3 16 13.161 -0.375 -0.944 13.418 -5.375 0.017 13.418 -0.375 0.017 0.540011 0.658688 0.532140 0.698127 0.532165 0.658683
3 16 13.161 -0.375 -0.944 13.161 -5.375 -0.944 13.418 -5.375 0.017 0.540011 0.658688 0.539985 0.698132 0.532140 0.698127
3 16 -6.534 -0.375 -3.394 -6.839 -0.375 -0.944 -5.092 -0.375 -1.952 0.525326 0.769525 0.527999 0.750232 0.539252 0.761482
3 16 -6.534 -0.375 -3.394 -7.542 -0.375 -1.647 -6.839 -0.375 -0.944 0.525326 0.769525 0.521205 0.754156 0.527999 0.750232
3 16 -6.534 -0.375 -3.394 -8.503 -0.375 -1.904 -7.542 -0.375 -1.647 0.525326 0.769525 0.513359 0.754158 0.521205 0.754156
3 16 -6.534 -0.375 -3.394 -8.503 -0.375 -3.921 -8.503 -0.375 -1.904 0.525326 0.769525 0.509244 0.769528 0.513359 0.754158
3 16 -8.503 -0.375 -3.921 -9.464 -0.375 -1.647 -8.503 -0.375 -1.904 0.509244 0.769528 0.506564 0.750236 0.513359 0.754158
3 16 -8.503 -0.375 -3.921 -10.472 -0.375 -3.394 -9.464 -0.375 -1.647 0.509244 0.769528 0.495315 0.761489 0.506564 0.750236
3 16 -10.472 -0.375 -3.394 -10.167 -0.375 -0.944 -9.464 -0.375 -1.647 0.495315 0.761489 0.502640 0.743442 0.506564 0.750236
3 16 -10.472 -0.375 -3.394 -11.914 -0.375 -1.952 -10.167 -0.375 -0.944 0.495315 0.761489 0.487272 0.747563 0.502640 0.743442
3 16 -11.914 -0.375 -1.952 -10.424 -0.375 0.017 -10.167 -0.375 -0.944 0.487272 0.747563 0.502639 0.735597 0.502640 0.743442
3 16 -11.914 -0.375 -1.952 -12.441 -0.375 0.017 -10.424 -0.375 0.017 0.487272 0.747563 0.487269 0.731481 0.502639 0.735597
3 16 -12.441 -0.375 0.017 -10.167 -0.375 0.978 -10.424 -0.375 0.017 0.487269 0.731481 0.506561 0.728802 0.502639 0.735597
3 16 -12.441 -0.375 0.017 -11.914 -0.375 1.986 -10.167 -0.375 0.978 0.487269 0.731481 0.495307 0.717552 0.506561 0.728802
3 16 -11.914 -0.375 1.986 -9.464 -0.375 1.681 -10.167 -0.375 0.978 0.495307 0.717552 0.513354 0.724878 0.506561 0.728802
3 16 -11.914 -0.375 1.986 -10.472 -0.375 3.428 -9.464 -0.375 1.681 0.495307 0.717552 0.509234 0.709509 0.513354 0.724878
3 16 -10.472 -0.375 3.428 -8.503 -0.375 1.938 -9.464 -0.375 1.681 0.509234 0.709509 0.521200 0.724876 0.513354 0.724878
3 16 -10.472 -0.375 3.428 -8.503 -0.375 3.955 -8.503 -0.375 1.938 0.509234 0.709509 0.525316 0.709506 0.521200 0.724876
3 16 -8.503 -0.375 3.955 -7.542 -0.375 1.681 -8.503 -0.375 1.938 0.525316 0.709506 0.527995 0.728798 0.521200 0.724876
3 16 -8.503 -0.375 3.955 -6.534 -0.375 3.428 -7.542 -0.375 1.681 0.525316 0.709506 0.539244 0.717545 0.527995 0.728798
3 16 -6.534 -0.375 3.428 -6.839 -0.375 0.978 -7.542 -0.375 1.681 0.539244 0.717545 0.531919 0.735592 0.527995 0.728798
3 16 -6.534 -0.375 3.428 -5.092 -0.375 1.986 -6.839 -0.375 0.978 0.539244 0.717545 0.547288 0.731471 0.531919 0.735592
3 16 -5.092 -0.375 1.986 -6.582 -0.375 0.017 -6.839 -0.375 0.978 0.547288 0.731471 0.531920 0.743437 0.531919 0.735592
3 16 -5.092 -0.375 1.986 -4.565 -0.375 0.017 -6.582 -0.375 0.017 0.547288 0.731471 0.547290 0.747553 0.531920 0.743437
3 16 -4.565 -0.375 0.017 -6.839 -0.375 -0.944 -6.582 -0.375 0.017 0.547290 0.747553 0.527999 0.750232 0.531920 0.743437
3 16 -4.565 -0.375 0.017 -5.092 -0.375 -1.952 -6.839 -0.375 -0.944 0.547290 0.747553 0.539252 0.761482 0.527999 0.750232
3 16 -8.503 -0.375 -3.921 -6.534 -5.250 -3.394 -8.503 -5.250 -3.921 0.427298 0.848145 0.443328 0.886625 0.427246 0.886603
3 16 -8.503 -0.375 -3.921 -6.534 -0.375 -3.394 -6.534 -5.250 -3.394 0.427298 0.848145 0.443380 0.848167 0.443328 0.886625
3 16 -10.472 -0.375 -3.394 -8.503 -5.250 -3.921 -10.472 -5.250 -3.394 0.604199 0.848381 0.620230 0.886861 0.604148 0.886839
3 16 -10.472 -0.375 -3.394 -8.503 -0.375 -3.921 -8.503 -5.250 -3.921 0.604199 0.848381 0.620281 0.848403 0.620230 0.886861
3 16 -11.914 -0.375 -1.952 -10.472 -5.250 -3.394 -11.914 -5.250 -1.952 0.588117 0.848360 0.604148 0.886839 0.588066 0.886818
3 16 -11.914 -0.375 -1.952 -10.472 -0.375 -3.394 -10.472 -5.250 -3.394 0.588117 0.848360 0.604199 0.848381 0.604148 0.886839
3 16 -12.441 -0.375 0.017 -11.914 -5.250 -1.952 -12.441 -5.250 0.017 0.572035 0.848338 0.588066 0.886818 0.571984 0.886796
3 16 -12.441 -0.375 0.017 -11.914 -0.375 -1.952 -11.914 -5.250 -1.952 0.572035 0.848338 0.588117 0.848360 0.588066 0.886818
3 16 -11.914 -0.375 1.986 -12.441 -5.250 0.017 -11.914 -5.250 1.986 0.555953 0.848317 0.571984 0.886796 0.555902 0.886775
3 16 -11.914 -0.375 1.986 -12.441 -0.375 0.017 -12.441 -5.250 0.017 0.555953 0.848317 0.572035 0.848338 0.571984 0.886796
3 16 -10.472 -0.375 3.428 -11.914 -5.250 1.986 -10.472 -5.250 3.428 0.539871 0.848295 0.555902 0.886775 0.539820 0.886753
3 16 -10.472 -0.375 3.428 -11.914 -0.375 1.986 -11.914 -5.250 1.986 0.539871 0.848295 0.555953 0.848317 0.555902 0.886775
3 16 -8.503 -0.375 3.955 -10.472 -5.250 3.428 -8.503 -5.250 3.955 0.523789 0.848274 0.539820 0.886753 0.523738 0.886732
3 16 -8.503 -0.375 3.955 -10.472 -0.375 3.428 -10.472 -5.250 3.428 0.523789 0.848274 0.539871 0.848295 0.539820 0.886753
3 16 -6.534 -0.375 3.428 -8.503 -5.250 3.955 -6.534 -5.250 3.428 0.507707 0.848253 0.523738 0.886732 0.507656 0.886711
3 16 -6.534 -0.375 3.428 -8.503 -0.375 3.955 -8.503 -5.250 3.955 0.507707 0.848253 0.523789 0.848274 0.523738 0.886732
3 16 -5.092 -0.375 1.986 -6.534 -5.250 3.428 -5.092 -5.250 1.986 0.491625 0.848231 0.507656 0.886711 0.491574 0.886689
3 16 -5.092 -0.375 1.986 -6.534 -0.375 3.428 -6.534 -5.250 3.428 0.491625 0.848231 0.507707 0.848253 0.507656 0.886711
3 16 -4.565 -0.375 0.017 -5.092 -5.250 1.986 -4.565 -5.250 0.017 0.475543 0.848210 0.491574 0.886689 0.475492 0.886668
3 16 -4.565 -0.375 0.017 -5.092 -0.375 1.986 -5.092 -5.250 1.986 0.475543 0.848210 0.491625 0.848231 0.491574 0.886689
3 16 -4.565 -0.375 0.017 -5.092 -5.250 -1.952 -5.092 -0.375 -1.952 0.475543 0.848210 0.459410 0.886646 0.459462 0.848188
3 16 -4.565 -0.375 0.017 -4.565 -5.250 0.017 -5.092 -5.250 -1.952 0.475543 0.848210 0.475492 0.886668 0.459410 0.886646
3 16 -5.092 -0.375 -1.952 -6.534 -5.250 -3.394 -6.534 -0.375 -3.394 0.459462 0.848188 0.443328 0.886625 0.443380 0.848167
3 16 -5.092 -0.375 -1.952 -5.092 -5.250 -1.952 -6.534 -5.250 -3.394 0.459462 0.848188 0.459410 0.886646 0.443328 0.886625
3 16 -6.839 -0.375 -0.944 -7.542 -10.052 -1.647 -6.839 -10.618 -0.944 0.455353 0.736675 0.378929 0.743693 0.374552 0.735800
3 16 -6.839 -0.375 -0.944 -7.542 -0.375 -1.647 -7.542 -10.052 -1.647 0.455353 0.736675 0.455268 0.744520 0.378929 0.743693
3 16 -8.503 -9.959 -1.904 -7.542 -0.375 -1.647 -8.503 -0.375 -1.904 0.379583 0.751546 0.455268 0.744520 0.455183 0.752365
3 16 -8.503 -9.959 -1.904 -7.542 -10.052 -1.647 -7.542 -0.375 -1.647 0.379583 0.751546 0.378929 0.743693 0.455268 0.744520
3 16 -9.464 -0.375 -1.647 -8.503 -9.959 -1.904 -8.503 -0.375 -1.904 0.456117 0.666070 0.380603 0.657406 0.456202 0.658225
3 16 -9.464 -0.375 -1.647 -9.464 -10.353 -1.647 -8.503 -9.959 -1.904 0.456117 0.666070 0.377409 0.665218 0.380603 0.657406
3 16 -10.167 -0.375 -0.944 -9.464 -10.353 -1.647 -9.464 -0.375 -1.647 0.456032 0.673915 0.377409 0.665218 0.456117 0.666070
3 16 -10.167 -0.375 -0.944 -10.167 -11.152 -0.944 -9.464 -10.353 -1.647 0.456032 0.673915 0.371019 0.672994 0.377409 0.665218
3 16 -10.424 -0.375 0.017 -10.167 -11.152 -0.944 -10.167 -0.375 -0.944 0.455947 0.681760 0.371019 0.672994 0.456032 0.673915
3 16 -10.424 -0.375 0.017 -10.424 -12.121 0.017 -10.167 -11.152 -0.944 0.455947 0.681760 0.363292 0.680757 0.371019 0.672994
3 16 -10.167 -0.375 0.978 -10.424 -12.121 0.017 -10.424 -0.375 0.017 0.455863 0.689605 0.363292 0.680757 0.455947 0.681760
3 16 -10.167 -0.375 0.978 -10.167 -12.996 0.978 -10.424 -12.121 0.017 0.455863 0.689605 0.356302 0.688527 0.363292 0.680757
3 16 -9.464 -0.375 1.681 -10.167 -12.996 0.978 -10.167 -0.375 0.978 0.455778 0.697450 0.356302 0.688527 0.455863 0.689605
3 16 -9.464 -0.375 1.681 -9.464 -13.554 1.681 -10.167 -12.996 0.978 0.455778 0.697450 0.351821 0.696324 0.356302 0.688527
3 16 -8.503 -0.375 1.938 -9.464 -13.554 1.681 -9.464 -0.375 1.681 0.455693 0.705295 0.351821 0.696324 0.455778 0.697450
3 16 -8.503 -0.375 1.938 -8.503 -13.649 1.938 -9.464 -13.554 1.681 0.455693 0.705295 0.350979 0.704161 0.351821 0.696324
3 16 -7.542 -13.251 1.681 -8.503 -0.375 1.938 -7.542 -0.375 1.681 0.354034 0.712040 0.455693 0.705295 0.455608 0.713140
3 16 -7.542 -13.251 1.681 -8.503 -13.649 1.938 -8.503 -0.375 1.938 0.354034 0.712040 0.350979 0.704161 0.455693 0.705295
3 16 -6.839 -12.465 0.978 -7.542 -0.375 1.681 -6.839 -0.375 0.978 0.360156 0.719952 0.455608 0.713140 0.455523 0.720985
3 16 -6.839 -12.465 0.978 -7.542 -13.251 1.681 -7.542 -0.375 1.681 0.360156 0.719952 0.354034 0.712040 0.455608 0.713140
3 16 -6.582 -11.503 0.017 -6.839 -0.375 0.978 -6.582 -0.375 0.017 0.367655 0.727879 0.455523 0.720985 0.455438 0.728830
3 16 -6.582 -11.503 0.017 -6.839 -12.465 0.978 -6.839 -0.375 0.978 0.367655 0.727879 0.360156 0.719952 0.455523 0.720985
3 16 -6.839 -10.618 -0.944 -6.582 -0.375 0.017 -6.839 -0.375 -0.944 0.374552 0.735800 0.455438 0.728830 0.455353 0.736675
3 16 -6.839 -10.618 -0.944 -6.582 -11.503 0.017 -6.582 -0.375 0.017 0.374552 0.735800 0.367655 0.727879 0.455438 0.728830
3 16 9.439 -12.355 3.581 11.497 -5.250 4.133 9.439 -5.250 3.581 0.954319 0.637276 0.971128 0.693329 0.954322 0.693330
3 16 9.439 -12.355 3.581 11.497 -12.556 4.133 11.497 -5.250 4.133 0.954319 0.637276 0.971125 0.635696 0.971128 0.693329
3 16 13.555 -11.697 3.581 11.497 -5.250 4.133 11.497 -12.556 4.133 0.987932 0.642472 0.971128 0.693329 0.971125 0.635696
3 16 13.555 -11.697 3.581 13.555 -5.250 3.581 11.497 -5.250 4.133 0.987932 0.642472 0.987934 0.693328 0.971128 0.693329
3 16 13.926 -11.280 3.210 13.555 -5.250 3.581 13.555 -11.697 3.581 0.992075 0.645754 0.987934 0.693328 0.987932 0.642472
3 16 13.926 -11.280 3.210 13.926 -5.250 3.210 13.555 -5.250 3.581 0.992075 0.645754 0.992077 0.693328 0.987934 0.693328
3 16 -12.618 -12.463 0.017 -12.067 -5.250 2.075 -12.618 -5.250 0.017 0.429173 0.355337 0.445982 0.412239 0.429176 0.412240
3 16 -12.618 -12.463 0.017 -12.067 -14.351 2.075 -12.067 -5.250 2.075 0.429173 0.355337 0.445978 0.340440 0.445982 0.412239
3 16 -12.067 -14.351 2.075 -10.561 -5.250 3.581 -12.067 -5.250 2.075 0.445978 0.340440 0.462788 0.412238 0.445982 0.412239
3 16 -12.067 -14.351 2.075 -10.561 -15.557 3.581 -10.561 -5.250 3.581 0.445978 0.340440 0.462784 0.330927 0.462788 0.412238
3 16 -10.561 -15.557 3.581 -8.503 -5.250 4.133 -10.561 -5.250 3.581 0.462784 0.330927 0.479594 0.412238 0.462788 0.412238
3 16 -10.561 -15.557 3.581 -8.503 -15.757 4.133 -8.503 -5.250 4.133 0.462784 0.330927 0.479590 0.329347 0.479594 0.412238
3 16 -6.445 -14.898 3.581 -8.503 -5.250 4.133 -8.503 -15.757 4.133 0.496396 0.336123 0.479594 0.412238 0.479590 0.329347
3 16 -6.445 -14.898 3.581 -6.445 -5.250 3.581 -8.503 -5.250 4.133 0.496396 0.336123 0.496400 0.412237 0.479594 0.412238
3 16 -4.939 -13.210 2.075 -6.445 -5.250 3.581 -6.445 -14.898 3.581 0.513203 0.349439 0.496400 0.412237 0.496396 0.336123
3 16 -4.939 -13.210 2.075 -4.939 -5.250 2.075 -6.445 -5.250 3.581 0.513203 0.349439 0.513206 0.412236 0.496400 0.412237
3 16 -4.423 -11.280 0.152 -4.939 -5.250 2.075 -4.939 -13.210 2.075 0.528911 0.364662 0.513206 0.412236 0.513203 0.349439
3 16 -4.423 -11.280 0.152 -4.423 -5.250 0.152 -4.939 -5.250 2.075 0.528911 0.364662 0.528913 0.412235 0.513206 0.412236
3 16 9.439 -5.250 3.581 11.497 -5.250 3.955 9.528 -5.250 3.428 0.327003 0.025667 0.343247 0.022779 0.327698 0.026881
3 16 9.439 -5.250 3.581 11.497 -5.250 4.133 11.497 -5.250 3.955 0.327003 0.025667 0.343253 0.021380 0.343247 0.022779
3 16 11.497 -5.250 4.133 13.466 -5.250 3.428 11.497 -5.250 3.955 0.343253 0.021380 0.358765 0.027001 0.343247 0.022779
3 16 11.497 -5.250 4.133 13.555 -5.250 3.581 13.466 -5.250 3.428 0.343253 0.021380 0.359469 0.025792 0.358765 0.027001
3 16 13.555 -5.250 3.581 13.926 -5.250 3.210 13.466 -5.250 3.428 0.359469 0.025792 0.362388 0.028733 0.358765 0.027001
3 16 -12.618 -5.250 0.017 -11.914 -5.250 1.986 -12.441 -5.250 0.017 0.152886 0.053115 0.158507 0.037603 0.154285 0.053120
3 16 -12.618 -5.250 0.017 -12.067 -5.250 2.075 -11.914 -5.250 1.986 0.152886 0.053115 0.157298 0.036898 0.158507 0.037603
3 16 -12.067 -5.250 2.075 -10.472 -5.250 3.428 -11.914 -5.250 1.986 0.157298 0.036898 0.169922 0.026275 0.158507 0.037603
3 16 -12.067 -5.250 2.075 -10.561 -5.250 3.581 -10.472 -5.250 3.428 0.157298 0.036898 0.169228 0.025061 0.169922 0.026275
3 16 -10.561 -5.250 3.581 -8.503 -5.250 3.955 -10.472 -5.250 3.428 0.169228 0.025061 0.185472 0.022172 0.169922 0.026275
3 16 -10.561 -5.250 3.581 -8.503 -5.250 4.133 -8.503 -5.250 3.955 0.169228 0.025061 0.185478 0.020773 0.185472 0.022172
3 16 -8.503 -5.250 4.133 -6.534 -5.250 3.428 -8.503 -5.250 3.955 0.185478 0.020773 0.200990 0.026394 0.185472 0.022172
3 16 -8.503 -5.250 4.133 -6.445 -5.250 3.581 -6.534 -5.250 3.428 0.185478 0.020773 0.201694 0.025185 0.200990 0.026394
3 16 -6.445 -5.250 3.581 -5.092 -5.250 1.986 -6.534 -5.250 3.428 0.201694 0.025185 0.212318 0.037809 0.200990 0.026394
3 16 -6.445 -5.250 3.581 -4.939 -5.250 2.075 -5.092 -5.250 1.986 0.201694 0.025185 0.213532 0.037115 0.212318 0.037809
3 16 -4.423 -5.250 0.152 -5.092 -5.250 1.986 -4.939 -5.250 2.075 0.217539 0.052302 0.212318 0.037809 0.213532 0.037115
3 16 -4.423 -5.250 0.152 -4.565 -5.250 0.017 -5.092 -5.250 1.986 0.217539 0.052302 0.216421 0.053359 0.212318 0.037809
3 16 -4.423 -5.250 0.152 -5.092 -5.250 -1.952 -4.565 -5.250 0.017 0.217539 0.052302 0.212199 0.068877 0.216421 0.053359
3 16 -12.303 -5.250 -1.162 -12.441 -5.250 0.017 -11.914 -5.250 -1.952 0.155342 0.062423 0.154285 0.053120 0.158388 0.068670
3 16 -12.303 -5.250 -1.162 -12.618 -5.250 0.017 -12.441 -5.250 0.017 0.155342 0.062423 0.152886 0.053115 0.154285 0.053120
3 16 -12.618 -5.250 0.017 -12.303 -11.281 -1.162 -12.618 -12.463 0.017 0.429176 0.412240 0.419547 0.364667 0.429173 0.355337
3 16 -12.618 -5.250 0.017 -12.303 -5.250 -1.162 -12.303 -11.281 -1.162 0.429176 0.412240 0.419549 0.412241 0.419547 0.364667
3 16 8.096 -5.250 2.238 9.528 -5.250 3.428 8.086 -5.250 1.986 0.316367 0.036221 0.327698 0.026881 0.316282 0.038209
3 16 8.096 -5.250 2.238 9.439 -5.250 3.581 9.528 -5.250 3.428 0.316367 0.036221 0.327003 0.025667 0.327698 0.026881
3 16 9.439 -5.250 3.581 8.096 -11.280 2.238 9.439 -12.355 3.581 0.954322 0.693330 0.939336 0.645757 0.954319 0.637276
3 16 9.439 -5.250 3.581 8.096 -5.250 2.238 8.096 -11.280 2.238 0.954322 0.693330 0.939338 0.693330 0.939336 0.645757
3 16 13.926 -5.250 3.210 14.908 -5.250 1.986 13.466 -5.250 3.428 0.362388 0.028733 0.370093 0.038416 0.358765 0.027001
3 16 9.833 -5.375 0.978 11.497 -5.375 0.017 9.576 -5.375 0.017 0.425471 0.169885 0.440111 0.173807 0.425471 0.177731
3 16 11.497 -5.375 0.017 13.418 -5.375 0.017 13.161 -5.375 -0.944 0.440111 0.173807 0.454751 0.169884 0.454751 0.177729
3 16 13.161 -5.375 0.978 13.418 -5.375 0.017 11.497 -5.375 0.017 0.450827 0.163090 0.454751 0.169884 0.440111 0.173807
3 16 12.458 -5.375 1.681 13.161 -5.375 0.978 11.497 -5.375 0.017 0.444033 0.159167 0.450827 0.163090 0.440111 0.173807
3 16 11.497 -5.375 1.938 12.458 -5.375 1.681 11.497 -5.375 0.017 0.436187 0.159168 0.444033 0.159167 0.440111 0.173807
3 16 10.536 -5.375 1.681 11.497 -5.375 1.938 11.497 -5.375 0.017 0.429393 0.163091 0.436187 0.159168 0.440111 0.173807
3 16 9.833 -5.375 0.978 10.536 -5.375 1.681 11.497 -5.375 0.017 0.425471 0.169885 0.429393 0.163091 0.440111 0.173807
3 16 9.576 -5.375 0.017 11.497 -5.375 0.017 9.833 -5.375 -0.944 0.425471 0.177731 0.440111 0.173807 0.429394 0.184525
3 16 9.833 -5.375 -0.944 11.497 -5.375 0.017 10.536 -5.375 -1.647 0.429394 0.184525 0.440111 0.173807 0.436189 0.188447
3 16 10.536 -5.375 -1.647 11.497 -5.375 0.017 11.497 -5.375 -1.904 0.436189 0.188447 0.440111 0.173807 0.444034 0.188447
3 16 11.497 -5.375 -1.904 11.497 -5.375 0.017 12.458 -5.375 -1.647 0.444034 0.188447 0.440111 0.173807 0.450829 0.184524
3 16 12.458 -5.375 -1.647 11.497 -5.375 0.017 13.161 -5.375 -0.944 0.450829 0.184524 0.440111 0.173807 0.454751 0.177729
3 16 2.547 0.000 -6.225 31.497 0.000 -9.983 -28.503 0.000 -9.983 0.464468 0.912030 0.692947 0.942416 0.219221 0.940938
3 16 2.547 0.000 -6.225 20.187 0.000 -6.219 31.497 0.000 -9.983 0.464468 0.912030 0.603742 0.912423 0.692947 0.942416
3 16 2.547 -5.250 -6.225 2.547 0.000 -6.225 -7.533 -5.250 -6.228 0.138487 0.726082 0.097069 0.726080 0.138500 0.646565
3 16 -11.914 -5.250 -1.952 -10.472 -5.250 -3.394 -14.253 -5.250 -6.230 0.158388 0.068670 0.169716 0.080086 0.139803 0.102345
3 16 -12.303 -11.281 -1.162 -14.793 -5.250 -1.577 -14.793 -11.281 -1.577 0.182423 0.288265 0.162511 0.335839 0.162509 0.288266
3 16 -12.303 -11.281 -1.162 -12.303 -5.250 -1.162 -14.793 -5.250 -1.577 0.182423 0.288265 0.182425 0.335838 0.162511 0.335839
3 16 -4.939 -13.210 2.075 -6.445 -14.898 3.581 1.696 -16.175 6.267 0.273740 0.154057 0.259890 0.137688 0.321698 0.108447
3 16 -6.927 -17.555 6.267 -24.753 0.000 6.267 1.497 0.000 6.267 0.501331 0.143688 0.639894 0.003100 0.639832 0.210190
3 16 -6.927 -17.555 6.267 -15.551 -18.936 6.267 -24.753 0.000 6.267 0.501331 0.143688 0.490455 0.075639 0.639894 0.003100
3 16 20.187 -5.250 -6.219 20.187 0.000 -6.219 11.826 -5.250 -6.222 0.138503 0.865301 0.097012 0.865294 0.138501 0.799284
3 16 13.926 -5.250 3.210 18.337 -5.250 3.945 14.908 -5.250 1.986 0.362388 0.028733 0.397203 0.023068 0.370093 0.038416
3 16 18.537 -13.479 6.267 1.497 0.000 6.267 18.363 0.000 6.267 0.533435 0.344610 0.639832 0.210190 0.639860 0.343254
3 16 18.537 -13.479 6.267 1.696 -16.175 6.267 1.497 0.000 6.267 0.533435 0.344610 0.512213 0.211721 0.639832 0.210190
3 16 1.497 0.000 6.267 -28.503 0.000 10.017 18.363 0.000 6.267 0.456484 0.813377 0.219715 0.783030 0.589649 0.813792
3 16 20.187 0.000 -6.219 27.747 0.000 -6.217 31.497 0.000 -9.983 0.603742 0.912423 0.663431 0.912591 0.692947 0.942416
3 16 27.747 -5.250 -6.217 20.187 0.000 -6.219 20.187 -5.250 -6.219 0.138464 0.924937 0.097012 0.865294 0.138503 0.865301
3 16 27.747 -5.250 -6.217 27.747 0.000 -6.217 20.187 0.000 -6.219 0.138464 0.924937 0.097041 0.924938 0.097012 0.865294
3 16 20.187 -5.250 -6.219 21.808 -5.250 4.523 27.747 -5.250 -6.217 0.411492 0.103308 0.424604 0.018609 0.471131 0.103519
3 16 20.187 -5.250 -6.219 18.337 -5.250 3.945 21.808 -5.250 4.523 0.411492 0.103308 0.397203 0.023068 0.424604 0.018609
3 16 21.808 -11.280 4.523 18.337 -5.250 3.945 18.337 -11.280 3.945 0.156372 0.842765 0.203935 0.870544 0.156362 0.870527
3 16 21.808 -11.280 4.523 21.808 -5.250 4.523 18.337 -5.250 3.945 0.156372 0.842765 0.203945 0.842783 0.203935 0.870544
3 16 22.747 -5.250 6.267 18.537 -13.479 6.267 18.363 0.000 6.267 0.598383 0.377831 0.533435 0.344610 0.639860 0.343254
3 16 22.747 -5.250 6.267 22.747 -12.805 6.267 18.537 -13.479 6.267 0.598383 0.377831 0.538758 0.377829 0.533435 0.344610
3 16 22.747 -5.250 6.267 27.747 0.000 6.267 27.747 -5.250 6.267 0.598383 0.377831 0.639796 0.417287 0.598379 0.417274
3 16 22.747 -5.250 6.267 18.363 0.000 6.267 27.747 0.000 6.267 0.598383 0.377831 0.639860 0.343254 0.639796 0.417287
3 16 14.908 -5.250 -1.952 15.435 -5.250 0.017 20.187 -5.250 -6.219 0.369974 0.069484 0.374196 0.053966 0.411492 0.103308
3 16 15.435 -5.250 0.017 18.337 -5.250 3.945 20.187 -5.250 -6.219 0.374196 0.053966 0.397203 0.023068 0.411492 0.103308
3 16 15.435 -5.250 0.017 14.908 -5.250 1.986 18.337 -5.250 3.945 0.374196 0.053966 0.370093 0.038416 0.397203 0.023068
3 16 18.337 -11.280 3.945 13.555 -11.697 3.581 18.537 -13.479 6.267 0.457441 0.133609 0.419676 0.137587 0.456243 0.108362
3 16 18.337 -11.280 3.945 13.926 -11.280 3.210 13.555 -11.697 3.581 0.457441 0.133609 0.423090 0.141623 0.419676 0.137587
3 16 13.555 -11.697 3.581 11.497 -12.556 4.133 18.537 -13.479 6.267 0.419676 0.137587 0.402571 0.131603 0.456243 0.108362
3 16 18.537 -13.479 6.267 9.439 -12.355 3.581 1.696 -16.175 6.267 0.456243 0.108362 0.386795 0.137608 0.321698 0.108447
3 16 11.497 -12.556 4.133 9.439 -12.355 3.581 18.537 -13.479 6.267 0.402571 0.131603 0.386795 0.137608 0.456243 0.108362
3 16 8.096 -11.280 2.238 -4.939 -13.210 2.075 9.439 -12.355 3.581 0.377683 0.152216 0.273740 0.154057 0.386795 0.137608
3 16 8.096 -11.280 2.238 -4.423 -11.280 0.152 -4.939 -13.210 2.075 0.377683 0.152216 0.280174 0.174964 0.273740 0.154057
3 16 -10.561 -15.557 3.581 -12.067 -14.351 2.075 -15.551 -18.936 6.267 0.227010 0.137708 0.216790 0.154093 0.183906 0.108533
3 16 -6.445 -14.898 3.581 -6.927 -17.555 6.267 1.696 -16.175 6.267 0.259890 0.137688 0.252802 0.108490 0.321698 0.108447
3 16 -6.445 -14.898 3.581 -8.503 -15.757 4.133 -6.927 -17.555 6.267 0.259890 0.137688 0.242786 0.131703 0.252802 0.108490
3 16 1.696 -16.175 6.267 -6.927 -17.555 6.267 1.497 0.000 6.267 0.512213 0.211721 0.501331 0.143688 0.639832 0.210190
3 16 -6.927 -17.555 6.267 -10.561 -15.557 3.581 -15.551 -18.936 6.267 0.252802 0.108490 0.227010 0.137708 0.183906 0.108533
3 16 -6.927 -17.555 6.267 -8.503 -15.757 4.133 -10.561 -15.557 3.581 0.252802 0.108490 0.242786 0.131703 0.227010 0.137708
3 16 -12.303 -11.281 -1.162 -14.793 -11.281 -1.577 -12.618 -12.463 0.017 0.218807 0.189281 0.199413 0.193805 0.214864 0.176468
3 16 -12.067 -14.351 2.075 -14.793 -11.281 -1.577 -15.551 -18.936 6.267 0.216790 0.154093 0.199413 0.193805 0.183906 0.108533
3 16 -12.067 -14.351 2.075 -12.618 -12.463 0.017 -14.793 -11.281 -1.577 0.216790 0.154093 0.214864 0.176468 0.199413 0.193805
3 16 -14.793 -5.250 -1.577 -11.914 -5.250 -1.952 -14.253 -5.250 -6.230 0.135686 0.065621 0.158388 0.068670 0.139803 0.102345
3 16 -14.793 -5.250 -1.577 -12.303 -5.250 -1.162 -11.914 -5.250 -1.952 0.135686 0.065621 0.155342 0.062423 0.158388 0.068670
3 16 7.559 -5.250 0.017 2.547 -5.250 -6.225 -6.534 -5.250 -3.394 0.312060 0.053727 0.272334 0.102815 0.200783 0.080205
3 16 7.559 -5.250 0.017 8.086 -5.250 -1.952 2.547 -5.250 -6.225 0.312060 0.053727 0.316163 0.069277 0.272334 0.102815
3 16 -10.472 -5.250 -3.394 -7.533 -5.250 -6.228 -14.253 -5.250 -6.230 0.169716 0.080086 0.192815 0.102533 0.139803 0.102345
3 16 -10.472 -5.250 -3.394 -8.503 -5.250 -3.921 -7.533 -5.250 -6.228 0.169716 0.080086 0.185233 0.084308 0.192815 0.102533
3 16 -7.533 -5.250 -6.228 -14.253 0.000 -6.230 -14.253 -5.250 -6.230 0.138500 0.646565 0.097041 0.593511 0.138557 0.593509
3 16 -7.533 -5.250 -6.228 2.547 0.000 -6.225 -14.253 0.000 -6.230 0.138500 0.646565 0.097069 0.726080 0.097041 0.593511
3 16 -7.533 -5.250 -6.228 -6.534 -5.250 -3.394 2.547 -5.250 -6.225 0.192815 0.102533 0.200783 0.080205 0.272334 0.102815
3 16 -7.533 -5.250 -6.228 -8.503 -5.250 -3.921 -6.534 -5.250 -3.394 0.192815 0.102533 0.185233 0.084308 0.200783 0.080205
3 16 13.466 -5.250 -3.394 11.826 -5.250 -6.222 11.497 -5.250 -3.921 0.358558 0.080812 0.345530 0.103074 0.343009 0.084914
3 16 13.466 -5.250 -3.394 20.187 -5.250 -6.219 11.826 -5.250 -6.222 0.358558 0.080812 0.411492 0.103308 0.345530 0.103074
3 16 13.466 -5.250 -3.394 14.908 -5.250 -1.952 20.187 -5.250 -6.219 0.358558 0.080812 0.369974 0.069484 0.411492 0.103308
3 16 8.086 -5.250 -1.952 9.528 -5.250 -3.394 2.547 -5.250 -6.225 0.316163 0.069277 0.327491 0.080692 0.272334 0.102815
3 16 9.528 -5.250 -3.394 11.826 -5.250 -6.222 2.547 -5.250 -6.225 0.327491 0.080692 0.345530 0.103074 0.272334 0.102815
3 16 9.528 -5.250 -3.394 11.497 -5.250 -3.921 11.826 -5.250 -6.222 0.327491 0.080692 0.343009 0.084914 0.345530 0.103074
3 16 11.826 -5.250 -6.222 2.547 0.000 -6.225 2.547 -5.250 -6.225 0.138501 0.799284 0.097069 0.726080 0.138487 0.726082
3 16 11.826 -5.250 -6.222 20.187 0.000 -6.219 2.547 0.000 -6.225 0.138501 0.799284 0.097012 0.865294 0.097069 0.726080
3 16 -14.253 0.000 -6.230 2.547 0.000 -6.225 -28.503 0.000 -9.983 0.331824 0.911657 0.464468 0.912030 0.219221 0.940938
3 16 -10.167 -12.996 0.978 -8.503 -11.805 0.016 -10.424 -12.121 0.017 0.219815 0.323425 0.230555 0.337665 0.215887 0.333110
3 16 -8.503 -11.805 0.016 -6.582 -11.503 0.017 -6.839 -10.618 -0.944 0.230555 0.337665 0.245234 0.342131 0.241302 0.351870
3 16 -6.839 -12.465 0.978 -6.582 -11.503 0.017 -8.503 -11.805 0.016 0.245231 0.331220 0.245234 0.342131 0.230555 0.337665
3 16 -7.542 -13.251 1.681 -6.839 -12.465 0.978 -8.503 -11.805 0.016 0.241298 0.322021 0.245231 0.331220 0.230555 0.337665
3 16 -8.503 -13.649 1.938 -7.542 -13.251 1.681 -8.503 -11.805 0.016 0.234487 0.317020 0.241298 0.322021 0.230555 0.337665
3 16 -9.464 -13.554 1.681 -8.503 -13.649 1.938 -8.503 -11.805 0.016 0.226622 0.317547 0.234487 0.317020 0.230555 0.337665
3 16 -10.167 -12.996 0.978 -9.464 -13.554 1.681 -8.503 -11.805 0.016 0.219815 0.323425 0.226622 0.317547 0.230555 0.337665
3 16 -10.424 -12.121 0.017 -8.503 -11.805 0.016 -10.167 -11.152 -0.944 0.215887 0.333110 0.230555 0.337665 0.215886 0.344063
3 16 -10.167 -11.152 -0.944 -8.503 -11.805 0.016 -9.464 -10.353 -1.647 0.215886 0.344063 0.230555 0.337665 0.219815 0.353330
3 16 -9.464 -10.353 -1.647 -8.503 -11.805 0.016 -8.503 -9.959 -1.904 0.219815 0.353330 0.230555 0.337665 0.226628 0.358309
3 16 -8.503 -9.959 -1.904 -8.503 -11.805 0.016 -7.542 -10.052 -1.647 0.226628 0.358309 0.230555 0.337665 0.234491 0.357794
3 16 -7.542 -10.052 -1.647 -8.503 -11.805 0.016 -6.839 -10.618 -0.944 0.234491 0.357794 0.230555 0.337665 0.241302 0.351870
3 16 21.808 -11.280 4.523 22.481 -5.250 4.906 21.808 -5.250 4.523 0.156372 0.842765 0.203947 0.836678 0.203945 0.842783
3 16 21.808 -11.280 4.523 22.479 -11.542 4.907 22.481 -5.250 4.906 0.156372 0.842765 0.154312 0.836667 0.203947 0.836678
3 16 22.479 -11.542 4.907 22.747 -5.250 5.632 22.481 -5.250 4.906 0.154312 0.836667 0.203948 0.830572 0.203947 0.836678
3 16 22.479 -11.542 4.907 22.747 -12.195 5.632 22.747 -5.250 5.632 0.154312 0.836667 0.149160 0.830570 0.203948 0.830572
3 16 22.481 -5.250 4.906 22.747 -5.250 5.632 27.747 -5.250 -6.217 0.429924 0.015615 0.432047 0.009892 0.471131 0.103519
3 16 21.808 -5.250 4.523 22.481 -5.250 4.906 27.747 -5.250 -6.217 0.424604 0.018609 0.429924 0.015615 0.471131 0.103519
3 16 21.808 -11.280 4.523 18.537 -13.479 6.267 22.479 -11.542 4.907 0.484476 0.127302 0.456243 0.108362 0.489373 0.123125
3 16 18.337 -11.280 3.945 18.537 -13.479 6.267 21.808 -11.280 4.523 0.457441 0.133609 0.456243 0.108362 0.484476 0.127302
3 16 47.965 -15.376 8.685 48.398 -14.489 10.017 47.910 -15.440 10.017 0.282025 0.867933 0.289109 0.878429 0.281397 0.878447
3 16 47.965 -15.376 8.685 48.398 -14.489 7.936 48.398 -14.489 10.017 0.282025 0.867933 0.289072 0.862012 0.289109 0.878429
3 16 46.392 -16.261 9.446 47.236 -15.947 10.017 46.392 -16.261 10.017 0.267013 0.874026 0.274157 0.878469 0.267050 0.878527
3 16 46.392 -16.261 9.446 47.236 -15.959 9.270 47.236 -15.947 10.017 0.267013 0.874026 0.274076 0.872574 0.274157 0.878469
3 16 47.236 -15.959 9.270 46.291 -15.610 8.746 47.965 -15.376 8.685 0.654292 0.759232 0.659916 0.752324 0.660138 0.765588
3 16 47.236 -15.959 9.270 46.392 -16.261 9.446 46.291 -15.610 8.746 0.654292 0.759232 0.652375 0.752334 0.659916 0.752324
3 16 47.965 -15.376 8.685 46.291 -15.610 8.746 48.398 -14.489 7.936 0.660138 0.765588 0.659916 0.752324 0.668795 0.769976
3 16 -48.503 -14.907 -8.218 -48.503 -13.262 -9.983 -45.503 -12.790 -9.983 0.837027 0.018230 0.855846 0.020165 0.855934 0.043979
3 16 48.497 0.000 10.017 46.728 -13.659 10.017 48.497 -13.792 10.017 0.995117 0.005429 0.887355 0.019246 0.886323 0.005294
3 16 35.691 0.000 10.017 46.728 -13.659 10.017 48.497 0.000 10.017 0.994992 0.106441 0.887355 0.019246 0.995117 0.005429
3 16 18.537 -13.479 6.267 22.747 -12.195 5.632 22.479 -11.542 4.907 0.456243 0.108362 0.490644 0.115244 0.489373 0.123125
3 16 18.537 -13.479 6.267 22.747 -12.805 6.267 22.747 -12.195 5.632 0.456243 0.108362 0.489879 0.108341 0.490644 0.115244
3 16 9.439 -12.355 3.581 -4.939 -13.210 2.075 1.696 -16.175 6.267 0.386795 0.137608 0.273740 0.154057 0.321698 0.108447
3 16 8.086 -5.250 1.986 -4.423 -5.250 0.152 8.096 -5.250 2.238 0.316282 0.038209 0.217539 0.052302 0.316367 0.036221
3 16 8.086 -5.250 1.986 -5.092 -5.250 -1.952 -4.423 -5.250 0.152 0.316282 0.038209 0.212199 0.068877 0.217539 0.052302
3 16 7.559 -5.250 0.017 -5.092 -5.250 -1.952 8.086 -5.250 1.986 0.312060 0.053727 0.212199 0.068877 0.316282 0.038209
3 16 7.559 -5.250 0.017 -6.534 -5.250 -3.394 -5.092 -5.250 -1.952 0.312060 0.053727 0.200783 0.080205 0.212199 0.068877
3 16 44.385 0.000 6.851 46.458 -0.441 4.978 44.259 -0.237 6.194 0.795227 0.809728 0.811360 0.825248 0.794178 0.815192
3 16 44.385 0.000 6.851 47.195 0.000 5.715 46.458 -0.441 4.978 0.795227 0.809728 0.817458 0.818790 0.811360 0.825248
3 16 44.192 -1.483 5.831 46.458 -0.441 4.978 46.152 -1.483 4.672 0.894672 0.806510 0.914585 0.798170 0.913606 0.807098
3 16 44.192 -1.483 5.831 44.259 -0.237 6.194 46.458 -0.441 4.978 0.894672 0.806510 0.894199 0.796736 0.914585 0.798170
3 16 48.497 0.000 7.017 47.497 -8.000 6.017 47.195 0.000 5.715 0.640106 0.484091 0.628931 0.547368 0.625538 0.484163
3 16 44.180 -5.052 5.598 45.035 -5.250 3.555 43.514 -5.187 4.843 0.635041 0.748010 0.619158 0.755006 0.629237 0.742856
3 16 44.180 -5.052 5.598 45.725 -4.845 4.245 45.035 -5.250 3.555 0.635041 0.748010 0.625100 0.760893 0.619158 0.755006
3 16 44.192 -4.163 5.831 45.725 -4.845 4.245 44.180 -5.052 5.598 0.894729 0.828205 0.912343 0.834942 0.895483 0.835603
3 16 44.192 -4.163 5.831 46.011 -3.869 4.531 45.725 -4.845 4.245 0.894729 0.828205 0.912890 0.826332 0.912343 0.834942
3 16 47.497 -8.000 6.017 45.725 -4.845 4.245 46.011 -3.869 4.531 0.628931 0.547368 0.609109 0.522420 0.612306 0.514694
3 16 45.035 -5.250 3.555 45.725 -4.845 4.245 47.497 -8.000 6.017 0.601387 0.525622 0.609109 0.522420 0.628931 0.547368
3 16 47.497 -8.000 6.017 46.011 -3.869 4.531 46.152 -1.483 4.672 0.628931 0.547368 0.612306 0.514694 0.613883 0.495827
3 16 47.497 -8.000 6.017 46.458 -0.441 4.978 47.195 0.000 5.715 0.628931 0.547368 0.617296 0.487580 0.625538 0.484163
3 16 46.458 -0.441 4.978 47.497 -8.000 6.017 46.152 -1.483 4.672 0.617296 0.487580 0.628931 0.547368 0.613883 0.495827
3 16 29.960 -5.250 6.267 40.241 0.000 6.267 40.241 -5.250 6.267 0.870945 0.870928 0.789845 0.912357 0.789838 0.870941
3 16 29.960 -5.250 6.267 29.960 0.000 6.267 40.241 0.000 6.267 0.870945 0.870928 0.870952 0.912344 0.789845 0.912357
3 16 46.011 -3.869 4.531 44.192 -1.483 5.831 46.152 -1.483 4.672 0.912890 0.826332 0.894672 0.806510 0.913606 0.807098
3 16 46.011 -3.869 4.531 44.192 -4.163 5.831 44.192 -1.483 5.831 0.912890 0.826332 0.894729 0.828205 0.894672 0.806510
3 16 44.180 -5.052 5.598 41.767 -4.443 6.452 44.192 -4.163 5.831 0.895483 0.835603 0.874690 0.830811 0.894729 0.828205
3 16 44.180 -5.052 5.598 41.752 -5.268 6.307 41.767 -4.443 6.452 0.895483 0.835603 0.874876 0.837563 0.874690 0.830811
3 16 43.514 -5.187 4.843 41.752 -5.268 6.307 44.180 -5.052 5.598 0.629237 0.742856 0.640684 0.728788 0.635041 0.748010
3 16 43.514 -5.187 4.843 41.769 -5.250 5.736 41.752 -5.268 6.307 0.629237 0.742856 0.636165 0.728971 0.640684 0.728788
3 16 44.385 0.000 6.851 41.775 -0.262 6.663 41.818 0.000 7.199 0.795227 0.809728 0.774565 0.811625 0.774908 0.806935
3 16 44.385 0.000 6.851 44.259 -0.237 6.194 41.775 -0.262 6.663 0.795227 0.809728 0.794178 0.815192 0.774565 0.811625
3 16 44.259 -0.237 6.194 41.761 -1.089 6.449 41.775 -0.262 6.663 0.894199 0.796736 0.873898 0.803592 0.873698 0.796648
3 16 44.259 -0.237 6.194 44.192 -1.483 5.831 41.761 -1.089 6.449 0.894199 0.796736 0.894672 0.806510 0.873898 0.803592
3 16 35.168 -5.250 -1.009 40.241 -5.250 6.267 41.769 -5.250 5.736 0.582213 0.677257 0.640242 0.716824 0.636165 0.728971
3 16 35.168 -5.250 -1.009 41.769 -5.250 5.736 43.514 -5.187 4.843 0.582213 0.677257 0.636165 0.728971 0.629237 0.742856
3 16 48.497 0.000 10.017 44.385 0.000 6.851 41.818 0.000 7.199 0.827676 0.784891 0.795227 0.809728 0.774908 0.806935
3 16 40.241 -5.250 6.267 41.761 -1.089 6.449 41.767 -4.443 6.452 0.862631 0.837892 0.873898 0.803592 0.874690 0.830811
3 16 40.241 -5.250 6.267 40.241 0.000 6.267 41.761 -1.089 6.449 0.862631 0.837892 0.860852 0.795495 0.873898 0.803592
3 16 44.192 -1.483 5.831 41.767 -4.443 6.452 41.761 -1.089 6.449 0.894672 0.806510 0.874690 0.830811 0.873898 0.803592
3 16 44.192 -1.483 5.831 44.192 -4.163 5.831 41.767 -4.443 6.452 0.894672 0.806510 0.894729 0.828205 0.874690 0.830811
3 16 40.241 -5.250 6.267 41.752 -5.268 6.307 41.769 -5.250 5.736 0.640242 0.716824 0.640684 0.728788 0.636165 0.728971
3 16 40.241 -5.250 6.267 41.767 -4.443 6.452 41.752 -5.268 6.307 0.862631 0.837892 0.874690 0.830811 0.874876 0.837563
3 16 40.241 0.000 6.267 41.775 -0.262 6.663 41.761 -1.089 6.449 0.860852 0.795495 0.873698 0.796648 0.873898 0.803592
3 16 40.241 0.000 6.267 41.818 0.000 7.199 41.775 -0.262 6.663 0.762332 0.814350 0.774908 0.806935 0.774565 0.811625
3 16 18.363 0.000 6.267 35.691 0.000 10.017 27.747 0.000 6.267 0.589649 0.813792 0.726565 0.784607 0.663737 0.814023
3 16 18.363 0.000 6.267 -28.503 0.000 10.017 35.691 0.000 10.017 0.589649 0.813792 0.219715 0.783030 0.726565 0.784607
3 16 35.691 0.000 10.017 29.960 0.000 6.267 27.747 0.000 6.267 0.726565 0.784607 0.681201 0.814074 0.663737 0.814023
3 16 35.691 0.000 10.017 48.497 0.000 10.017 41.818 0.000 7.199 0.726565 0.784607 0.827676 0.784891 0.774908 0.806935
3 16 -48.503 -27.697 5.537 48.398 -14.489 7.936 -48.426 -29.433 7.176 0.690512 0.003180 0.668795 0.769976 0.671841 0.001727
3 16 -48.426 -29.433 7.176 -48.503 -27.765 10.017 -48.503 -27.697 5.537 0.495526 0.301210 0.483338 0.323834 0.481512 0.288940
3 16 -48.426 -29.433 7.176 -48.426 -29.433 10.017 -48.503 -27.765 10.017 0.495526 0.301210 0.496347 0.323352 0.483338 0.323834
3 16 -48.503 -27.765 10.017 -48.426 -29.433 10.017 -28.503 -8.000 10.017 0.775152 0.770302 0.762001 0.769677 0.931259 0.612733
3 16 48.503 -13.626 6.983 -45.497 -12.826 -10.017 47.503 -12.826 5.983 0.960578 0.021363 0.021851 -0.026307 0.950592 -0.026307
3 16 48.503 -13.626 6.983 -48.497 -14.943 -8.252 -45.497 -12.826 -10.017 0.960578 0.021363 -0.008109 0.099200 0.021851 -0.026307
3 16 48.403 -14.524 7.901 -48.497 -14.943 -8.252 48.503 -13.626 6.983 0.959589 0.074880 -0.008109 0.099200 0.960578 0.021363
3 16 -48.497 -27.732 5.502 -48.497 -14.943 -8.252 48.403 -14.524 7.901 -0.008109 0.861508 -0.008109 0.099200 0.959589 0.074880
3 16 -48.420 -29.468 7.142 46.296 -15.646 8.712 -47.329 -30.618 8.666 -0.007245 0.952077 0.921822 0.142411 0.003558 1.033284
3 16 -48.420 -29.468 7.142 48.403 -14.524 7.901 46.296 -15.646 8.712 -0.007245 0.952077 0.959589 0.074880 0.921822 0.142411
3 16 46.296 -15.646 8.712 -45.603 -30.998 9.384 -47.329 -30.618 8.666 0.921822 0.142411 0.020797 1.055917 0.003558 1.033284
3 16 46.296 -15.646 8.712 46.397 -16.297 9.412 -45.603 -30.998 9.384 0.921822 0.142411 0.939552 0.180407 0.020797 1.055917
3 16 47.241 -15.996 9.236 46.296 -15.646 8.712 47.969 -15.411 8.650 0.947985 0.162416 0.921822 0.142411 0.955266 0.127677
3 16 47.241 -15.996 9.236 46.397 -16.297 9.412 46.296 -15.646 8.712 0.947985 0.162416 0.939552 0.180407 0.921822 0.142411
3 16 47.969 -15.411 8.650 46.296 -15.646 8.712 48.403 -14.524 7.901 0.955266 0.127677 0.921822 0.142411 0.959589 0.074880
3 16 -48.497 -14.943 -8.252 -48.497 -13.298 -10.017 -45.497 -12.826 -10.017 -0.008109 0.099200 -0.008109 0.001808 0.021851 -0.026307
3 16 -48.497 -27.732 5.502 48.403 -14.524 7.901 -48.420 -29.468 7.142 -0.008109 0.861508 0.959589 0.074880 -0.007245 0.952077
2 24 47.497 -8.000 6.017 -45.503 -8.000 -9.983
2 24 -28.503 -8.000 -9.983 -28.503 -8.000 -3.862
2 24 -28.503 -8.000 6.267 -28.503 -8.000 10.017
2 24 -33.403 -12.117 -3.807 -34.374 -11.281 -4.840
2 24 31.497 -8.000 -9.983 -28.503 -8.000 -9.983
2 24 -45.503 -8.000 -9.983 -48.503 -8.000 -9.983
2 24 -9.464 -10.353 -1.647 -10.167 -11.152 -0.944
2 24 13.926 -11.280 3.210 13.555 -11.697 3.581
2 24 -4.939 -13.210 2.075 -6.445 -14.898 3.581
2 24 36.401 -0.441 -5.079 33.745 -0.441 -2.432
2 24 10.536 -0.375 -1.647 9.833 -0.375 -0.944
2 24 9.528 -0.375 -3.394 8.086 -0.375 -1.952
2 24 13.161 -0.375 0.978 12.458 -0.375 1.681
2 24 14.908 -0.375 1.986 13.466 -0.375 3.428
2 24 -9.464 -0.375 -1.647 -10.167 -0.375 -0.944
2 24 -10.472 -0.375 -3.394 -11.914 -0.375 -1.952
2 24 -6.839 -0.375 0.978 -7.542 -0.375 1.681
2 24 -5.092 -0.375 1.986 -6.534 -0.375 3.428
2 24 -28.376 -8.071 -1.233 -32.253 -8.071 -1.233
2 24 -37.247 -13.250 -6.233 -39.759 -13.250 -6.233
2 24 -44.753 -11.604 -6.233 -44.753 -23.611 6.267
2 24 11.497 -0.375 -3.921 9.528 -0.375 -3.394
2 24 -7.542 -0.375 1.681 -8.503 -0.375 1.938
2 24 -28.376 -8.071 1.267 -32.253 -8.071 1.267
2 24 -39.759 -13.250 -6.233 -40.833 -13.250 -5.917
2 24 -6.534 -0.375 3.428 -8.503 -0.375 3.955
2 24 -32.253 -8.071 -1.233 -32.253 -8.071 1.267
2 24 -37.247 -8.000 -6.233 -39.759 -8.000 -6.233
2 24 -42.731 -8.000 -6.233 -44.753 -8.000 -6.233
2 24 -28.503 -8.000 -3.862 -34.374 -8.000 -4.840
2 24 -40.833 -8.000 -5.917 -42.731 -8.000 -6.233
2 24 -34.374 -8.000 -4.840 -35.780 -8.000 -5.747
2 24 21.808 -5.250 4.523 13.926 -5.250 3.210
2 24 8.096 -5.250 2.238 -4.423 -5.250 0.152
2 24 -12.303 -5.250 -1.162 -24.753 -5.250 -3.237
2 24 27.747 -5.250 -6.217 -24.753 -5.250 -6.233
2 24 -6.839 -12.465 0.978 -7.542 -13.251 1.681
2 24 -32.253 -8.071 -1.233 -32.253 -14.767 -1.233
2 24 -24.753 0.000 6.267 -24.753 -20.409 6.267
2 24 -8.503 -0.375 1.938 -9.464 -0.375 1.681
2 24 -32.253 -8.071 1.267 -32.253 -16.843 1.267
2 24 -32.647 -13.250 -2.502 -33.403 -12.117 -3.807
2 24 -8.503 -0.375 3.955 -10.472 -0.375 3.428
2 24 -7.542 -10.052 -1.647 -8.503 -9.959 -1.904
2 24 -48.503 -8.000 -9.983 -48.503 -8.000 10.017
2 24 -28.503 -8.000 10.017 -48.503 -8.000 10.017
2 24 -7.542 -13.251 1.681 -8.503 -13.649 1.938
2 24 44.259 -0.237 6.194 41.775 -0.262 6.663
2 24 -24.753 -5.250 -6.233 -24.753 -5.250 -3.237
2 24 -6.534 -5.250 -3.394 -8.503 -5.250 -3.921
2 24 11.497 -0.375 3.955 9.528 -0.375 3.428
2 24 -7.542 -0.375 -1.647 -8.503 -0.375 -1.904
2 24 11.497 -5.250 3.955 9.528 -5.250 3.428
2 24 11.497 -5.250 4.133 9.439 -5.250 3.581
2 24 11.497 -5.375 -1.904 10.536 -5.375 -1.647
2 24 -6.534 -5.250 3.428 -8.503 -5.250 3.955
2 24 -6.445 -5.250 3.581 -8.503 -5.250 4.133
2 24 47.965 -15.376 8.685 47.236 -15.959 9.270
2 24 45.725 -4.845 4.245 44.180 -5.052 5.598
2 24 11.497 -0.375 -1.904 10.536 -0.375 -1.647
2 24 -8.503 -5.250 -3.921 -10.472 -5.250 -3.394
2 24 -8.503 -15.757 4.133 -10.561 -15.557 3.581
2 24 41.752 -5.268 6.307 40.241 -5.250 6.267
2 24 -48.420 -29.468 7.142 -48.497 -27.732 5.502
2 24 -44.753 -8.000 -6.233 -44.753 -8.000 6.267
2 24 -28.503 -8.000 6.267 -44.753 -8.000 6.267
2 24 -8.503 -9.959 -1.904 -9.464 -10.353 -1.647
2 24 27.747 0.000 -6.217 -24.753 0.000 -6.233
2 24 -28.503 -8.000 6.267 -28.503 -21.009 6.267
2 24 21.808 -11.280 4.523 13.926 -11.280 3.210
2 24 8.096 -11.280 2.238 -4.423 -11.280 0.152
2 24 -12.303 -11.281 -1.162 -24.753 -11.281 -3.237
2 24 -28.503 -11.281 -3.862 -34.374 -11.281 -4.840
2 24 -40.833 -11.281 -5.917 -42.731 -11.281 -6.233
2 24 -35.780 -13.250 -5.747 -37.247 -13.250 -6.233
2 24 37.134 -4.845 -4.347 34.477 -4.845 -1.699
2 24 -8.503 -0.375 -1.904 -9.464 -0.375 -1.647
2 24 -40.833 -11.281 -5.917 -42.232 -12.238 -5.153
2 24 -44.753 -8.000 -6.233 -44.753 -11.604 -6.233
2 24 -28.503 0.000 10.017 -28.503 -8.000 10.017
2 24 -48.503 -8.000 -9.983 -48.503 -13.262 -9.983
2 24 -45.497 -12.826 -10.017 -48.497 -13.298 -10.017
2 24 -8.503 -5.250 3.955 -10.472 -5.250 3.428
2 24 -8.503 -5.250 4.133 -10.561 -5.250 3.581
2 24 -42.232 -12.238 -5.153 -43.226 -13.250 -4.265
2 24 -35.780 -8.000 -5.747 -37.247 -8.000 -6.233
2 24 40.241 0.000 6.267 29.960 0.000 6.267
2 24 27.747 0.000 6.267 -24.753 0.000 6.267
2 24 10.536 -5.375 -1.647 9.833 -5.375 -0.944
2 24 13.161 -5.375 0.978 12.458 -5.375 1.681
2 24 9.528 -5.250 -3.394 8.086 -5.250 -1.952
2 24 14.908 -5.250 1.986 13.466 -5.250 3.428
2 24 -10.472 -5.250 -3.394 -11.914 -5.250 -1.952
2 24 -5.092 -5.250 1.986 -6.534 -5.250 3.428
2 24 13.926 -5.250 3.210 13.555 -5.250 3.581
2 24 -4.939 -5.250 2.075 -6.445 -5.250 3.581
2 24 -39.759 -8.000 -6.233 -40.833 -8.000 -5.917
2 24 -34.374 -13.250 -4.840 -35.780 -13.250 -5.747
2 24 -8.503 -13.649 1.938 -9.464 -13.554 1.681
2 24 -33.403 -13.250 -3.807 -34.374 -13.250 -4.840
2 24 -8.503 -0.375 -3.921 -10.472 -0.375 -3.394
2 24 -42.731 -11.281 -6.233 -44.753 -11.604 -6.233
2 24 47.503 -12.826 5.983 -45.503 -12.790 -9.983
2 24 -42.232 -13.250 -5.153 -43.226 -13.250 -4.265
2 24 11.497 -5.375 1.938 10.536 -5.375 1.681
2 24 -40.833 -13.250 -5.917 -42.232 -13.250 -5.153
2 24 -48.497 -13.298 -10.017 -48.497 -27.732 5.502
2 24 40.241 -5.250 6.267 29.960 -5.250 6.267
2 24 27.747 -5.250 6.267 22.747 -5.250 6.267
2 24 12.458 -0.375 1.681 11.497 -0.375 1.938
2 24 13.466 -5.250 -3.394 11.497 -5.250 -3.921
2 24 -28.503 0.000 -9.983 -28.503 -8.000 -9.983
2 24 -24.753 0.000 -6.233 -24.753 -5.250 -6.233
2 24 -10.561 -5.250 3.581 -12.067 -5.250 2.075
2 24 11.497 -5.250 -3.921 9.528 -5.250 -3.394
2 24 -44.753 -8.000 6.267 -44.753 -23.611 6.267
2 24 13.466 -0.375 3.428 11.497 -0.375 3.955
2 24 12.458 -5.375 1.681 11.497 -5.375 1.938
2 24 46.458 -0.441 4.978 44.259 -0.237 6.194
2 24 -32.647 -13.250 -2.502 -33.403 -13.250 -3.807
2 24 -24.753 0.000 -6.233 -24.753 0.000 6.267
2 24 -28.503 -8.000 -3.862 -28.503 -11.281 -3.862
2 24 -6.534 -0.375 -3.394 -8.503 -0.375 -3.921
2 24 -48.503 -8.000 10.017 -48.503 -27.765 10.017
2 24 -48.426 -29.433 10.017 -48.503 -27.765 10.017
2 24 13.466 -5.250 3.428 11.497 -5.250 3.955
2 24 13.555 -5.250 3.581 11.497 -5.250 4.133
2 24 22.747 -12.805 6.267 -24.753 -20.409 6.267
2 24 -28.503 -21.009 6.267 -44.753 -23.611 6.267
2 24 -28.503 0.000 -9.983 -28.503 0.000 10.017
2 24 31.497 0.000 -9.983 -28.503 0.000 -9.983
2 24 -6.582 -0.375 0.017 -6.839 -0.375 0.978
2 24 -10.167 -11.152 -0.944 -10.424 -12.121 0.017
2 24 -12.303 -5.250 -1.162 -12.618 -5.250 0.017
2 24 31.497 0.000 -9.983 31.497 -8.000 -9.983
2 24 48.497 0.000 7.017 48.497 -13.590 7.017
2 24 48.497 0.000 10.017 -28.503 0.000 10.017
2 24 -28.503 -11.281 -3.862 -28.503 -21.009 6.267
2 24 -47.335 -30.581 10.017 -48.426 -29.433 10.017
2 24 -45.608 -30.961 9.418 -47.329 -30.618 8.666
2 24 -45.608 -30.961 10.017 -47.335 -30.581 10.017
2 24 48.503 -13.626 6.983 47.503 -12.826 5.983
2 24 36.706 -1.483 -4.774 36.401 -0.441 -5.079
2 24 37.134 -4.845 -4.347 36.848 -3.869 -4.633
2 24 48.497 -13.590 7.017 48.398 -14.489 7.936
2 24 -24.753 -11.281 -3.237 -24.753 -20.409 6.267
2 24 12.458 -5.375 -1.647 11.497 -5.375 -1.904
2 24 11.497 -0.375 1.938 10.536 -0.375 1.681
2 24 -24.753 -5.250 -3.237 -24.753 -11.281 -3.237
2 24 -11.914 -0.375 -1.952 -12.441 -0.375 0.017
2 24 -4.565 -5.250 0.017 -5.092 -5.250 1.986
2 24 -10.472 -0.375 3.428 -11.914 -0.375 1.986
2 24 -47.335 -30.581 8.699 -48.426 -29.433 7.176
2 24 46.291 -15.610 8.746 -45.603 -30.998 9.384
2 24 47.236 -15.959 9.270 46.392 -16.261 9.446
2 24 -6.839 -0.375 -0.944 -7.542 -0.375 -1.647
2 24 33.008 -0.009 -3.169 29.960 0.000 -6.217
2 24 45.035 -5.250 3.555 37.824 -5.250 -3.656
2 24 35.664 -0.009 -5.817 31.497 0.000 -9.983
2 24 34.191 -3.869 -1.985 34.050 -1.483 -2.127
2 24 48.497 0.000 7.017 47.195 0.000 5.715
2 24 22.481 -5.250 4.906 21.808 -5.250 4.523
2 24 47.195 0.000 5.715 46.458 -0.441 4.978
2 24 46.458 -0.441 4.978 46.152 -1.483 4.672
2 24 46.011 -3.869 4.531 45.725 -4.845 4.245
2 24 36.401 -0.441 -5.079 35.664 -0.009 -5.817
2 24 22.747 -5.250 6.267 22.747 -12.805 6.267
2 24 -10.167 -0.375 -0.944 -10.424 -0.375 0.017
2 24 -12.303 -11.281 -1.162 -12.618 -12.463 0.017
2 24 33.745 -0.441 -2.432 33.008 -0.009 -3.169
2 24 34.477 -4.845 -1.699 34.191 -3.869 -1.985
2 24 34.050 -1.483 -2.127 33.745 -0.441 -2.432
2 24 22.747 -5.250 5.632 22.747 -5.250 6.267
2 24 14.908 -0.375 -1.952 13.466 -0.375 -3.394
2 24 36.848 -3.869 -4.633 36.706 -1.483 -4.774
2 24 35.168 -5.250 -1.009 29.960 -5.250 -6.217
2 24 -4.423 -5.250 0.152 -4.423 -11.280 0.152
2 24 -10.167 -12.996 0.978 -10.424 -12.121 0.017
2 24 -10.167 -0.375 0.978 -10.424 -0.375 0.017
2 24 29.960 -5.250 -6.217 29.960 -5.250 6.267
2 24 13.418 -0.375 0.017 13.161 -0.375 -0.944
2 24 37.824 -5.250 -3.656 37.134 -4.845 -4.347
2 24 10.536 -0.375 1.681 9.833 -0.375 0.978
2 24 13.161 -5.375 -0.944 12.458 -5.375 -1.647
2 24 35.168 -5.250 -1.009 34.477 -4.845 -1.699
2 24 9.528 -0.375 3.428 8.086 -0.375 1.986
2 24 47.497 -8.000 6.017 31.497 -8.000 -9.983
2 24 48.497 0.000 7.017 48.497 0.000 10.017
2 24 -6.445 -14.898 3.581 -8.503 -15.757 4.133
2 24 48.497 -13.792 10.017 48.398 -14.489 10.017
2 24 -4.423 -11.280 0.152 -4.939 -13.210 2.075
2 24 48.398 -14.489 10.017 47.910 -15.440 10.017
2 24 8.086 -5.250 -1.952 7.559 -5.250 0.017
2 24 15.435 -0.375 0.017 14.908 -0.375 -1.952
2 24 47.236 -15.947 10.017 46.392 -16.261 10.017
2 24 47.910 -15.440 10.017 47.236 -15.947 10.017
2 24 27.747 0.000 -6.217 27.747 -5.250 -6.217
2 24 29.960 0.000 -6.217 29.960 -5.250 -6.217
2 24 46.152 -1.483 4.672 46.011 -3.869 4.531
2 24 -4.565 -0.375 0.017 -5.092 -0.375 -1.952
2 24 29.960 0.000 -6.217 29.960 0.000 6.267
2 24 27.747 0.000 -6.217 27.747 0.000 6.267
2 24 8.086 -5.250 1.986 7.559 -5.250 0.017
2 24 14.908 -5.250 -1.952 13.466 -5.250 -3.394
2 24 27.747 0.000 6.267 27.747 -5.250 6.267
2 24 27.747 -5.250 -6.217 27.747 -5.250 6.267
2 24 22.747 -12.195 5.632 22.747 -12.805 6.267
2 24 13.926 -5.250 3.210 13.926 -11.280 3.210
2 24 13.161 -0.375 -0.944 12.458 -0.375 -1.647
2 24 9.833 -5.375 0.978 9.576 -5.375 0.017
2 24 29.960 0.000 6.267 29.960 -5.250 6.267
2 24 8.086 -0.375 1.986 7.559 -0.375 0.017
2 24 15.435 -5.250 0.017 14.908 -5.250 -1.952
2 24 45.725 -4.845 4.245 45.035 -5.250 3.555
2 24 48.497 0.000 10.017 48.497 -13.792 10.017
2 24 22.479 -11.542 4.907 21.808 -11.280 4.523
2 24 12.458 -0.375 -1.647 11.497 -0.375 -1.904
2 24 -4.423 -5.250 0.152 -4.939 -5.250 2.075
2 24 13.466 -0.375 -3.394 11.497 -0.375 -3.921
2 24 -10.472 -5.250 3.428 -11.914 -5.250 1.986
2 24 -4.565 -0.375 0.017 -5.092 -0.375 1.986
2 24 -6.582 -11.503 0.017 -6.839 -12.465 0.978
2 24 -10.561 -15.557 3.581 -12.067 -14.351 2.075
2 24 9.833 -0.375 -0.944 9.576 -0.375 0.017
2 24 -11.914 -0.375 1.986 -12.441 -0.375 0.017
2 24 8.086 -0.375 -1.952 7.559 -0.375 0.017
2 24 -5.092 -5.250 -1.952 -6.534 -5.250 -3.394
2 24 41.775 -0.262 6.663 40.241 0.000 6.267
2 24 9.833 -0.375 0.978 9.576 -0.375 0.017
2 24 13.418 -5.375 0.017 13.161 -5.375 -0.944
2 24 13.418 -0.375 0.017 13.161 -0.375 0.978
2 24 15.435 -0.375 0.017 14.908 -0.375 1.986
2 24 -5.092 -0.375 -1.952 -6.534 -0.375 -3.394
2 24 -4.565 -5.250 0.017 -5.092 -5.250 -1.952
2 24 9.833 -5.375 -0.944 9.576 -5.375 0.017
2 24 -11.914 -5.250 1.986 -12.441 -5.250 0.017
2 24 -12.067 -5.250 2.075 -12.618 -5.250 0.017
2 24 -12.303 -5.250 -1.162 -12.303 -11.281 -1.162
2 24 -9.464 -0.375 1.681 -10.167 -0.375 0.978
2 24 -9.464 -13.554 1.681 -10.167 -12.996 0.978
2 24 22.747 -5.250 5.632 22.481 -5.250 4.906
2 24 9.528 -5.250 3.428 8.086 -5.250 1.986
2 24 9.439 -5.250 3.581 8.096 -5.250 2.238
2 24 15.435 -5.250 0.017 14.908 -5.250 1.986
2 24 -12.067 -14.351 2.075 -12.618 -12.463 0.017
2 24 9.439 -12.355 3.581 8.096 -11.280 2.238
2 24 10.536 -5.375 1.681 9.833 -5.375 0.978
2 24 13.418 -5.375 0.017 13.161 -5.375 0.978
2 24 -6.582 -0.375 0.017 -6.839 -0.375 -0.944
2 24 -6.582 -11.503 0.017 -6.839 -10.618 -0.944
2 24 -6.839 -10.618 -0.944 -7.542 -10.052 -1.647
2 24 -11.914 -5.250 -1.952 -12.441 -5.250 0.017
2 24 13.555 -11.697 3.581 11.497 -12.556 4.133
2 24 22.747 -12.195 5.632 22.479 -11.542 4.907
2 24 48.398 -14.489 7.936 47.965 -15.376 8.685
2 24 44.180 -5.052 5.598 41.752 -5.268 6.307
