0 FILE bl_41805.dat
0 MINI VISOR, NO. 13
0 Name:  bl_41805.dat
0 Author:  
0 BFC CERTIFY CCW
3 16 -13.310 -7.878 8.267 -12.984 -8.979 8.263 -13.317 -8.236 7.455 -0.267100 0.492644 -0.276271 0.513504 -0.254626 0.506754
3 16 -13.310 -7.878 8.267 -13.396 -8.056 9.032 -12.984 -8.979 8.263 -0.267100 0.492644 -0.283771 0.489359 -0.276271 0.513504
3 16 -12.984 -8.979 8.263 -13.376 -9.011 9.253 -13.346 -9.728 9.105 -0.276271 0.513504 -0.295905 0.506079 -0.299625 0.521017
3 16 -12.984 -8.979 8.263 -13.396 -8.056 9.032 -13.376 -9.011 9.253 -0.276271 0.513504 -0.283771 0.489359 -0.295905 0.506079
3 16 -13.317 -10.078 8.253 -12.984 -8.979 8.263 -13.346 -9.728 9.105 -0.285207 0.533856 -0.276271 0.513504 -0.299625 0.521017
3 16 -13.317 -10.078 8.253 -13.318 -9.736 7.474 -12.984 -8.979 8.263 -0.285207 0.533856 -0.267893 0.535308 -0.276271 0.513504
3 16 -12.984 -8.979 8.263 -13.316 -8.969 7.163 -13.317 -8.236 7.455 -0.276271 0.513504 -0.255427 0.523384 -0.254626 0.506754
3 16 -12.984 -8.979 8.263 -13.318 -9.736 7.474 -13.316 -8.969 7.163 -0.276271 0.513504 -0.267893 0.535308 -0.255427 0.523384
3 16 -13.317 -8.236 7.455 -14.559 -8.910 6.122 -14.614 -7.539 6.697 -0.254626 0.506754 -0.226384 0.532193 -0.225873 0.495293
3 16 -13.317 -8.236 7.455 -13.316 -8.969 7.163 -14.559 -8.910 6.122 -0.254626 0.506754 -0.255427 0.523384 -0.226384 0.532193
3 16 -13.310 -7.878 8.267 -14.614 -7.539 6.697 -14.701 -6.860 8.288 -0.267100 0.492644 -0.225873 0.495293 -0.255153 0.463132
3 16 -13.310 -7.878 8.267 -13.317 -8.236 7.455 -14.614 -7.539 6.697 -0.267100 0.492644 -0.254626 0.506754 -0.225873 0.495293
3 16 -13.396 -8.056 9.032 -14.701 -6.860 8.288 -14.748 -7.470 9.976 -0.283771 0.489359 -0.255153 0.463132 -0.300403 0.463008
3 16 -13.396 -8.056 9.032 -13.310 -7.878 8.267 -14.701 -6.860 8.288 -0.283771 0.489359 -0.267100 0.492644 -0.255153 0.463132
3 16 -13.316 -8.969 7.163 -14.539 -10.327 6.668 -14.559 -8.910 6.122 -0.255427 0.523384 -0.252176 0.560163 -0.226384 0.532193
3 16 -13.316 -8.969 7.163 -13.318 -9.736 7.474 -14.539 -10.327 6.668 -0.255427 0.523384 -0.267893 0.535308 -0.252176 0.560163
3 16 -13.318 -9.736 7.474 -14.566 -11.078 8.106 -14.539 -10.327 6.668 -0.267893 0.535308 -0.293184 0.564121 -0.252176 0.560163
3 16 -13.318 -9.736 7.474 -13.317 -10.078 8.253 -14.566 -11.078 8.106 -0.267893 0.535308 -0.285207 0.533856 -0.293184 0.564121
3 16 -14.566 -11.078 8.106 -13.346 -9.728 9.105 -14.632 -10.668 9.834 -0.293184 0.564121 -0.299625 0.521017 -0.327129 0.534786
3 16 -14.566 -11.078 8.106 -13.317 -10.078 8.253 -13.346 -9.728 9.105 -0.293184 0.564121 -0.285207 0.533856 -0.299625 0.521017
3 16 -13.396 -8.056 9.032 -14.687 -9.167 10.063 -13.376 -9.011 9.253 -0.283771 0.489359 -0.325283 0.497011 -0.295905 0.506079
3 16 -13.396 -8.056 9.032 -14.748 -7.470 9.976 -14.687 -9.167 10.063 -0.283771 0.489359 -0.300403 0.463008 -0.325283 0.497011
3 16 -13.346 -9.728 9.105 -14.687 -9.167 10.063 -14.632 -10.668 9.834 -0.299625 0.521017 -0.325283 0.497011 -0.327129 0.534786
3 16 -13.346 -9.728 9.105 -13.376 -9.011 9.253 -14.687 -9.167 10.063 -0.299625 0.521017 -0.295905 0.506079 -0.325283 0.497011
3 16 0.000 -7.589 -12.383 -6.457 -12.112 -10.771 -5.775 -4.761 -10.886 -0.935662 0.122786 -0.832746 0.245289 -0.802904 0.101573
3 16 0.000 -7.589 -12.383 0.000 -12.745 -12.055 -6.457 -12.112 -10.771 -0.935662 0.122786 -0.963970 0.228010 -0.832746 0.245289
3 16 -17.267 -9.670 3.961 -17.330 -11.826 9.623 -17.389 -9.061 9.529 -0.460835 0.324039 -0.372073 0.407762 -0.352673 0.354618
3 16 -17.267 -9.670 3.961 -17.108 -13.489 4.647 -17.330 -11.826 9.623 -0.460835 0.324039 -0.477973 0.401508 -0.372073 0.407762
3 16 -15.752 -15.203 -0.027 -17.267 -9.670 3.961 -15.947 -10.298 -1.689 -0.581713 0.397542 -0.460835 0.324039 -0.572236 0.293222
3 16 -15.752 -15.203 -0.027 -17.108 -13.489 4.647 -17.267 -9.670 3.961 -0.581713 0.397542 -0.477973 0.401508 -0.460835 0.324039
3 16 -15.947 -10.298 -1.689 -12.325 -16.947 -4.973 -15.752 -15.203 -0.027 -0.572236 0.293222 -0.706081 0.388858 -0.581713 0.397542
3 16 -15.947 -10.298 -1.689 -12.244 -11.193 -7.084 -12.325 -16.947 -4.973 -0.572236 0.293222 -0.698749 0.267023 -0.706081 0.388858
3 16 -12.244 -11.193 -7.084 -7.092 -18.463 -8.729 -12.325 -16.947 -4.973 -0.698749 0.267023 -0.836820 0.378312 -0.706081 0.388858
3 16 -12.244 -11.193 -7.084 -6.457 -12.112 -10.771 -7.092 -18.463 -8.729 -0.698749 0.267023 -0.832746 0.245289 -0.836820 0.378312
3 16 0.000 -12.745 -12.055 -7.092 -18.463 -8.729 -6.457 -12.112 -10.771 -0.963970 0.228010 -0.836820 0.378312 -0.832746 0.245289
3 16 0.000 -12.745 -12.055 0.000 -19.332 -9.648 -7.092 -18.463 -8.729 -0.963970 0.228010 -0.980160 0.375664 -0.836820 0.378312
3 16 -17.298 -5.350 4.113 -17.389 -9.061 9.529 -17.367 -6.326 9.897 -0.426463 0.242616 -0.352673 0.354618 -0.325296 0.305496
3 16 -17.298 -5.350 4.113 -17.267 -9.670 3.961 -17.389 -9.061 9.529 -0.426463 0.242616 -0.460835 0.324039 -0.352673 0.354618
3 16 -15.947 -10.298 -1.689 -17.298 -5.350 4.113 -15.849 -4.504 -1.764 -0.572236 0.293222 -0.426463 0.242616 -0.535283 0.182203
3 16 -15.947 -10.298 -1.689 -17.267 -9.670 3.961 -17.298 -5.350 4.113 -0.572236 0.293222 -0.460835 0.324039 -0.426463 0.242616
3 16 -12.244 -11.193 -7.084 -15.849 -4.504 -1.764 -11.433 -4.320 -7.459 -0.698749 0.267023 -0.535283 0.182203 -0.672752 0.132143
3 16 -12.244 -11.193 -7.084 -15.947 -10.298 -1.689 -15.849 -4.504 -1.764 -0.698749 0.267023 -0.572236 0.293222 -0.535283 0.182203
3 16 -11.433 -4.320 -7.459 -6.457 -12.112 -10.771 -12.244 -11.193 -7.084 -0.672752 0.132143 -0.832746 0.245289 -0.698749 0.267023
3 16 -11.433 -4.320 -7.459 -5.775 -4.761 -10.886 -6.457 -12.112 -10.771 -0.672752 0.132143 -0.802904 0.101573 -0.832746 0.245289
3 16 -13.775 -5.836 0.203 -14.448 -12.947 5.985 -13.460 -14.670 1.554 -0.556357 0.777671 -0.497922 0.600893 -0.595541 0.600793
3 16 -13.775 -5.836 0.203 -14.629 -5.887 5.808 -14.448 -12.947 5.985 -0.556357 0.777671 -0.449951 0.737106 -0.497922 0.600893
3 16 -13.460 -14.670 1.554 -10.736 -6.136 -4.633 -13.775 -5.836 0.203 -0.595541 0.600793 -0.666183 0.807638 -0.556357 0.777671
3 16 -13.460 -14.670 1.554 -10.607 -16.369 -2.704 -10.736 -6.136 -4.633 -0.595541 0.600793 -0.703258 0.602587 -0.666183 0.807638
3 16 -10.607 -16.369 -2.704 -5.787 -7.524 -8.471 -10.736 -6.136 -4.633 -0.703258 0.602587 -0.792818 0.816454 -0.666183 0.807638
3 16 -10.607 -16.369 -2.704 -5.824 -17.916 -5.712 -5.787 -7.524 -8.471 -0.703258 0.602587 -0.820062 0.602863 -0.792818 0.816454
3 16 -5.824 -17.916 -5.712 0.000 -8.974 -9.733 -5.787 -7.524 -8.471 -0.820062 0.602863 -0.914196 0.815160 -0.792818 0.816454
3 16 -5.824 -17.916 -5.712 0.000 -18.696 -6.760 0.000 -8.974 -9.733 -0.820062 0.602863 -0.939961 0.606480 -0.914196 0.815160
3 16 -14.680 -3.060 5.839 -13.775 -5.836 0.203 -13.518 -1.140 -0.138 -0.429447 0.791012 -0.556357 0.777671 -0.534460 0.870957
3 16 -14.680 -3.060 5.839 -14.629 -5.887 5.808 -13.775 -5.836 0.203 -0.429447 0.791012 -0.449951 0.737106 -0.556357 0.777671
3 16 -17.429 -5.312 11.228 -14.768 -6.799 12.383 -14.768 -5.312 11.228 -0.120406 0.573363 -0.168273 0.528793 -0.173326 0.566251
3 16 -17.429 -5.312 11.228 -17.444 -6.799 12.383 -14.768 -6.799 12.383 -0.120406 0.573363 -0.115064 0.535944 -0.168273 0.528793
3 16 0.000 -8.974 -9.733 0.000 -5.731 -9.492 -1.947 -5.397 -9.319 -0.914196 0.815160 -0.897251 0.879334 -0.856954 0.877643
3 16 -13.518 -1.140 -0.138 -10.736 -6.136 -4.633 -9.651 -0.406 -4.324 -0.534460 0.870957 -0.666183 0.807638 -0.642925 0.921847
3 16 -13.518 -1.140 -0.138 -13.775 -5.836 0.203 -10.736 -6.136 -4.633 -0.534460 0.870957 -0.556357 0.777671 -0.666183 0.807638
3 16 -5.787 -7.524 -8.471 -6.407 -1.431 -6.782 -10.736 -6.136 -4.633 -0.792818 0.816454 -0.730202 0.927592 -0.666183 0.807638
3 16 -5.787 -7.524 -8.471 -4.073 -4.239 -8.561 -6.407 -1.431 -6.782 -0.792818 0.816454 -0.805554 0.889276 -0.730202 0.927592
3 16 -1.947 -5.397 -9.319 -5.787 -7.524 -8.471 0.000 -8.974 -9.733 -0.856954 0.877643 -0.792818 0.816454 -0.914196 0.815160
3 16 -1.947 -5.397 -9.319 -4.073 -4.239 -8.561 -5.787 -7.524 -8.471 -0.856954 0.877643 -0.805554 0.889276 -0.792818 0.816454
3 16 -5.436 -21.328 -3.860 0.000 -18.696 -6.760 -5.824 -17.916 -5.712 -0.827937 0.524793 -0.939961 0.606480 -0.820062 0.602863
3 16 -5.436 -21.328 -3.860 0.000 -22.008 -4.845 0.000 -18.696 -6.760 -0.827937 0.524793 -0.942139 0.528672 -0.939961 0.606480
3 16 -6.261 -22.556 -5.751 -10.179 -19.836 -0.939 -12.158 -20.502 -2.102 -0.312680 0.029893 -0.218718 0.127943 -0.183438 0.095523
3 16 -6.261 -22.556 -5.751 -5.436 -21.328 -3.860 -10.179 -19.836 -0.939 -0.312680 0.029893 -0.322467 0.077017 -0.218718 0.127943
3 16 -5.824 -17.916 -5.712 -10.179 -19.836 -0.939 -5.436 -21.328 -3.860 -0.820062 0.602863 -0.707252 0.523872 -0.827937 0.524793
3 16 -5.824 -17.916 -5.712 -10.607 -16.369 -2.704 -10.179 -19.836 -0.939 -0.820062 0.602863 -0.703258 0.602587 -0.707252 0.523872
3 16 -14.714 -13.050 10.969 -16.917 -15.622 6.556 -14.328 -15.622 6.611 -0.088033 0.386247 -0.059657 0.278437 -0.110815 0.287123
3 16 -14.714 -13.050 10.969 -17.339 -13.050 10.969 -16.917 -15.622 6.556 -0.088033 0.386247 -0.036020 0.378402 -0.059657 0.278437
3 16 -17.444 -6.799 12.383 -14.831 -8.866 12.383 -14.768 -6.799 12.383 -0.115064 0.535944 -0.161510 0.487845 -0.168273 0.528793
3 16 -17.444 -6.799 12.383 -17.444 -8.866 12.383 -14.831 -8.866 12.383 -0.115064 0.535944 -0.109541 0.494829 -0.161510 0.487845
3 16 -4.073 -4.239 -8.561 -1.591 -3.778 -11.735 -4.030 -1.664 -10.735 -0.475311 0.920894 -0.523909 0.986344 -0.456127 0.985555
3 16 -4.073 -4.239 -8.561 -1.947 -5.397 -9.319 -1.591 -3.778 -11.735 -0.475311 0.920894 -0.525780 0.927578 -0.523909 0.986344
3 16 -4.030 -1.664 -10.735 -6.407 -1.431 -6.782 -4.073 -4.239 -8.561 -0.456127 0.985555 -0.394241 0.915909 -0.475311 0.920894
3 16 -4.030 -1.664 -10.735 -6.442 -0.213 -9.414 -6.407 -1.431 -6.782 -0.456127 0.985555 -0.394863 0.974038 -0.394241 0.915909
3 16 -10.919 0.000 -6.644 -6.407 -1.431 -6.782 -6.442 -0.213 -9.414 -0.299862 0.928609 -0.394241 0.915909 -0.394863 0.974038
3 16 -10.919 0.000 -6.644 -9.651 -0.406 -4.324 -6.407 -1.431 -6.782 -0.299862 0.928609 -0.319002 0.878462 -0.394241 0.915909
3 16 -15.850 -0.883 -1.155 -9.651 -0.406 -4.324 -10.919 0.000 -6.644 -0.187248 0.831014 -0.319002 0.878462 -0.299862 0.928609
3 16 -15.850 -0.883 -1.155 -13.518 -1.140 -0.138 -9.651 -0.406 -4.324 -0.187248 0.831014 -0.230865 0.803995 -0.319002 0.878462
3 16 -17.339 -2.967 5.833 -13.518 -1.140 -0.138 -15.850 -0.883 -1.155 -0.137948 0.690119 -0.230865 0.803995 -0.187248 0.831014
3 16 -17.339 -2.967 5.833 -14.680 -3.060 5.839 -13.518 -1.140 -0.138 -0.137948 0.690119 -0.190746 0.682224 -0.230865 0.803995
3 16 -17.339 -2.967 5.833 -14.768 -5.312 11.228 -14.680 -3.060 5.839 -0.137948 0.690119 -0.173326 0.566251 -0.190746 0.682224
3 16 -17.339 -2.967 5.833 -17.429 -5.312 11.228 -14.768 -5.312 11.228 -0.137948 0.690119 -0.120406 0.573363 -0.173326 0.566251
3 16 -17.444 -11.416 12.383 -14.831 -8.866 12.383 -17.444 -8.866 12.383 -0.027480 0.420917 -0.071644 0.479258 -0.019859 0.471447
3 16 -17.444 -11.416 12.383 -14.694 -11.416 12.383 -14.831 -8.866 12.383 -0.027480 0.420917 -0.081971 0.429135 -0.071644 0.479258
3 16 -14.448 -12.947 5.985 -14.714 -13.050 10.969 -14.328 -15.622 6.611 -0.497922 0.600893 -0.404391 0.563168 -0.506408 0.545497
3 16 -14.448 -12.947 5.985 -14.694 -11.416 12.383 -14.714 -13.050 10.969 -0.497922 0.600893 -0.365859 0.584213 -0.404391 0.563168
3 16 -16.917 -15.622 6.556 -12.969 -17.742 2.544 -14.328 -15.622 6.611 -0.059657 0.278437 -0.151434 0.200270 -0.110815 0.287123
3 16 -16.917 -15.622 6.556 -14.966 -18.565 1.309 -12.969 -17.742 2.544 -0.059657 0.278437 -0.116194 0.165004 -0.151434 0.200270
3 16 -13.460 -14.670 1.554 -14.328 -15.622 6.611 -12.969 -17.742 2.544 -0.595541 0.600793 -0.506408 0.545497 -0.604734 0.535096
3 16 -13.460 -14.670 1.554 -14.448 -12.947 5.985 -14.328 -15.622 6.611 -0.595541 0.600793 -0.497922 0.600893 -0.506408 0.545497
3 16 -14.966 -18.565 1.309 -10.179 -19.836 -0.939 -12.969 -17.742 2.544 -0.116194 0.165004 -0.218718 0.127943 -0.151434 0.200270
3 16 -14.966 -18.565 1.309 -12.158 -20.502 -2.102 -10.179 -19.836 -0.939 -0.116194 0.165004 -0.183438 0.095523 -0.218718 0.127943
3 16 -10.607 -16.369 -2.704 -12.969 -17.742 2.544 -10.179 -19.836 -0.939 -0.703258 0.602587 -0.604734 0.535096 -0.707252 0.523872
3 16 -10.607 -16.369 -2.704 -13.460 -14.670 1.554 -12.969 -17.742 2.544 -0.703258 0.602587 -0.595541 0.600793 -0.604734 0.535096
3 16 -1.591 -3.778 -11.735 -5.775 -4.761 -10.886 -4.030 -1.664 -10.735 -0.879041 0.057615 -0.802904 0.101573 -0.813697 0.031292
3 16 -1.591 -3.778 -11.735 0.000 -7.589 -12.383 -5.775 -4.761 -10.886 -0.879041 0.057615 -0.935662 0.122786 -0.802904 0.101573
3 16 0.000 -5.731 -9.492 -1.591 -3.778 -11.735 -1.947 -5.397 -9.319 -0.565239 0.932729 -0.523909 0.986344 -0.525780 0.927578
3 16 0.000 -5.731 -9.492 0.000 -4.123 -11.902 -1.591 -3.778 -11.735 -0.565239 0.932729 -0.556517 0.990215 -0.523909 0.986344
3 16 -16.917 -15.622 6.556 -17.330 -11.826 9.623 -17.108 -13.489 4.647 -0.460131 0.456545 -0.372073 0.407762 -0.477973 0.401508
3 16 -16.917 -15.622 6.556 -17.339 -13.050 10.969 -17.330 -11.826 9.623 -0.460131 0.456545 -0.356143 0.440940 -0.372073 0.407762
3 16 -14.694 -11.416 12.383 -17.339 -13.050 10.969 -14.714 -13.050 10.969 -0.081971 0.429135 -0.036020 0.378402 -0.088033 0.386247
3 16 -14.694 -11.416 12.383 -17.444 -11.416 12.383 -17.339 -13.050 10.969 -0.081971 0.429135 -0.027480 0.420917 -0.036020 0.378402
3 16 0.000 -19.332 -9.648 -6.261 -22.556 -5.751 -7.092 -18.463 -8.729 -0.980160 0.375664 -0.848139 0.480927 -0.836820 0.378312
3 16 0.000 -19.332 -9.648 0.000 -23.188 -6.856 -6.261 -22.556 -5.751 -0.980160 0.375664 -0.980161 0.473078 -0.848139 0.480927
3 16 -6.261 -22.556 -5.751 0.000 -22.008 -4.845 -5.436 -21.328 -3.860 -0.312680 0.029893 -0.433746 0.069133 -0.322467 0.077017
3 16 -6.261 -22.556 -5.751 0.000 -23.188 -6.856 0.000 -22.008 -4.845 -0.312680 0.029893 -0.440533 0.022893 -0.433746 0.069133
3 16 -6.442 -0.213 -9.414 -4.030 -1.664 -10.735 -5.775 -4.761 -10.886 -0.749784 0.019631 -0.813697 0.031292 -0.802904 0.101573
3 16 -6.442 -0.213 -9.414 -11.433 -4.320 -7.459 -10.919 0.000 -6.644 -0.749784 0.019631 -0.672752 0.132143 -0.642477 0.048597
3 16 -6.442 -0.213 -9.414 -5.775 -4.761 -10.886 -11.433 -4.320 -7.459 -0.749784 0.019631 -0.802904 0.101573 -0.672752 0.132143
3 16 -10.919 0.000 -6.644 -15.849 -4.504 -1.764 -15.850 -0.883 -1.155 -0.642477 0.048597 -0.535283 0.182203 -0.501054 0.116566
3 16 -10.919 0.000 -6.644 -11.433 -4.320 -7.459 -15.849 -4.504 -1.764 -0.642477 0.048597 -0.672752 0.132143 -0.535283 0.182203
3 16 -15.850 -0.883 -1.155 -17.298 -5.350 4.113 -17.339 -2.967 5.833 -0.501054 0.116566 -0.426463 0.242616 -0.376787 0.210203
3 16 -15.850 -0.883 -1.155 -15.849 -4.504 -1.764 -17.298 -5.350 4.113 -0.501054 0.116566 -0.535283 0.182203 -0.426463 0.242616
3 16 -17.339 -2.967 5.833 -17.367 -6.326 9.897 -17.429 -5.312 11.228 -0.376787 0.210203 -0.325296 0.305496 -0.292589 0.296650
3 16 -17.339 -2.967 5.833 -17.298 -5.350 4.113 -17.367 -6.326 9.897 -0.376787 0.210203 -0.426463 0.242616 -0.325296 0.305496
3 16 -17.367 -6.326 9.897 -17.444 -6.799 12.383 -17.429 -5.312 11.228 -0.325296 0.305496 -0.282129 0.333477 -0.292589 0.296650
3 16 -14.966 -18.565 1.309 -17.108 -13.489 4.647 -15.752 -15.203 -0.027 -0.591819 0.471514 -0.477973 0.401508 -0.581713 0.397542
3 16 -14.966 -18.565 1.309 -16.917 -15.622 6.556 -17.108 -13.489 4.647 -0.591819 0.471514 -0.460131 0.456545 -0.477973 0.401508
3 16 -12.158 -20.502 -2.102 -15.752 -15.203 -0.027 -12.325 -16.947 -4.973 -0.693458 0.479900 -0.581713 0.397542 -0.706081 0.388858
3 16 -12.158 -20.502 -2.102 -14.966 -18.565 1.309 -15.752 -15.203 -0.027 -0.693458 0.479900 -0.591819 0.471514 -0.581713 0.397542
3 16 -6.261 -22.556 -5.751 -12.325 -16.947 -4.973 -7.092 -18.463 -8.729 -0.848139 0.480927 -0.706081 0.388858 -0.836820 0.378312
3 16 -6.261 -22.556 -5.751 -12.158 -20.502 -2.102 -12.325 -16.947 -4.973 -0.848139 0.480927 -0.693458 0.479900 -0.706081 0.388858
3 16 -17.444 -11.416 12.383 -17.389 -9.061 9.529 -17.330 -11.826 9.623 -0.317047 0.420684 -0.352673 0.354618 -0.372073 0.407762
3 16 -17.444 -11.416 12.383 -17.444 -8.866 12.383 -17.389 -9.061 9.529 -0.317047 0.420684 -0.297669 0.372510 -0.352673 0.354618
3 16 -1.591 -3.778 -11.735 0.000 -4.123 -11.902 0.000 -7.589 -12.383 -0.879041 0.057615 -0.912243 0.055159 -0.935662 0.122786
3 16 -17.444 -8.866 12.383 -17.367 -6.326 9.897 -17.389 -9.061 9.529 -0.297669 0.372510 -0.325296 0.305496 -0.352673 0.354618
3 16 -17.444 -8.866 12.383 -17.444 -6.799 12.383 -17.367 -6.326 9.897 -0.297669 0.372510 -0.282129 0.333477 -0.325296 0.305496
3 16 -17.444 -11.416 12.383 -17.330 -11.826 9.623 -17.339 -13.050 10.969 -0.317047 0.420684 -0.372073 0.407762 -0.356143 0.440940
3 16 -9.651 -0.406 -4.324 -10.736 -6.136 -4.633 -6.407 -1.431 -6.782 -0.642925 0.921847 -0.666183 0.807638 -0.730202 0.927592
3 16 -14.768 -5.312 11.228 -14.629 -5.887 5.808 -14.680 -3.060 5.839 -0.343345 0.708677 -0.449951 0.737106 -0.429447 0.791012
3 16 -14.768 -5.312 11.228 -14.768 -6.799 12.383 -14.629 -5.887 5.808 -0.343345 0.708677 -0.332346 0.672038 -0.449951 0.737106
3 16 -14.629 -5.887 5.808 -14.831 -8.866 12.383 -14.448 -12.947 5.985 -0.449951 0.737106 -0.347270 0.632728 -0.497922 0.600893
3 16 -14.629 -5.887 5.808 -14.768 -6.799 12.383 -14.831 -8.866 12.383 -0.449951 0.737106 -0.332346 0.672038 -0.347270 0.632728
3 16 -14.831 -8.866 12.383 -14.694 -11.416 12.383 -14.448 -12.947 5.985 -0.347270 0.632728 -0.365859 0.584213 -0.497922 0.600893
3 16 13.310 -7.878 8.267 12.984 -8.979 8.263 13.396 -8.056 9.032 0.732900 0.492644 0.723729 0.513504 0.716229 0.489359
3 16 13.310 -7.878 8.267 13.317 -8.236 7.455 12.984 -8.979 8.263 0.732900 0.492644 0.745374 0.506754 0.723729 0.513504
3 16 12.984 -8.979 8.263 13.376 -9.011 9.253 13.396 -8.056 9.032 0.723729 0.513504 0.704095 0.506079 0.716229 0.489359
3 16 12.984 -8.979 8.263 13.346 -9.728 9.105 13.376 -9.011 9.253 0.723729 0.513504 0.700375 0.521017 0.704095 0.506079
3 16 13.317 -10.078 8.253 12.984 -8.979 8.263 13.318 -9.736 7.474 0.714793 0.533856 0.723729 0.513504 0.732107 0.535308
3 16 13.317 -10.078 8.253 13.346 -9.728 9.105 12.984 -8.979 8.263 0.714793 0.533856 0.700375 0.521017 0.723729 0.513504
3 16 13.316 -8.969 7.163 12.984 -8.979 8.263 13.317 -8.236 7.455 0.744573 0.523384 0.723729 0.513504 0.745374 0.506754
3 16 13.316 -8.969 7.163 13.318 -9.736 7.474 12.984 -8.979 8.263 0.744573 0.523384 0.732107 0.535308 0.723729 0.513504
3 16 14.559 -8.910 6.122 13.317 -8.236 7.455 14.614 -7.539 6.697 0.773616 0.532193 0.745374 0.506754 0.774127 0.495293
3 16 14.559 -8.910 6.122 13.316 -8.969 7.163 13.317 -8.236 7.455 0.773616 0.532193 0.744573 0.523384 0.745374 0.506754
3 16 14.614 -7.539 6.697 13.310 -7.878 8.267 14.701 -6.860 8.288 0.774127 0.495293 0.732900 0.492644 0.744847 0.463132
3 16 14.614 -7.539 6.697 13.317 -8.236 7.455 13.310 -7.878 8.267 0.774127 0.495293 0.745374 0.506754 0.732900 0.492644
3 16 14.701 -6.860 8.288 13.396 -8.056 9.032 14.748 -7.470 9.976 0.744847 0.463132 0.716229 0.489359 0.699597 0.463008
3 16 14.701 -6.860 8.288 13.310 -7.878 8.267 13.396 -8.056 9.032 0.744847 0.463132 0.732900 0.492644 0.716229 0.489359
3 16 14.539 -10.327 6.668 13.316 -8.969 7.163 14.559 -8.910 6.122 0.747824 0.560163 0.744573 0.523384 0.773616 0.532193
3 16 14.539 -10.327 6.668 13.318 -9.736 7.474 13.316 -8.969 7.163 0.747824 0.560163 0.732107 0.535308 0.744573 0.523384
3 16 14.566 -11.078 8.106 13.318 -9.736 7.474 14.539 -10.327 6.668 0.706816 0.564121 0.732107 0.535308 0.747824 0.560163
3 16 14.566 -11.078 8.106 13.317 -10.078 8.253 13.318 -9.736 7.474 0.706816 0.564121 0.714793 0.533856 0.732107 0.535308
3 16 14.566 -11.078 8.106 13.346 -9.728 9.105 13.317 -10.078 8.253 0.706816 0.564121 0.700375 0.521017 0.714793 0.533856
3 16 14.566 -11.078 8.106 14.632 -10.668 9.834 13.346 -9.728 9.105 0.706816 0.564121 0.672871 0.534786 0.700375 0.521017
3 16 14.687 -9.167 10.063 13.396 -8.056 9.032 13.376 -9.011 9.253 0.674717 0.497011 0.716229 0.489359 0.704095 0.506079
3 16 14.687 -9.167 10.063 14.748 -7.470 9.976 13.396 -8.056 9.032 0.674717 0.497011 0.699597 0.463008 0.716229 0.489359
3 16 13.346 -9.728 9.105 14.687 -9.167 10.063 13.376 -9.011 9.253 0.700375 0.521017 0.674717 0.497011 0.704095 0.506079
3 16 13.346 -9.728 9.105 14.632 -10.668 9.834 14.687 -9.167 10.063 0.700375 0.521017 0.672871 0.534786 0.674717 0.497011
3 16 0.000 -7.589 -12.383 6.457 -12.112 -10.771 0.000 -12.745 -12.055 0.064338 0.122786 0.167254 0.245289 0.036030 0.228010
3 16 0.000 -7.589 -12.383 5.775 -4.761 -10.886 6.457 -12.112 -10.771 0.064338 0.122786 0.197096 0.101573 0.167254 0.245289
3 16 17.330 -11.826 9.623 17.267 -9.670 3.961 17.389 -9.061 9.529 0.627927 0.407762 0.539165 0.324039 0.647327 0.354618
3 16 17.330 -11.826 9.623 17.108 -13.489 4.647 17.267 -9.670 3.961 0.627927 0.407762 0.522027 0.401508 0.539165 0.324039
3 16 15.752 -15.203 -0.027 17.267 -9.670 3.961 17.108 -13.489 4.647 0.418287 0.397542 0.539165 0.324039 0.522027 0.401508
3 16 15.752 -15.203 -0.027 15.947 -10.298 -1.689 17.267 -9.670 3.961 0.418287 0.397542 0.427764 0.293222 0.539165 0.324039
3 16 15.947 -10.298 -1.689 12.325 -16.947 -4.973 12.244 -11.193 -7.084 0.427764 0.293222 0.293919 0.388858 0.301251 0.267023
3 16 15.947 -10.298 -1.689 15.752 -15.203 -0.027 12.325 -16.947 -4.973 0.427764 0.293222 0.418287 0.397542 0.293919 0.388858
3 16 12.244 -11.193 -7.084 7.092 -18.463 -8.729 6.457 -12.112 -10.771 0.301251 0.267023 0.163180 0.378312 0.167254 0.245289
3 16 12.244 -11.193 -7.084 12.325 -16.947 -4.973 7.092 -18.463 -8.729 0.301251 0.267023 0.293919 0.388858 0.163180 0.378312
3 16 7.092 -18.463 -8.729 0.000 -12.745 -12.055 6.457 -12.112 -10.771 0.163180 0.378312 0.036030 0.228010 0.167254 0.245289
3 16 7.092 -18.463 -8.729 0.000 -19.332 -9.648 0.000 -12.745 -12.055 0.163180 0.378312 0.019840 0.375664 0.036030 0.228010
3 16 17.389 -9.061 9.529 17.298 -5.350 4.113 17.367 -6.326 9.897 0.647327 0.354618 0.573537 0.242616 0.674704 0.305496
3 16 17.389 -9.061 9.529 17.267 -9.670 3.961 17.298 -5.350 4.113 0.647327 0.354618 0.539165 0.324039 0.573537 0.242616
3 16 15.947 -10.298 -1.689 17.298 -5.350 4.113 17.267 -9.670 3.961 0.427764 0.293222 0.573537 0.242616 0.539165 0.324039
3 16 15.947 -10.298 -1.689 15.849 -4.504 -1.764 17.298 -5.350 4.113 0.427764 0.293222 0.464717 0.182203 0.573537 0.242616
3 16 12.244 -11.193 -7.084 15.849 -4.504 -1.764 15.947 -10.298 -1.689 0.301251 0.267023 0.464717 0.182203 0.427764 0.293222
3 16 12.244 -11.193 -7.084 11.433 -4.320 -7.459 15.849 -4.504 -1.764 0.301251 0.267023 0.327248 0.132143 0.464717 0.182203
3 16 11.433 -4.320 -7.459 6.457 -12.112 -10.771 5.775 -4.761 -10.886 0.327248 0.132143 0.167254 0.245289 0.197096 0.101573
3 16 11.433 -4.320 -7.459 12.244 -11.193 -7.084 6.457 -12.112 -10.771 0.327248 0.132143 0.301251 0.267023 0.167254 0.245289
3 16 13.775 -5.836 0.203 14.448 -12.947 5.985 14.629 -5.887 5.808 0.443643 0.777671 0.502078 0.600893 0.550049 0.737106
3 16 13.775 -5.836 0.203 13.460 -14.670 1.554 14.448 -12.947 5.985 0.443643 0.777671 0.404459 0.600793 0.502078 0.600893
3 16 10.736 -6.136 -4.633 13.460 -14.670 1.554 13.775 -5.836 0.203 0.333817 0.807638 0.404459 0.600793 0.443643 0.777671
3 16 10.736 -6.136 -4.633 10.607 -16.369 -2.704 13.460 -14.670 1.554 0.333817 0.807638 0.296742 0.602587 0.404459 0.600793
3 16 5.787 -7.524 -8.471 10.607 -16.369 -2.704 10.736 -6.136 -4.633 0.207182 0.816454 0.296742 0.602587 0.333817 0.807638
3 16 5.787 -7.524 -8.471 5.824 -17.916 -5.712 10.607 -16.369 -2.704 0.207182 0.816454 0.179938 0.602863 0.296742 0.602587
3 16 0.000 -8.974 -9.733 5.824 -17.916 -5.712 5.787 -7.524 -8.471 0.085804 0.815160 0.179938 0.602863 0.207182 0.816454
3 16 0.000 -8.974 -9.733 0.000 -18.696 -6.760 5.824 -17.916 -5.712 0.085804 0.815160 0.060039 0.606480 0.179938 0.602863
3 16 13.775 -5.836 0.203 14.680 -3.060 5.839 13.518 -1.140 -0.138 0.443643 0.777671 0.570553 0.791012 0.465540 0.870957
3 16 13.775 -5.836 0.203 14.629 -5.887 5.808 14.680 -3.060 5.839 0.443643 0.777671 0.550049 0.737106 0.570553 0.791012
3 16 14.768 -6.799 12.383 17.429 -5.312 11.228 14.768 -5.312 11.228 0.831727 0.528793 0.879594 0.573363 0.826674 0.566251
3 16 14.768 -6.799 12.383 17.444 -6.799 12.383 17.429 -5.312 11.228 0.831727 0.528793 0.884936 0.535944 0.879594 0.573363
3 16 0.000 -5.731 -9.492 0.000 -8.974 -9.733 1.947 -5.397 -9.319 0.102749 0.879334 0.085804 0.815160 0.143046 0.877643
3 16 13.518 -1.140 -0.138 10.736 -6.136 -4.633 13.775 -5.836 0.203 0.465540 0.870957 0.333817 0.807638 0.443643 0.777671
3 16 13.518 -1.140 -0.138 9.651 -0.406 -4.324 10.736 -6.136 -4.633 0.465540 0.870957 0.357075 0.921847 0.333817 0.807638
3 16 5.787 -7.524 -8.471 6.407 -1.431 -6.782 4.073 -4.239 -8.561 0.207182 0.816454 0.269798 0.927592 0.194446 0.889276
3 16 5.787 -7.524 -8.471 10.736 -6.136 -4.633 6.407 -1.431 -6.782 0.207182 0.816454 0.333817 0.807638 0.269798 0.927592
3 16 1.947 -5.397 -9.319 5.787 -7.524 -8.471 4.073 -4.239 -8.561 0.143046 0.877643 0.207182 0.816454 0.194446 0.889276
3 16 1.947 -5.397 -9.319 0.000 -8.974 -9.733 5.787 -7.524 -8.471 0.143046 0.877643 0.085804 0.815160 0.207182 0.816454
3 16 0.000 -18.696 -6.760 5.436 -21.328 -3.860 5.824 -17.916 -5.712 0.060039 0.606480 0.172063 0.524793 0.179938 0.602863
3 16 0.000 -18.696 -6.760 0.000 -22.008 -4.845 5.436 -21.328 -3.860 0.060039 0.606480 0.057861 0.528672 0.172063 0.524793
3 16 6.261 -22.556 -5.751 10.179 -19.836 -0.939 5.436 -21.328 -3.860 0.687320 0.029893 0.781282 0.127943 0.677533 0.077017
3 16 6.261 -22.556 -5.751 12.158 -20.502 -2.102 10.179 -19.836 -0.939 0.687320 0.029893 0.816562 0.095523 0.781282 0.127943
3 16 10.179 -19.836 -0.939 5.824 -17.916 -5.712 5.436 -21.328 -3.860 0.292748 0.523872 0.179938 0.602863 0.172063 0.524793
3 16 10.179 -19.836 -0.939 10.607 -16.369 -2.704 5.824 -17.916 -5.712 0.292748 0.523872 0.296742 0.602587 0.179938 0.602863
3 16 14.714 -13.050 10.969 16.917 -15.622 6.556 17.339 -13.050 10.969 0.911967 0.386247 0.940343 0.278437 0.963980 0.378402
3 16 14.714 -13.050 10.969 14.328 -15.622 6.611 16.917 -15.622 6.556 0.911967 0.386247 0.889185 0.287123 0.940343 0.278437
3 16 14.831 -8.866 12.383 17.444 -6.799 12.383 14.768 -6.799 12.383 0.838490 0.487845 0.884936 0.535944 0.831727 0.528793
3 16 14.831 -8.866 12.383 17.444 -8.866 12.383 17.444 -6.799 12.383 0.838490 0.487845 0.890459 0.494829 0.884936 0.535944
3 16 4.073 -4.239 -8.561 1.591 -3.778 -11.735 1.947 -5.397 -9.319 0.524689 0.920894 0.476091 0.986344 0.474220 0.927578
3 16 4.073 -4.239 -8.561 4.030 -1.664 -10.735 1.591 -3.778 -11.735 0.524689 0.920894 0.543873 0.985555 0.476091 0.986344
3 16 6.407 -1.431 -6.782 4.030 -1.664 -10.735 4.073 -4.239 -8.561 0.605759 0.915909 0.543873 0.985555 0.524689 0.920894
3 16 6.407 -1.431 -6.782 6.442 -0.213 -9.414 4.030 -1.664 -10.735 0.605759 0.915909 0.605137 0.974038 0.543873 0.985555
3 16 10.919 0.000 -6.644 6.407 -1.431 -6.782 9.651 -0.406 -4.324 0.700138 0.928609 0.605759 0.915909 0.680998 0.878462
3 16 10.919 0.000 -6.644 6.442 -0.213 -9.414 6.407 -1.431 -6.782 0.700138 0.928609 0.605137 0.974038 0.605759 0.915909
3 16 15.850 -0.883 -1.155 9.651 -0.406 -4.324 13.518 -1.140 -0.138 0.812752 0.831014 0.680998 0.878462 0.769135 0.803995
3 16 15.850 -0.883 -1.155 10.919 0.000 -6.644 9.651 -0.406 -4.324 0.812752 0.831014 0.700138 0.928609 0.680998 0.878462
3 16 17.339 -2.967 5.833 13.518 -1.140 -0.138 14.680 -3.060 5.839 0.862052 0.690119 0.769135 0.803995 0.809254 0.682224
3 16 17.339 -2.967 5.833 15.850 -0.883 -1.155 13.518 -1.140 -0.138 0.862052 0.690119 0.812752 0.831014 0.769135 0.803995
3 16 14.768 -5.312 11.228 17.339 -2.967 5.833 14.680 -3.060 5.839 0.826674 0.566251 0.862052 0.690119 0.809254 0.682224
3 16 14.768 -5.312 11.228 17.429 -5.312 11.228 17.339 -2.967 5.833 0.826674 0.566251 0.879594 0.573363 0.862052 0.690119
3 16 17.444 -11.416 12.383 14.831 -8.866 12.383 14.694 -11.416 12.383 0.972520 0.420917 0.928356 0.479258 0.918029 0.429135
3 16 17.444 -11.416 12.383 17.444 -8.866 12.383 14.831 -8.866 12.383 0.972520 0.420917 0.980141 0.471447 0.928356 0.479258
3 16 14.448 -12.947 5.985 14.714 -13.050 10.969 14.694 -11.416 12.383 0.502078 0.600893 0.595609 0.563168 0.634141 0.584213
3 16 14.448 -12.947 5.985 14.328 -15.622 6.611 14.714 -13.050 10.969 0.502078 0.600893 0.493592 0.545497 0.595609 0.563168
3 16 12.969 -17.742 2.544 16.917 -15.622 6.556 14.328 -15.622 6.611 0.848566 0.200270 0.940343 0.278437 0.889185 0.287123
3 16 12.969 -17.742 2.544 14.966 -18.565 1.309 16.917 -15.622 6.556 0.848566 0.200270 0.883806 0.165004 0.940343 0.278437
3 16 14.328 -15.622 6.611 13.460 -14.670 1.554 12.969 -17.742 2.544 0.493592 0.545497 0.404459 0.600793 0.395266 0.535096
3 16 14.328 -15.622 6.611 14.448 -12.947 5.985 13.460 -14.670 1.554 0.493592 0.545497 0.502078 0.600893 0.404459 0.600793
3 16 10.179 -19.836 -0.939 14.966 -18.565 1.309 12.969 -17.742 2.544 0.781282 0.127943 0.883806 0.165004 0.848566 0.200270
3 16 10.179 -19.836 -0.939 12.158 -20.502 -2.102 14.966 -18.565 1.309 0.781282 0.127943 0.816562 0.095523 0.883806 0.165004
3 16 12.969 -17.742 2.544 10.607 -16.369 -2.704 10.179 -19.836 -0.939 0.395266 0.535096 0.296742 0.602587 0.292748 0.523872
3 16 12.969 -17.742 2.544 13.460 -14.670 1.554 10.607 -16.369 -2.704 0.395266 0.535096 0.404459 0.600793 0.296742 0.602587
3 16 1.591 -3.778 -11.735 5.775 -4.761 -10.886 0.000 -7.589 -12.383 0.120959 0.057615 0.197096 0.101573 0.064338 0.122786
3 16 1.591 -3.778 -11.735 4.030 -1.664 -10.735 5.775 -4.761 -10.886 0.120959 0.057615 0.186303 0.031292 0.197096 0.101573
3 16 0.000 -5.731 -9.492 1.591 -3.778 -11.735 0.000 -4.123 -11.902 0.434761 0.932729 0.476091 0.986344 0.443483 0.990215
3 16 0.000 -5.731 -9.492 1.947 -5.397 -9.319 1.591 -3.778 -11.735 0.434761 0.932729 0.474220 0.927578 0.476091 0.986344
3 16 17.330 -11.826 9.623 16.917 -15.622 6.556 17.108 -13.489 4.647 0.627927 0.407762 0.539869 0.456545 0.522027 0.401508
3 16 17.330 -11.826 9.623 17.339 -13.050 10.969 16.917 -15.622 6.556 0.627927 0.407762 0.643857 0.440940 0.539869 0.456545
3 16 14.694 -11.416 12.383 17.339 -13.050 10.969 17.444 -11.416 12.383 0.918029 0.429135 0.963980 0.378402 0.972520 0.420917
3 16 14.694 -11.416 12.383 14.714 -13.050 10.969 17.339 -13.050 10.969 0.918029 0.429135 0.911967 0.386247 0.963980 0.378402
3 16 0.000 -19.332 -9.648 6.261 -22.556 -5.751 0.000 -23.188 -6.856 0.019840 0.375664 0.151861 0.480927 0.019839 0.473078
3 16 0.000 -19.332 -9.648 7.092 -18.463 -8.729 6.261 -22.556 -5.751 0.019840 0.375664 0.163180 0.378312 0.151861 0.480927
3 16 6.261 -22.556 -5.751 0.000 -22.008 -4.845 0.000 -23.188 -6.856 0.687320 0.029893 0.566254 0.069133 0.559467 0.022893
3 16 6.261 -22.556 -5.751 5.436 -21.328 -3.860 0.000 -22.008 -4.845 0.687320 0.029893 0.677533 0.077017 0.566254 0.069133
3 16 4.030 -1.664 -10.735 6.442 -0.213 -9.414 5.775 -4.761 -10.886 0.186303 0.031292 0.250216 0.019631 0.197096 0.101573
3 16 6.442 -0.213 -9.414 11.433 -4.320 -7.459 5.775 -4.761 -10.886 0.250216 0.019631 0.327248 0.132143 0.197096 0.101573
3 16 6.442 -0.213 -9.414 10.919 0.000 -6.644 11.433 -4.320 -7.459 0.250216 0.019631 0.357523 0.048597 0.327248 0.132143
3 16 10.919 0.000 -6.644 15.849 -4.504 -1.764 11.433 -4.320 -7.459 0.357523 0.048597 0.464717 0.182203 0.327248 0.132143
3 16 10.919 0.000 -6.644 15.850 -0.883 -1.155 15.849 -4.504 -1.764 0.357523 0.048597 0.498946 0.116566 0.464717 0.182203
3 16 15.850 -0.883 -1.155 17.298 -5.350 4.113 15.849 -4.504 -1.764 0.498946 0.116566 0.573537 0.242616 0.464717 0.182203
3 16 15.850 -0.883 -1.155 17.339 -2.967 5.833 17.298 -5.350 4.113 0.498946 0.116566 0.623213 0.210203 0.573537 0.242616
3 16 17.367 -6.326 9.897 17.339 -2.967 5.833 17.429 -5.312 11.228 0.674704 0.305496 0.623213 0.210203 0.707411 0.296650
3 16 17.367 -6.326 9.897 17.298 -5.350 4.113 17.339 -2.967 5.833 0.674704 0.305496 0.573537 0.242616 0.623213 0.210203
3 16 17.444 -6.799 12.383 17.367 -6.326 9.897 17.429 -5.312 11.228 0.717871 0.333477 0.674704 0.305496 0.707411 0.296650
3 16 17.108 -13.489 4.647 14.966 -18.565 1.309 15.752 -15.203 -0.027 0.522027 0.401508 0.408181 0.471514 0.418287 0.397542
3 16 17.108 -13.489 4.647 16.917 -15.622 6.556 14.966 -18.565 1.309 0.522027 0.401508 0.539869 0.456545 0.408181 0.471514
3 16 15.752 -15.203 -0.027 12.158 -20.502 -2.102 12.325 -16.947 -4.973 0.418287 0.397542 0.306542 0.479900 0.293919 0.388858
3 16 15.752 -15.203 -0.027 14.966 -18.565 1.309 12.158 -20.502 -2.102 0.418287 0.397542 0.408181 0.471514 0.306542 0.479900
3 16 12.325 -16.947 -4.973 6.261 -22.556 -5.751 7.092 -18.463 -8.729 0.293919 0.388858 0.151861 0.480927 0.163180 0.378312
3 16 12.325 -16.947 -4.973 12.158 -20.502 -2.102 6.261 -22.556 -5.751 0.293919 0.388858 0.306542 0.479900 0.151861 0.480927
3 16 17.444 -11.416 12.383 17.389 -9.061 9.529 17.444 -8.866 12.383 0.682953 0.420684 0.647327 0.354618 0.702331 0.372510
3 16 17.444 -11.416 12.383 17.330 -11.826 9.623 17.389 -9.061 9.529 0.682953 0.420684 0.627927 0.407762 0.647327 0.354618
3 16 0.000 -4.123 -11.902 1.591 -3.778 -11.735 0.000 -7.589 -12.383 0.087757 0.055159 0.120959 0.057615 0.064338 0.122786
3 16 17.367 -6.326 9.897 17.444 -8.866 12.383 17.389 -9.061 9.529 0.674704 0.305496 0.702331 0.372510 0.647327 0.354618
3 16 17.367 -6.326 9.897 17.444 -6.799 12.383 17.444 -8.866 12.383 0.674704 0.305496 0.717871 0.333477 0.702331 0.372510
3 16 17.330 -11.826 9.623 17.444 -11.416 12.383 17.339 -13.050 10.969 0.627927 0.407762 0.682953 0.420684 0.643857 0.440940
3 16 10.736 -6.136 -4.633 9.651 -0.406 -4.324 6.407 -1.431 -6.782 0.333817 0.807638 0.357075 0.921847 0.269798 0.927592
3 16 14.768 -5.312 11.228 14.629 -5.887 5.808 14.768 -6.799 12.383 0.656655 0.708677 0.550049 0.737106 0.667654 0.672038
3 16 14.768 -5.312 11.228 14.680 -3.060 5.839 14.629 -5.887 5.808 0.656655 0.708677 0.570553 0.791012 0.550049 0.737106
3 16 14.831 -8.866 12.383 14.629 -5.887 5.808 14.448 -12.947 5.985 0.652730 0.632728 0.550049 0.737106 0.502078 0.600893
3 16 14.831 -8.866 12.383 14.768 -6.799 12.383 14.629 -5.887 5.808 0.652730 0.632728 0.667654 0.672038 0.550049 0.737106
3 16 14.694 -11.416 12.383 14.831 -8.866 12.383 14.448 -12.947 5.985 0.634141 0.584213 0.652730 0.632728 0.502078 0.600893
2 24 -17.339 -2.967 5.833 -17.429 -5.312 11.228
2 24 -5.436 -21.328 -3.860 -10.179 -19.836 -0.939
2 24 -6.261 -22.556 -5.751 -12.158 -20.502 -2.102
2 24 -13.518 -1.140 -0.138 -14.680 -3.060 5.839
2 24 -14.680 -3.060 5.839 -14.768 -5.312 11.228
2 24 -15.850 -0.883 -1.155 -17.339 -2.967 5.833
2 24 -13.396 -8.056 9.032 -14.748 -7.470 9.976
2 24 -14.768 -5.312 11.228 -14.768 -6.799 12.383
2 24 -13.346 -9.728 9.105 -14.632 -10.668 9.834
2 24 -10.179 -19.836 -0.939 -12.969 -17.742 2.544
2 24 0.000 -22.008 -4.845 -5.436 -21.328 -3.860
2 24 14.831 -8.866 12.383 14.768 -6.799 12.383
2 24 16.917 -15.622 6.556 14.966 -18.565 1.309
2 24 14.966 -18.565 1.309 12.158 -20.502 -2.102
2 24 14.768 -5.312 11.228 14.768 -6.799 12.383
2 24 17.444 -6.799 12.383 17.444 -11.416 12.383
2 24 -6.407 -1.431 -6.782 -9.651 -0.406 -4.324
2 24 0.000 -5.731 -9.492 -1.947 -5.397 -9.319
2 24 14.768 -5.312 11.228 14.680 -3.060 5.839
2 24 -17.429 -5.312 11.228 -17.444 -6.799 12.383
2 24 -14.768 -6.799 12.383 -14.831 -8.866 12.383
2 24 -14.328 -15.622 6.611 -14.714 -13.050 10.969
2 24 -14.694 -11.416 12.383 -14.714 -13.050 10.969
2 24 0.000 -23.188 -6.856 -6.261 -22.556 -5.751
2 24 14.748 -7.470 9.976 13.396 -8.056 9.032
2 24 5.436 -21.328 -3.860 0.000 -22.008 -4.845
2 24 6.261 -22.556 -5.751 0.000 -23.188 -6.856
2 24 -14.694 -11.416 12.383 -14.831 -8.866 12.383
2 24 -12.158 -20.502 -2.102 -14.966 -18.565 1.309
2 24 14.714 -13.050 10.969 14.328 -15.622 6.611
2 24 14.831 -8.866 12.383 14.694 -11.416 12.383
2 24 12.158 -20.502 -2.102 6.261 -22.556 -5.751
2 24 14.328 -15.622 6.611 12.969 -17.742 2.544
2 24 12.969 -17.742 2.544 10.179 -19.836 -0.939
2 24 17.444 -11.416 12.383 17.339 -13.050 10.969
2 24 -9.651 -0.406 -4.324 -13.518 -1.140 -0.138
2 24 -10.919 0.000 -6.644 -15.850 -0.883 -1.155
2 24 -6.442 -0.213 -9.414 -10.919 0.000 -6.644
2 24 14.632 -10.668 9.834 13.346 -9.728 9.105
2 24 -4.073 -4.239 -8.561 -6.407 -1.431 -6.782
2 24 -1.947 -5.397 -9.319 -4.073 -4.239 -8.561
2 24 -16.917 -15.622 6.556 -17.339 -13.050 10.969
2 24 -17.339 -13.050 10.969 -17.444 -11.416 12.383
2 24 -17.444 -6.799 12.383 -17.444 -11.416 12.383
2 24 -1.591 -3.778 -11.735 -4.030 -1.664 -10.735
2 24 14.680 -3.060 5.839 13.518 -1.140 -0.138
2 24 -4.030 -1.664 -10.735 -6.442 -0.213 -9.414
2 24 1.947 -5.397 -9.319 0.000 -5.731 -9.492
2 24 10.179 -19.836 -0.939 5.436 -21.328 -3.860
2 24 -12.969 -17.742 2.544 -14.328 -15.622 6.611
2 24 -14.966 -18.565 1.309 -16.917 -15.622 6.556
2 24 0.000 -4.123 -11.902 -1.591 -3.778 -11.735
2 24 17.339 -13.050 10.969 16.917 -15.622 6.556
2 24 14.694 -11.416 12.383 14.714 -13.050 10.969
2 24 17.429 -5.312 11.228 17.444 -6.799 12.383
2 24 6.407 -1.431 -6.782 4.073 -4.239 -8.561
2 24 17.339 -2.967 5.833 15.850 -0.883 -1.155
2 24 1.591 -3.778 -11.735 0.000 -4.123 -11.902
2 24 17.429 -5.312 11.228 17.339 -2.967 5.833
2 24 4.073 -4.239 -8.561 1.947 -5.397 -9.319
2 24 4.030 -1.664 -10.735 1.591 -3.778 -11.735
2 24 6.442 -0.213 -9.414 4.030 -1.664 -10.735
2 24 13.518 -1.140 -0.138 9.651 -0.406 -4.324
2 24 9.651 -0.406 -4.324 6.407 -1.431 -6.782
2 24 10.919 0.000 -6.644 6.442 -0.213 -9.414
2 24 15.850 -0.883 -1.155 10.919 0.000 -6.644
