0 FILE bl_4245.dat
0 Boat, Hull Giant Bow 50 x 20 x 7, Base
0 Name:  bl_4245.dat
0 Author:
0 BFC CERTIFY CCW
3 16 138.409 0.000 149.621 188.894 0.000 165.339 186.944 0.000 129.836 0.028616 0.117794 0.019576 0.089198 0.039676 0.090134
3 16 138.409 0.000 149.621 161.866 0.000 177.069 188.894 0.000 165.339 0.028616 0.117794 0.012983 0.104589 0.019576 0.089198
3 16 186.944 0.000 129.836 238.079 0.000 134.689 229.331 0.000 101.456 0.039676 0.090134 0.036744 0.061110 0.055637 0.065929
3 16 186.944 0.000 129.836 214.726 0.000 150.824 238.079 0.000 134.689 0.039676 0.090134 0.027689 0.074456 0.036744 0.061110
3 16 266.626 0.000 64.319 260.216 0.000 115.881 281.434 0.000 94.186 0.076604 0.044595 0.047337 0.048451 0.059582 0.036310
3 16 266.626 0.000 64.319 229.331 0.000 101.456 260.216 0.000 115.881 0.076604 0.044595 0.055637 0.065929 0.047337 0.048451
3 16 266.626 0.000 64.319 281.434 0.000 94.186 297.431 0.000 74.126 0.076604 0.044595 0.059582 0.036310 0.070920 0.027138
3 16 290.751 0.000 29.711 297.431 0.000 74.126 310.581 0.000 54.579 0.096177 0.030747 0.070920 0.027138 0.081974 0.019583
3 16 290.751 0.000 29.711 266.626 0.000 64.319 297.431 0.000 74.126 0.096177 0.030747 0.076604 0.044595 0.070920 0.027138
3 16 161.866 0.000 177.069 138.409 0.000 149.621 132.636 0.000 187.294 0.012983 0.104589 0.028616 0.117794 0.008188 0.121364
3 16 -498.041 -108.108 185.704 -492.606 0.000 192.096 -494.606 0.000 184.021 0.486233 0.131022 0.483347 0.070521 0.487233 0.070671
3 16 -498.041 -108.108 185.704 -495.986 -108.028 193.669 -492.606 0.000 192.096 0.486233 0.131022 0.481561 0.130930 0.483347 0.070521
3 16 -488.116 -108.110 195.681 -492.606 0.000 192.096 -495.986 -108.028 193.669 0.760322 0.815408 0.758780 0.754898 0.764927 0.815069
3 16 -488.116 -108.110 195.681 -484.531 0.000 194.029 -492.606 0.000 192.096 0.760322 0.815408 0.754831 0.755111 0.758780 0.754898
3 16 -448.369 0.000 159.184 -455.771 -2.515 155.171 -458.229 0.000 157.359 0.468028 0.661727 0.472038 0.658944 0.473705 0.660441
3 16 -448.369 0.000 159.184 -448.166 -2.515 156.491 -455.771 -2.515 155.171 0.468028 0.661727 0.467811 0.659778 0.472038 0.658944
3 16 -459.746 0.000 147.839 -455.771 -2.515 155.171 -457.129 -2.515 147.304 0.474709 0.654917 0.472038 0.658944 0.472792 0.654556
3 16 -459.746 0.000 147.839 -458.229 0.000 157.359 -455.771 -2.515 155.171 0.474709 0.654917 0.473705 0.660441 0.472038 0.658944
3 16 -448.166 -2.515 156.491 98.579 0.000 157.849 98.566 -2.515 154.544 0.467811 0.659778 0.157956 0.661245 0.158014 0.659003
3 16 -448.166 -2.515 156.491 -448.369 0.000 159.184 98.579 0.000 157.849 0.467811 0.659778 0.468028 0.661727 0.157956 0.661245
3 16 186.944 0.000 129.836 137.689 -2.515 146.354 138.409 0.000 149.621 0.107537 0.645359 0.135771 0.654362 0.135283 0.656572
3 16 186.944 0.000 129.836 185.609 -2.515 127.089 137.689 -2.515 146.354 0.107537 0.645359 0.108496 0.643420 0.135771 0.654362
3 16 229.331 0.000 101.456 185.609 -2.515 127.089 186.944 0.000 129.836 0.083330 0.629142 0.108496 0.643420 0.107537 0.645359
3 16 229.331 0.000 101.456 227.449 -2.515 99.026 185.609 -2.515 127.089 0.083330 0.629142 0.084650 0.627461 0.108496 0.643420
3 16 266.626 0.000 64.319 227.449 -2.515 99.026 229.331 0.000 101.456 0.062000 0.607960 0.084650 0.627461 0.083330 0.629142
3 16 266.626 0.000 64.319 264.259 -2.515 62.334 227.449 -2.515 99.026 0.062000 0.607960 0.063649 0.606585 0.084650 0.627461
3 16 266.626 0.000 64.319 288.449 -2.515 28.449 264.259 -2.515 62.334 0.062000 0.607960 0.049864 0.587346 0.063649 0.606585
3 16 266.626 0.000 64.319 290.751 0.000 29.711 288.449 -2.515 28.449 0.062000 0.607960 0.048189 0.588307 0.049864 0.587346
3 16 301.081 -2.515 2.974 290.751 0.000 29.711 303.839 0.000 3.591 0.042674 0.572900 0.048189 0.588307 0.040701 0.573382
3 16 301.081 -2.515 2.974 288.449 -2.515 28.449 290.751 0.000 29.711 0.042674 0.572900 0.049864 0.587346 0.048189 0.588307
3 16 303.839 0.000 3.591 322.001 0.000 33.976 330.799 0.000 14.659 0.110972 0.023209 0.093639 0.013009 0.104583 0.007935
3 16 -448.166 -2.515 156.491 98.566 -2.515 -0.001 -455.771 -2.515 155.171 0.408752 0.009975 0.319829 0.320664 0.408002 0.005653
3 16 -455.771 -2.515 155.171 98.566 -2.515 -0.001 -457.129 -2.515 147.304 0.408002 0.005653 0.319829 0.320664 0.403531 0.004883
3 16 124.986 -2.515 -0.001 185.609 -2.515 127.089 146.291 -2.515 -0.001 0.319830 0.335677 0.392049 0.370125 0.319830 0.347784
3 16 124.986 -2.515 -0.001 137.689 -2.515 146.354 185.609 -2.515 127.089 0.319830 0.335677 0.402997 0.342895 0.392049 0.370125
3 16 185.609 -2.515 127.089 227.449 -2.515 99.026 146.291 -2.515 -0.001 0.392049 0.370125 0.376103 0.393902 0.319830 0.347784
3 16 227.449 -2.515 99.026 264.259 -2.515 62.334 146.291 -2.515 -0.001 0.376103 0.393902 0.355253 0.414820 0.319830 0.347784
3 16 264.259 -2.515 62.334 288.449 -2.515 28.449 146.291 -2.515 -0.001 0.355253 0.414820 0.335997 0.428568 0.319830 0.347784
3 16 146.291 -2.515 -0.001 288.449 -2.515 28.449 301.081 -2.515 2.974 0.319830 0.347784 0.335997 0.428568 0.321522 0.435746
3 16 138.409 0.000 149.621 98.566 -2.515 154.544 98.579 0.000 157.849 0.135283 0.656572 0.158014 0.659003 0.157956 0.661245
3 16 138.409 0.000 149.621 137.689 -2.515 146.354 98.566 -2.515 154.544 0.135283 0.656572 0.135771 0.654362 0.158014 0.659003
3 16 132.636 0.000 187.294 98.579 0.000 157.849 102.134 0.000 194.069 0.008188 0.121364 0.024107 0.140466 0.005650 0.138543
3 16 132.636 0.000 187.294 138.409 0.000 149.621 98.579 0.000 157.849 0.008188 0.121364 0.028616 0.117794 0.024107 0.140466
3 16 290.751 0.000 29.711 322.001 0.000 33.976 303.839 0.000 3.591 0.096177 0.030747 0.093639 0.013009 0.110972 0.023209
3 16 290.751 0.000 29.711 310.581 0.000 54.579 322.001 0.000 33.976 0.096177 0.030747 0.081974 0.019583 0.093639 0.013009
3 16 49.566 -6.250 -0.001 133.731 -6.250 181.584 50.641 -6.250 188.419 0.732419 0.583232 0.629492 0.631617 0.625353 0.584423
3 16 49.566 -6.250 -0.001 124.846 -6.250 -0.001 133.731 -6.250 181.584 0.732419 0.583232 0.732651 0.626010 0.629492 0.631617
3 16 330.799 0.000 14.659 304.829 0.000 -0.001 303.839 0.000 3.591 0.104583 0.007935 0.113015 0.022632 0.110972 0.023209
3 16 330.799 0.000 14.659 336.069 0.000 -0.001 304.829 0.000 -0.001 0.104583 0.007935 0.112894 0.004884 0.113015 0.022632
3 16 303.839 0.000 3.591 301.654 -2.587 -0.001 301.081 -2.515 2.974 0.040701 0.573382 0.042358 0.571231 0.042674 0.572900
3 16 303.839 0.000 3.591 304.829 0.000 -0.001 301.654 -2.587 -0.001 0.040701 0.573382 0.040184 0.571228 0.042358 0.571231
3 16 301.081 -2.515 2.974 301.654 -2.587 -0.001 146.291 -2.515 -0.001 0.321522 0.435746 0.319831 0.436071 0.319830 0.347784
3 16 494.306 -166.438 -0.001 490.549 -167.270 16.674 489.924 -165.685 16.381 0.916671 0.320994 0.916927 0.311273 0.917897 0.311425
3 16 494.306 -166.438 -0.001 494.604 -167.288 -0.001 490.549 -167.270 16.674 0.916671 0.320994 0.916160 0.320994 0.916927 0.311273
3 16 489.924 -165.685 16.381 476.006 -167.125 36.131 475.914 -165.425 36.161 0.917897 0.311425 0.920196 0.297859 0.921146 0.298044
3 16 489.924 -165.685 16.381 490.549 -167.270 16.674 476.006 -167.125 36.131 0.917897 0.311425 0.916927 0.311273 0.920196 0.297859
3 16 475.914 -165.425 36.161 454.524 -167.070 56.184 454.434 -165.765 56.111 0.921146 0.298044 0.924389 0.281689 0.925113 0.281867
3 16 475.914 -165.425 36.161 476.006 -167.125 36.131 454.524 -167.070 56.184 0.921146 0.298044 0.920196 0.297859 0.924389 0.281689
3 16 454.434 -165.765 56.111 431.701 -167.018 76.359 431.759 -165.645 76.409 0.925113 0.281867 0.928843 0.264958 0.929596 0.265168
3 16 454.434 -165.765 56.111 454.524 -167.070 56.184 431.701 -167.018 76.359 0.925113 0.281867 0.924389 0.281689 0.928843 0.264958
3 16 402.624 -166.945 99.321 431.759 -165.645 76.409 431.701 -167.018 76.359 0.934430 0.244653 0.929596 0.265168 0.928843 0.264958
3 16 402.624 -166.945 99.321 402.691 -165.533 99.669 431.759 -165.645 76.409 0.934430 0.244653 0.935248 0.244786 0.929596 0.265168
3 16 370.384 -166.868 122.126 402.691 -165.533 99.669 402.624 -166.945 99.321 0.940339 0.223000 0.935248 0.244786 0.934430 0.244653
3 16 370.384 -166.868 122.126 370.561 -165.338 122.651 402.691 -165.533 99.669 0.940339 0.223000 0.941250 0.223159 0.935248 0.244786
3 16 307.271 -166.748 158.301 339.831 -165.298 141.689 339.679 -166.833 141.189 0.950824 0.182974 0.946501 0.203307 0.945595 0.203139
3 16 307.271 -166.748 158.301 307.471 -165.190 158.801 339.831 -165.298 141.689 0.950824 0.182974 0.951736 0.183184 0.946501 0.203307
3 16 386.469 -65.075 23.206 334.456 -6.250 -0.001 395.134 -65.793 -0.001 0.062446 0.928047 0.075608 0.972660 0.049050 0.932320
3 16 386.469 -65.075 23.206 328.309 -6.250 15.856 334.456 -6.250 -0.001 0.062446 0.928047 0.084783 0.969603 0.075608 0.972660
3 16 367.506 -64.817 50.724 328.309 -6.250 15.856 386.469 -65.075 23.206 0.081170 0.925039 0.084783 0.969603 0.062446 0.928047
3 16 367.506 -64.817 50.724 316.916 -6.250 39.051 328.309 -6.250 15.856 0.081170 0.925039 0.098981 0.965811 0.084783 0.969603
3 16 332.189 -64.180 90.369 316.916 -6.250 39.051 367.506 -64.817 50.724 0.111222 0.922599 0.098981 0.965811 0.081170 0.925039
3 16 332.189 -64.180 90.369 294.394 -6.250 73.264 316.916 -6.250 39.051 0.111222 0.922599 0.121926 0.961677 0.098981 0.965811
3 16 233.121 -164.963 186.314 270.806 -166.740 173.701 232.881 -166.690 185.549 0.962449 0.139401 0.956251 0.161136 0.961399 0.139140
3 16 233.121 -164.963 186.314 271.041 -165.090 174.259 270.806 -166.740 173.701 0.962449 0.139401 0.957219 0.161385 0.956251 0.161136
3 16 232.881 -166.690 185.549 191.786 -164.738 192.356 233.121 -164.963 186.314 0.961399 0.139140 0.967041 0.116125 0.962449 0.139401
3 16 232.881 -166.690 185.549 191.756 -166.540 192.211 191.786 -164.738 192.356 0.961399 0.139140 0.966035 0.115915 0.967041 0.116125
3 16 191.756 -166.540 192.211 160.991 -164.953 193.574 191.786 -164.738 192.356 0.966035 0.115915 0.970446 0.098952 0.967041 0.116125
3 16 191.756 -166.540 192.211 160.916 -166.543 193.101 160.991 -164.953 193.574 0.966035 0.115915 0.969529 0.098731 0.970446 0.098952
3 16 176.404 -66.267 182.221 219.029 -6.250 143.664 233.576 -65.550 161.244 0.214991 0.925827 0.180831 0.958879 0.180439 0.922777
3 16 176.404 -66.267 182.221 174.211 -6.250 167.374 219.029 -6.250 143.664 0.214991 0.925827 0.209696 0.960600 0.180831 0.958879
3 16 159.129 -166.008 193.271 160.991 -164.953 193.574 160.916 -166.543 193.101 0.970033 0.097794 0.970446 0.098952 0.969529 0.098731
3 16 159.129 -166.008 193.271 156.014 -164.790 193.521 160.991 -164.953 193.574 0.970033 0.097794 0.971064 0.096188 0.970446 0.098952
3 16 435.531 -120.448 29.829 395.134 -65.793 -0.001 450.126 -120.588 -0.001 0.043115 0.890550 0.049050 0.932320 0.024826 0.895525
3 16 435.531 -120.448 29.829 386.469 -65.075 23.206 395.134 -65.793 -0.001 0.043115 0.890550 0.062446 0.928047 0.049050 0.932320
3 16 410.379 -121.200 60.391 386.469 -65.075 23.206 435.531 -120.448 29.829 0.065465 0.887570 0.062446 0.928047 0.043115 0.890550
3 16 410.379 -121.200 60.391 367.506 -64.817 50.724 386.469 -65.075 23.206 0.065465 0.887570 0.081170 0.925039 0.062446 0.928047
3 16 364.069 -121.518 102.786 367.506 -64.817 50.724 410.379 -121.200 60.391 0.101182 0.885991 0.081170 0.925039 0.065465 0.887570
3 16 364.069 -121.518 102.786 332.189 -64.180 90.369 367.506 -64.817 50.724 0.101182 0.885991 0.111222 0.922599 0.081170 0.925039
3 16 191.764 -122.128 188.904 233.576 -65.550 161.244 244.411 -122.168 173.101 0.211393 0.892926 0.180439 0.922777 0.180320 0.889343
3 16 191.764 -122.128 188.904 176.404 -66.267 182.221 233.576 -65.550 161.244 0.211393 0.892926 0.214991 0.925827 0.180439 0.922777
3 16 161.654 -122.570 191.389 176.404 -66.267 182.221 191.764 -122.128 188.904 0.228416 0.895109 0.214991 0.925827 0.211393 0.892926
3 16 328.309 -6.250 15.856 124.846 -6.250 -0.001 334.456 -6.250 -0.001 0.724266 0.741678 0.732651 0.626010 0.733296 0.745121
3 16 316.916 -6.250 39.051 124.846 -6.250 -0.001 328.309 -6.250 15.856 0.711051 0.735275 0.732651 0.626010 0.724266 0.741678
3 16 294.394 -6.250 73.264 124.846 -6.250 -0.001 316.916 -6.250 39.051 0.691540 0.722582 0.732651 0.626010 0.711051 0.735275
3 16 174.211 -6.250 167.374 124.846 -6.250 -0.001 219.029 -6.250 143.664 0.637691 0.654578 0.732651 0.626010 0.651302 0.679972
3 16 133.731 -6.250 181.584 124.846 -6.250 -0.001 174.211 -6.250 167.374 0.629492 0.631617 0.732651 0.626010 0.637691 0.654578
3 16 229.331 0.000 101.456 238.079 0.000 134.689 260.216 0.000 115.881 0.055637 0.065929 0.036744 0.061110 0.047337 0.048451
3 16 370.561 -165.338 122.651 339.679 -166.833 141.189 339.831 -165.298 141.689 0.941250 0.223159 0.945595 0.203139 0.946501 0.203307
3 16 370.561 -165.338 122.651 370.384 -166.868 122.126 339.679 -166.833 141.189 0.941250 0.223159 0.940339 0.223000 0.945595 0.203139
3 16 308.419 -121.903 141.496 332.189 -64.180 90.369 364.069 -121.518 102.786 0.139755 0.886574 0.111222 0.922599 0.101182 0.885991
3 16 308.419 -121.903 141.496 287.294 -64.805 129.049 332.189 -64.180 90.369 0.139755 0.886574 0.144866 0.921517 0.111222 0.922599
3 16 287.294 -64.805 129.049 294.394 -6.250 73.264 332.189 -64.180 90.369 0.144866 0.921517 0.121926 0.961677 0.111222 0.922599
3 16 287.294 -64.805 129.049 260.719 -6.250 110.894 294.394 -6.250 73.264 0.144866 0.921517 0.150579 0.959067 0.121926 0.961677
3 16 260.719 -6.250 110.894 124.846 -6.250 -0.001 294.394 -6.250 73.264 0.670053 0.703561 0.732651 0.626010 0.691540 0.722582
3 16 186.944 0.000 129.836 188.894 0.000 165.339 214.726 0.000 150.824 0.039676 0.090134 0.019576 0.089198 0.027689 0.074456
3 16 307.471 -165.190 158.801 270.806 -166.740 173.701 271.041 -165.090 174.259 0.951736 0.183184 0.956251 0.161136 0.957219 0.161385
3 16 307.471 -165.190 158.801 307.271 -166.748 158.301 270.806 -166.740 173.701 0.951736 0.183184 0.950824 0.182974 0.956251 0.161136
3 16 244.411 -122.168 173.101 287.294 -64.805 129.049 308.419 -121.903 141.496 0.180320 0.889343 0.144866 0.921517 0.139755 0.886574
3 16 244.411 -122.168 173.101 233.576 -65.550 161.244 287.294 -64.805 129.049 0.180320 0.889343 0.180439 0.922777 0.144866 0.921517
3 16 233.576 -65.550 161.244 260.719 -6.250 110.894 287.294 -64.805 129.049 0.180439 0.922777 0.150579 0.959067 0.144866 0.921517
3 16 233.576 -65.550 161.244 219.029 -6.250 143.664 260.719 -6.250 110.894 0.180439 0.922777 0.180831 0.958879 0.150579 0.959067
3 16 219.029 -6.250 143.664 124.846 -6.250 -0.001 260.719 -6.250 110.894 0.651302 0.679972 0.732651 0.626010 0.670053 0.703561
3 16 494.926 -168.210 -0.001 492.364 -168.210 17.761 490.879 -168.210 16.856 0.624391 0.357235 0.625848 0.347141 0.626691 0.347656
3 16 494.926 -168.210 -0.001 498.041 -168.210 -0.001 492.364 -168.210 17.761 0.624391 0.357235 0.622620 0.357234 0.625848 0.347141
3 16 476.189 -168.210 36.299 492.364 -168.210 17.761 477.676 -168.210 38.434 0.635041 0.336608 0.625848 0.347141 0.634194 0.335394
3 16 476.189 -168.210 36.299 490.879 -168.210 16.856 492.364 -168.210 17.761 0.635041 0.336608 0.626691 0.347656 0.625848 0.347141
3 16 454.854 -168.210 56.479 477.676 -168.210 38.434 455.496 -168.210 59.776 0.647164 0.325141 0.634194 0.335394 0.646800 0.323268
3 16 454.854 -168.210 56.479 476.189 -168.210 36.299 477.676 -168.210 38.434 0.647164 0.325141 0.635041 0.336608 0.634194 0.335394
3 16 431.981 -168.210 76.691 455.496 -168.210 59.776 433.684 -168.210 79.016 0.660163 0.313656 0.646800 0.323268 0.659196 0.312336
3 16 431.981 -168.210 76.691 454.854 -168.210 56.479 455.496 -168.210 59.776 0.660163 0.313656 0.647164 0.325141 0.646800 0.323268
3 16 402.879 -168.210 99.361 433.684 -168.210 79.016 404.904 -168.210 102.211 0.676702 0.300775 0.659196 0.312336 0.675553 0.299156
3 16 402.879 -168.210 99.361 431.981 -168.210 76.691 433.684 -168.210 79.016 0.676702 0.300775 0.660163 0.313656 0.659196 0.312336
3 16 370.609 -168.210 122.156 404.904 -168.210 102.211 372.564 -168.210 124.969 0.695041 0.287823 0.675553 0.299156 0.693931 0.286225
3 16 370.609 -168.210 122.156 402.879 -168.210 99.361 404.904 -168.210 102.211 0.695041 0.287823 0.676702 0.300775 0.675553 0.299156
3 16 370.609 -168.210 122.156 341.719 -168.210 144.271 339.901 -168.210 141.274 0.695041 0.287823 0.711459 0.275258 0.712492 0.276960
3 16 370.609 -168.210 122.156 372.564 -168.210 124.969 341.719 -168.210 144.271 0.695041 0.287823 0.693931 0.286225 0.711459 0.275258
3 16 339.901 -168.210 141.274 308.936 -168.210 161.499 307.379 -168.210 158.469 0.712492 0.276960 0.730090 0.265469 0.730974 0.267191
3 16 339.901 -168.210 141.274 341.719 -168.210 144.271 308.936 -168.210 161.499 0.712492 0.276960 0.711459 0.275258 0.730090 0.265469
3 16 270.809 -168.210 173.759 308.936 -168.210 161.499 271.721 -168.210 177.359 0.751757 0.258504 0.730090 0.265469 0.751239 0.256458
3 16 270.809 -168.210 173.759 307.379 -168.210 158.469 308.936 -168.210 161.499 0.751757 0.258504 0.730974 0.267191 0.730090 0.265469
3 16 232.866 -168.210 185.464 271.721 -168.210 177.359 233.076 -168.210 189.326 0.773319 0.251855 0.751239 0.256458 0.773200 0.249660
3 16 232.866 -168.210 185.464 270.809 -168.210 173.759 271.721 -168.210 177.359 0.773319 0.251855 0.751757 0.258504 0.751239 0.256458
3 16 191.861 -168.210 192.531 233.076 -168.210 189.326 191.481 -168.210 195.324 0.796621 0.247840 0.773200 0.249660 0.796837 0.246253
3 16 191.861 -168.210 192.531 232.866 -168.210 185.464 233.076 -168.210 189.326 0.796621 0.247840 0.773319 0.251855 0.773200 0.249660
3 16 160.901 -168.210 193.179 191.481 -168.210 195.324 160.901 -168.210 196.724 0.814214 0.247473 0.796837 0.246253 0.814214 0.245459
3 16 160.901 -168.210 193.179 191.861 -168.210 192.531 191.481 -168.210 195.324 0.814214 0.247473 0.796621 0.247840 0.796837 0.246253
3 16 160.901 -168.210 196.724 158.174 -167.180 193.374 160.901 -168.210 193.179 0.814214 0.245459 0.815871 0.247363 0.814214 0.247473
3 16 160.901 -168.210 196.724 158.174 -167.180 196.709 158.174 -167.180 193.374 0.814214 0.245459 0.815871 0.245467 0.815871 0.247363
3 16 156.014 -164.790 193.521 158.174 -167.180 196.709 156.014 -164.790 196.766 0.817701 0.247279 0.815871 0.245467 0.817701 0.245435
3 16 156.014 -164.790 193.521 158.174 -167.180 193.374 158.174 -167.180 196.709 0.817701 0.247279 0.815871 0.247363 0.815871 0.245467
3 16 -492.409 -108.095 190.149 -488.116 -108.110 195.681 -495.986 -108.028 193.669 0.966719 0.902694 0.964149 0.899655 0.968666 0.900609
3 16 -492.409 -108.095 190.149 -487.914 -108.110 191.954 -488.116 -108.110 195.681 0.966719 0.902694 0.964124 0.901776 0.964149 0.899655
3 16 -492.409 -108.095 190.149 -498.041 -108.108 185.704 -494.214 -108.110 185.704 0.966719 0.902694 0.970023 0.905081 0.967851 0.905173
3 16 -492.409 -108.095 190.149 -495.986 -108.028 193.669 -498.041 -108.108 185.704 0.966719 0.902694 0.968666 0.900609 0.970023 0.905081
3 16 -494.081 -102.185 163.889 -497.781 -100.703 163.031 -494.046 -100.708 163.031 0.425006 0.194605 0.427110 0.195576 0.424986 0.195576
3 16 -494.081 -102.185 163.889 -497.834 -102.180 163.889 -497.781 -100.703 163.031 0.425006 0.194605 0.427138 0.194606 0.427110 0.195576
3 16 -494.046 -100.708 163.031 -497.761 -100.118 161.426 -494.009 -100.120 161.426 0.424986 0.195576 0.427098 0.196547 0.424966 0.196547
3 16 -494.046 -100.708 163.031 -497.781 -100.703 163.031 -497.761 -100.118 161.426 0.424986 0.195576 0.427110 0.195576 0.427098 0.196547
3 16 -494.009 -100.120 158.974 -497.761 -100.118 161.426 -497.761 -100.118 158.974 0.424966 0.197940 0.427098 0.196547 0.427098 0.197940
3 16 -494.009 -100.120 158.974 -494.009 -100.120 161.426 -497.761 -100.118 161.426 0.424966 0.197940 0.424966 0.196547 0.427098 0.196547
3 16 -491.666 -86.325 189.776 -487.914 -108.110 191.954 -492.409 -108.095 190.149 0.592521 0.972027 0.592108 0.959410 0.594824 0.959862
3 16 -491.666 -86.325 189.776 -487.181 -86.322 191.584 -487.914 -108.110 191.954 0.592521 0.972027 0.589809 0.971585 0.592108 0.959410
3 16 -491.666 -86.325 189.776 -494.214 -108.110 185.704 -493.471 -86.322 185.334 0.853039 0.344410 0.850523 0.356835 0.850314 0.344447
3 16 -491.666 -86.325 189.776 -492.409 -108.095 190.149 -494.214 -108.110 185.704 0.853039 0.344410 0.853248 0.356789 0.850523 0.356835
3 16 -497.834 -102.180 163.889 -494.289 -108.110 164.934 -498.041 -108.108 164.934 0.427138 0.194606 0.425121 0.191186 0.427254 0.191186
3 16 -497.834 -102.180 163.889 -494.081 -102.185 163.889 -494.289 -108.110 164.934 0.427138 0.194606 0.425006 0.194605 0.425121 0.191186
3 16 -494.081 -102.185 163.889 -494.214 -108.110 185.704 -494.289 -108.110 164.934 0.838127 0.353467 0.850523 0.356835 0.838720 0.356835
3 16 -494.081 -102.185 163.889 -493.471 -86.322 185.334 -494.214 -108.110 185.704 0.838127 0.353467 0.850314 0.344447 0.850523 0.356835
3 16 -493.471 -86.322 185.334 -494.081 -102.185 163.889 -494.046 -100.708 163.031 0.850314 0.344447 0.838127 0.353467 0.837640 0.352626
3 16 -493.471 -86.322 185.334 -494.046 -100.708 163.031 -494.009 -100.120 161.426 0.850314 0.344447 0.837640 0.352626 0.836727 0.352292
3 16 -493.471 -86.322 185.334 -494.009 -100.120 161.426 -494.009 -100.120 158.974 0.850314 0.344447 0.836727 0.352292 0.835334 0.352292
3 16 -494.289 -108.110 164.934 -498.041 -108.108 185.704 -498.041 -108.108 164.934 0.968392 0.916965 0.970023 0.905081 0.970522 0.916874
3 16 -494.289 -108.110 164.934 -494.214 -108.110 185.704 -498.041 -108.108 185.704 0.968392 0.916965 0.967851 0.905173 0.970023 0.905081
3 16 -497.781 -100.703 163.031 -498.041 -108.108 185.704 -494.606 0.000 184.021 0.499127 0.126825 0.486233 0.131022 0.487233 0.070671
3 16 -497.834 -102.180 163.889 -498.041 -108.108 185.704 -497.781 -100.703 163.031 0.498639 0.127665 0.486233 0.131022 0.499127 0.126825
3 16 -497.761 -100.118 161.426 -497.781 -100.703 163.031 -494.606 0.000 184.021 0.500041 0.126493 0.499127 0.126825 0.487233 0.070671
3 16 -497.761 -100.118 158.974 -497.761 -100.118 161.426 -494.606 0.000 184.021 0.501436 0.126494 0.500041 0.126493 0.487233 0.070671
3 16 -497.834 -102.180 163.889 -498.041 -108.108 164.934 -498.041 -108.108 185.704 0.498639 0.127665 0.498041 0.131034 0.486233 0.131022
3 16 139.231 -126.373 193.634 137.876 -108.090 195.386 138.436 -108.088 192.391 0.061459 0.006340 0.071823 0.004883 0.071880 0.006614
3 16 139.231 -126.373 193.634 138.926 -126.463 195.961 137.876 -108.090 195.386 0.061459 0.006340 0.061362 0.005009 0.071823 0.004883
3 16 138.436 -108.088 192.391 161.654 -122.570 191.389 139.231 -126.373 193.634 0.240316 0.905165 0.228416 0.895109 0.241393 0.894764
3 16 138.436 -108.088 192.391 176.404 -66.267 182.221 161.654 -122.570 191.389 0.240316 0.905165 0.214991 0.925827 0.228416 0.895109
3 16 133.731 -6.250 181.584 176.404 -66.267 182.221 138.436 -108.088 192.391 0.233984 0.963166 0.214991 0.925827 0.240316 0.905165
3 16 133.731 -6.250 181.584 174.211 -6.250 167.374 176.404 -66.267 182.221 0.233984 0.963166 0.209696 0.960600 0.214991 0.925827
3 16 494.926 -168.210 -0.001 490.549 -167.270 16.674 494.604 -167.288 -0.001 0.915604 0.320994 0.916927 0.311273 0.916160 0.320994
3 16 494.926 -168.210 -0.001 490.879 -168.210 16.856 490.549 -167.270 16.674 0.915604 0.320994 0.916360 0.311171 0.916927 0.311273
3 16 490.549 -167.270 16.674 476.189 -168.210 36.299 476.006 -167.125 36.131 0.916927 0.311273 0.919582 0.297707 0.920196 0.297859
3 16 490.549 -167.270 16.674 490.879 -168.210 16.856 476.189 -168.210 36.299 0.916927 0.311273 0.916360 0.311171 0.919582 0.297707
3 16 476.006 -167.125 36.131 454.854 -168.210 56.479 454.524 -167.070 56.184 0.920196 0.297859 0.923711 0.281539 0.924389 0.281689
3 16 476.006 -167.125 36.131 476.189 -168.210 36.299 454.854 -168.210 56.479 0.920196 0.297859 0.919582 0.297707 0.923711 0.281539
3 16 454.524 -167.070 56.184 431.981 -168.210 76.691 431.701 -167.018 76.359 0.924389 0.281689 0.928146 0.264773 0.928843 0.264958
3 16 454.524 -167.070 56.184 454.854 -168.210 56.479 431.981 -168.210 76.691 0.924389 0.281689 0.923711 0.281539 0.928146 0.264773
3 16 431.701 -167.018 76.359 402.879 -168.210 99.361 402.624 -166.945 99.321 0.928843 0.264958 0.933702 0.244563 0.934430 0.244653
3 16 431.701 -167.018 76.359 431.981 -168.210 76.691 402.879 -168.210 99.361 0.928843 0.264958 0.928146 0.264773 0.933702 0.244563
3 16 402.624 -166.945 99.321 370.609 -168.210 122.156 370.384 -166.868 122.126 0.934430 0.244653 0.939573 0.222895 0.940339 0.223000
3 16 402.624 -166.945 99.321 402.879 -168.210 99.361 370.609 -168.210 122.156 0.934430 0.244653 0.933702 0.244563 0.939573 0.222895
3 16 370.384 -166.868 122.126 339.901 -168.210 141.274 339.679 -166.833 141.189 0.940339 0.223000 0.944809 0.203024 0.945595 0.203139
3 16 370.384 -166.868 122.126 370.609 -168.210 122.156 339.901 -168.210 141.274 0.940339 0.223000 0.939573 0.222895 0.944809 0.203024
3 16 339.679 -166.833 141.189 307.379 -168.210 158.469 307.271 -166.748 158.301 0.945595 0.203139 0.950008 0.182784 0.950824 0.182974
3 16 339.679 -166.833 141.189 339.901 -168.210 141.274 307.379 -168.210 158.469 0.945595 0.203139 0.944809 0.203024 0.950008 0.182784
3 16 307.271 -166.748 158.301 270.809 -168.210 173.759 270.806 -166.740 173.701 0.950824 0.182974 0.955441 0.160931 0.956251 0.161136
3 16 307.271 -166.748 158.301 307.379 -168.210 158.469 270.809 -168.210 173.759 0.950824 0.182974 0.950008 0.182784 0.955441 0.160931
3 16 270.806 -166.740 173.701 232.866 -168.210 185.464 232.881 -166.690 185.549 0.956251 0.161136 0.960552 0.138963 0.961399 0.139140
3 16 270.806 -166.740 173.701 270.809 -168.210 173.759 232.866 -168.210 185.464 0.956251 0.161136 0.955441 0.160931 0.960552 0.138963
3 16 232.881 -166.690 185.549 191.861 -168.210 192.531 191.756 -166.540 192.211 0.961399 0.139140 0.965078 0.115766 0.966035 0.115915
3 16 232.881 -166.690 185.549 232.866 -168.210 185.464 191.861 -168.210 192.531 0.961399 0.139140 0.960552 0.138963 0.965078 0.115766
3 16 191.756 -166.540 192.211 160.901 -168.210 193.179 160.916 -166.543 193.101 0.966035 0.115915 0.968602 0.098532 0.969529 0.098731
3 16 191.756 -166.540 192.211 191.861 -168.210 192.531 160.901 -168.210 193.179 0.966035 0.115915 0.965078 0.115766 0.968602 0.098532
3 16 160.916 -166.543 193.101 158.174 -167.180 193.374 159.129 -166.008 193.271 0.969529 0.098731 0.969490 0.097125 0.970033 0.097794
3 16 160.916 -166.543 193.101 160.901 -168.210 193.179 158.174 -167.180 193.374 0.969529 0.098731 0.968602 0.098532 0.969490 0.097125
3 16 159.129 -166.008 193.271 158.174 -167.180 193.374 156.014 -164.790 193.521 0.970033 0.097794 0.969490 0.097125 0.971064 0.096188
3 16 440.081 -109.945 16.899 336.069 0.000 -0.001 330.799 0.000 14.659 0.199199 0.821452 0.245130 0.748314 0.253226 0.751960
3 16 440.081 -109.945 16.899 444.441 -110.733 -0.001 336.069 0.000 -0.001 0.199199 0.821452 0.190324 0.816991 0.245130 0.748314
3 16 427.456 -110.750 37.486 330.799 0.000 14.659 322.001 0.000 33.976 0.212232 0.825813 0.253226 0.751960 0.264421 0.756410
3 16 427.456 -110.750 37.486 440.081 -109.945 16.899 330.799 0.000 14.659 0.212232 0.825813 0.199199 0.821452 0.253226 0.751960
3 16 409.461 -111.403 58.899 322.001 0.000 33.976 310.581 0.000 54.579 0.227749 0.829338 0.264421 0.756410 0.277077 0.760697
3 16 409.461 -111.403 58.899 427.456 -110.750 37.486 322.001 0.000 33.976 0.227749 0.829338 0.212232 0.825813 0.264421 0.756410
3 16 389.579 -111.283 78.711 310.581 0.000 54.579 297.431 0.000 74.126 0.243530 0.831763 0.277077 0.760697 0.289950 0.764291
3 16 389.579 -111.283 78.711 409.461 -111.403 58.899 310.581 0.000 54.579 0.243530 0.831763 0.227749 0.829338 0.277077 0.760697
3 16 365.634 -110.695 100.239 297.431 0.000 74.126 281.434 0.000 94.186 0.261726 0.833876 0.289950 0.764291 0.304156 0.767501
3 16 365.634 -110.695 100.239 389.579 -111.283 78.711 297.431 0.000 74.126 0.261726 0.833876 0.243530 0.831763 0.289950 0.764291
3 16 337.364 -111.113 122.504 281.434 0.000 94.186 260.216 0.000 115.881 0.282065 0.836191 0.304156 0.767501 0.321146 0.770331
3 16 337.364 -111.113 122.504 365.634 -110.695 100.239 281.434 0.000 94.186 0.282065 0.836191 0.261726 0.833876 0.304156 0.767501
3 16 308.796 -111.430 142.119 260.216 0.000 115.881 238.079 0.000 134.689 0.301702 0.837873 0.321146 0.770331 0.337503 0.772393
3 16 308.796 -111.430 142.119 337.364 -111.113 122.504 260.216 0.000 115.881 0.301702 0.837873 0.282065 0.836191 0.321146 0.770331
3 16 278.249 -111.495 159.586 238.079 0.000 134.689 214.726 0.000 150.824 0.321687 0.838859 0.337503 0.772393 0.353549 0.773790
3 16 278.249 -111.495 159.586 308.796 -111.430 142.119 238.079 0.000 134.689 0.321687 0.838859 0.301702 0.837873 0.337503 0.772393
3 16 244.504 -111.310 174.881 214.726 0.000 150.824 188.894 0.000 165.339 0.342760 0.839162 0.353549 0.773790 0.370332 0.774712
3 16 244.504 -111.310 174.881 278.249 -111.495 159.586 214.726 0.000 150.824 0.342760 0.839162 0.321687 0.838859 0.353549 0.773790
3 16 209.296 -111.713 186.166 188.894 0.000 165.339 161.866 0.000 177.069 0.363795 0.839188 0.370332 0.774712 0.387100 0.774790
3 16 209.296 -111.713 186.166 244.504 -111.310 174.881 188.894 0.000 165.339 0.363795 0.839188 0.342760 0.839162 0.370332 0.774712
3 16 170.199 -111.828 194.496 161.866 0.000 177.069 132.636 0.000 187.294 0.386539 0.838571 0.387100 0.774790 0.404564 0.774606
3 16 170.199 -111.828 194.496 209.296 -111.713 186.166 161.866 0.000 177.069 0.386539 0.838571 0.363795 0.839188 0.387100 0.774790
3 16 137.876 -108.090 195.386 132.636 0.000 187.294 102.134 0.000 194.069 0.404852 0.835599 0.404564 0.774606 0.422095 0.774021
3 16 137.876 -108.090 195.386 170.199 -111.828 194.496 132.636 0.000 187.294 0.404852 0.835599 0.386539 0.838571 0.404564 0.774606
3 16 -488.116 -108.110 195.681 102.134 0.000 194.069 -484.531 0.000 194.029 0.760322 0.815408 0.422095 0.774021 0.754831 0.755111
3 16 -488.116 -108.110 195.681 137.876 -108.090 195.386 102.134 0.000 194.069 0.760322 0.815408 0.404852 0.835599 0.422095 0.774021
3 16 137.876 -108.090 195.386 -487.914 -108.110 191.954 138.436 -108.088 192.391 0.608747 0.914854 0.964124 0.901776 0.608500 0.916568
3 16 137.876 -108.090 195.386 -488.116 -108.110 195.681 -487.914 -108.110 191.954 0.608747 0.914854 0.964149 0.899655 0.964124 0.901776
3 16 133.731 -6.250 181.584 47.679 -86.377 192.236 50.641 -6.250 188.419 0.233984 0.963166 0.289422 0.925237 0.280850 0.970044
3 16 133.731 -6.250 181.584 138.436 -108.088 192.391 47.679 -86.377 192.236 0.233984 0.963166 0.240316 0.905165 0.289422 0.925237
3 16 137.876 -108.090 195.386 138.926 -126.463 195.961 170.199 -111.828 194.496 0.404852 0.835599 0.404703 0.846057 0.386539 0.838571
3 16 160.901 -168.210 196.724 191.451 -164.900 195.924 158.174 -167.180 196.709 0.966041 0.859959 0.949657 0.853900 0.967689 0.859785
3 16 160.901 -168.210 196.724 191.481 -168.210 195.324 191.451 -164.900 195.924 0.966041 0.859959 0.949162 0.855747 0.949657 0.853900
3 16 232.641 -164.635 190.394 191.481 -168.210 195.324 233.076 -168.210 189.326 0.926687 0.848397 0.949162 0.855747 0.925890 0.850381
3 16 232.641 -164.635 190.394 191.451 -164.900 195.924 191.481 -168.210 195.324 0.926687 0.848397 0.949657 0.853900 0.949162 0.855747
3 16 232.641 -164.635 190.394 271.721 -168.210 177.359 273.601 -164.838 177.439 0.926687 0.848397 0.903293 0.846130 0.902662 0.844027
3 16 232.641 -164.635 190.394 233.076 -168.210 189.326 271.721 -168.210 177.359 0.926687 0.848397 0.925890 0.850381 0.903293 0.846130
3 16 273.601 -164.838 177.439 308.936 -168.210 161.499 308.064 -164.863 162.526 0.902662 0.844027 0.880612 0.842378 0.881602 0.840583
3 16 273.601 -164.838 177.439 271.721 -168.210 177.359 308.936 -168.210 161.499 0.902662 0.844027 0.903293 0.846130 0.880612 0.842378
3 16 341.459 -164.888 144.591 308.936 -168.210 161.499 341.719 -168.210 144.271 0.860300 0.837391 0.880612 0.842378 0.859802 0.839227
3 16 341.459 -164.888 144.591 308.064 -164.863 162.526 308.936 -168.210 161.499 0.860300 0.837391 0.881602 0.840583 0.880612 0.842378
3 16 372.954 -164.888 125.079 341.719 -168.210 144.271 372.564 -168.210 124.969 0.839471 0.834306 0.859802 0.839227 0.839347 0.836204
3 16 372.954 -164.888 125.079 341.459 -164.888 144.591 341.719 -168.210 144.271 0.839471 0.834306 0.860300 0.837391 0.859802 0.839227
3 16 404.376 -164.883 102.754 372.564 -168.210 124.969 404.904 -168.210 102.211 0.817785 0.831218 0.839347 0.836204 0.817100 0.833031
3 16 404.376 -164.883 102.754 372.954 -164.888 125.079 372.564 -168.210 124.969 0.817785 0.831218 0.839471 0.834306 0.839347 0.836204
3 16 432.824 -164.883 80.074 404.904 -168.210 102.211 433.684 -168.210 79.016 0.797311 0.828342 0.817100 0.833031 0.796296 0.830116
3 16 432.824 -164.883 80.074 404.376 -164.883 102.754 404.904 -168.210 102.211 0.797311 0.828342 0.817785 0.831218 0.817100 0.833031
3 16 455.606 -164.935 59.749 433.684 -168.210 79.016 455.496 -168.210 59.776 0.780114 0.826028 0.796296 0.830116 0.779919 0.827879
3 16 455.606 -164.935 59.749 432.824 -164.883 80.074 433.684 -168.210 79.016 0.780114 0.826028 0.797311 0.828342 0.796296 0.830116
3 16 455.606 -164.935 59.749 477.676 -168.210 38.434 478.554 -164.645 38.996 0.780114 0.826028 0.762590 0.825532 0.762732 0.823423
3 16 455.606 -164.935 59.749 455.496 -168.210 59.776 477.676 -168.210 38.434 0.780114 0.826028 0.779919 0.827879 0.762590 0.825532
3 16 478.554 -164.645 38.996 492.364 -168.210 17.761 493.614 -164.565 18.601 0.762732 0.823423 0.748236 0.824363 0.748396 0.822124
3 16 478.554 -164.645 38.996 477.676 -168.210 38.434 492.364 -168.210 17.761 0.762732 0.823423 0.762590 0.825532 0.748236 0.824363
3 16 496.754 -164.498 -0.001 492.364 -168.210 17.761 498.041 -168.210 -0.001 0.737675 0.822817 0.748236 0.824363 0.737675 0.825112
3 16 496.754 -164.498 -0.001 493.614 -164.565 18.601 492.364 -168.210 17.761 0.737675 0.822817 0.748396 0.822124 0.748236 0.824363
3 16 493.614 -164.565 18.601 444.441 -110.733 -0.001 440.081 -109.945 16.899 0.172801 0.856006 0.190324 0.816991 0.199199 0.821452
3 16 493.614 -164.565 18.601 496.754 -164.498 -0.001 444.441 -110.733 -0.001 0.172801 0.856006 0.163730 0.850317 0.190324 0.816991
3 16 478.554 -164.645 38.996 440.081 -109.945 16.899 427.456 -110.750 37.486 0.186775 0.859496 0.199199 0.821452 0.212232 0.825813
3 16 478.554 -164.645 38.996 493.614 -164.565 18.601 440.081 -109.945 16.899 0.186775 0.859496 0.172801 0.856006 0.199199 0.821452
3 16 455.606 -164.935 59.749 427.456 -110.750 37.486 409.461 -111.403 58.899 0.204189 0.861876 0.212232 0.825813 0.227749 0.829338
3 16 455.606 -164.935 59.749 478.554 -164.645 38.996 427.456 -110.750 37.486 0.204189 0.861876 0.186775 0.859496 0.212232 0.825813
3 16 432.824 -164.883 80.074 409.461 -111.403 58.899 389.579 -111.283 78.711 0.221401 0.864053 0.227749 0.829338 0.243530 0.831763
3 16 432.824 -164.883 80.074 455.606 -164.935 59.749 409.461 -111.403 58.899 0.221401 0.864053 0.204189 0.861876 0.227749 0.829338
3 16 404.376 -164.883 102.754 389.579 -111.283 78.711 365.634 -110.695 100.239 0.241954 0.866178 0.243530 0.831763 0.261726 0.833876
3 16 404.376 -164.883 102.754 432.824 -164.883 80.074 389.579 -111.283 78.711 0.241954 0.866178 0.221401 0.864053 0.243530 0.831763
3 16 372.954 -164.888 125.079 365.634 -110.695 100.239 337.364 -111.113 122.504 0.263777 0.867964 0.261726 0.833876 0.282065 0.836191
3 16 372.954 -164.888 125.079 404.376 -164.883 102.754 365.634 -110.695 100.239 0.263777 0.867964 0.241954 0.866178 0.261726 0.833876
3 16 341.459 -164.888 144.591 337.364 -111.113 122.504 308.796 -111.430 142.119 0.284796 0.869211 0.282065 0.836191 0.301702 0.837873
3 16 341.459 -164.888 144.591 372.954 -164.888 125.079 337.364 -111.113 122.504 0.284796 0.869211 0.263777 0.867964 0.282065 0.836191
3 16 308.064 -164.863 162.526 308.796 -111.430 142.119 278.249 -111.495 159.586 0.306337 0.870051 0.301702 0.837873 0.321687 0.838859
3 16 308.064 -164.863 162.526 341.459 -164.888 144.591 308.796 -111.430 142.119 0.306337 0.870051 0.284796 0.869211 0.301702 0.837873
3 16 273.601 -164.838 177.439 278.249 -111.495 159.586 244.504 -111.310 174.881 0.327706 0.870364 0.321687 0.838859 0.342760 0.839162
3 16 273.601 -164.838 177.439 308.064 -164.863 162.526 278.249 -111.495 159.586 0.327706 0.870364 0.306337 0.870051 0.321687 0.838859
3 16 232.641 -164.635 190.394 244.504 -111.310 174.881 209.296 -111.713 186.166 0.352168 0.870044 0.342760 0.839162 0.363795 0.839188
3 16 232.641 -164.635 190.394 273.601 -164.838 177.439 244.504 -111.310 174.881 0.352168 0.870044 0.327706 0.870364 0.342760 0.839162
3 16 191.451 -164.900 195.924 209.296 -111.713 186.166 170.199 -111.828 194.496 0.375824 0.869246 0.363795 0.839188 0.386539 0.838571
3 16 191.451 -164.900 195.924 232.641 -164.635 190.394 209.296 -111.713 186.166 0.375824 0.869246 0.352168 0.870044 0.363795 0.839188
3 16 156.014 -164.790 196.766 170.199 -111.828 194.496 138.926 -126.463 195.961 0.395996 0.868273 0.386539 0.838571 0.404703 0.846057
3 16 156.014 -164.790 196.766 191.451 -164.900 195.924 170.199 -111.828 194.496 0.395996 0.868273 0.375824 0.869246 0.386539 0.838571
3 16 156.014 -164.790 193.521 138.926 -126.463 195.961 139.231 -126.373 193.634 0.817701 0.247279 0.841548 0.245888 0.841524 0.247223
3 16 156.014 -164.790 193.521 156.014 -164.790 196.766 138.926 -126.463 195.961 0.817701 0.247279 0.817701 0.245435 0.841548 0.245888
3 16 156.014 -164.790 193.521 161.654 -122.570 191.389 160.991 -164.953 193.574 0.235026 0.871774 0.228416 0.895109 0.232240 0.871274
3 16 156.014 -164.790 193.521 139.231 -126.373 193.634 161.654 -122.570 191.389 0.235026 0.871774 0.241393 0.894764 0.228416 0.895109
3 16 191.786 -164.738 192.356 161.654 -122.570 191.389 191.764 -122.128 188.904 0.214880 0.868887 0.228416 0.895109 0.211393 0.892926
3 16 191.786 -164.738 192.356 160.991 -164.953 193.574 161.654 -122.570 191.389 0.214880 0.868887 0.232240 0.871274 0.228416 0.895109
3 16 233.121 -164.963 186.314 191.764 -122.128 188.904 244.411 -122.168 173.101 0.191364 0.865537 0.211393 0.892926 0.180320 0.889343
3 16 233.121 -164.963 186.314 191.786 -164.738 192.356 191.764 -122.128 188.904 0.191364 0.865537 0.214880 0.868887 0.211393 0.892926
3 16 271.041 -165.090 174.259 233.121 -164.963 186.314 244.411 -122.168 173.101 0.168908 0.862981 0.191364 0.865537 0.180320 0.889343
3 16 271.041 -165.090 174.259 308.419 -121.903 141.496 307.471 -165.190 158.801 0.168908 0.862981 0.139755 0.886574 0.146497 0.860932
3 16 271.041 -165.090 174.259 244.411 -122.168 173.101 308.419 -121.903 141.496 0.168908 0.862981 0.180320 0.889343 0.139755 0.886574
3 16 339.831 -165.298 141.689 307.471 -165.190 158.801 308.419 -121.903 141.496 0.125713 0.859547 0.146497 0.860932 0.139755 0.886574
3 16 339.831 -165.298 141.689 364.069 -121.518 102.786 370.561 -165.338 122.651 0.125713 0.859547 0.101182 0.885991 0.105160 0.858689
3 16 339.831 -165.298 141.689 308.419 -121.903 141.496 364.069 -121.518 102.786 0.125713 0.859547 0.139755 0.886574 0.101182 0.885991
3 16 402.691 -165.533 99.669 370.561 -165.338 122.651 364.069 -121.518 102.786 0.082678 0.858263 0.105160 0.858689 0.101182 0.885991
3 16 402.691 -165.533 99.669 410.379 -121.200 60.391 431.759 -165.645 76.409 0.082678 0.858263 0.065465 0.887570 0.061490 0.858375
3 16 402.691 -165.533 99.669 364.069 -121.518 102.786 410.379 -121.200 60.391 0.082678 0.858263 0.101182 0.885991 0.065465 0.887570
3 16 454.434 -165.765 56.111 431.759 -165.645 76.409 410.379 -121.200 60.391 0.044181 0.858902 0.061490 0.858375 0.065465 0.887570
3 16 454.434 -165.765 56.111 435.531 -120.448 29.829 475.914 -165.425 36.161 0.044181 0.858902 0.043115 0.890550 0.027523 0.859730
3 16 454.434 -165.765 56.111 410.379 -121.200 60.391 435.531 -120.448 29.829 0.044181 0.858902 0.065465 0.887570 0.043115 0.890550
3 16 489.924 -165.685 16.381 475.914 -165.425 36.161 435.531 -120.448 29.829 0.013899 0.861866 0.027523 0.859730 0.043115 0.890550
3 16 489.924 -165.685 16.381 450.126 -120.588 -0.001 494.306 -166.438 -0.001 0.013899 0.861866 0.024826 0.895525 0.004883 0.865232
3 16 489.924 -165.685 16.381 435.531 -120.448 29.829 450.126 -120.588 -0.001 0.013899 0.861866 0.043115 0.890550 0.024826 0.895525
3 16 158.174 -167.180 196.709 191.451 -164.900 195.924 156.014 -164.790 196.766 0.967689 0.859785 0.949657 0.853900 0.969225 0.858790
3 16 98.566 -2.515 -0.001 137.689 -2.515 146.354 124.986 -2.515 -0.001 0.319829 0.320664 0.402997 0.342895 0.319830 0.335677
3 16 98.566 -2.515 -0.001 98.566 -2.515 154.544 137.689 -2.515 146.354 0.319829 0.320664 0.407651 0.320662 0.402997 0.342895
3 16 -448.166 -2.515 156.491 98.566 -2.515 154.544 98.566 -2.515 -0.001 0.408752 0.009975 0.407651 0.320662 0.319829 0.320664
3 16 -459.746 0.000 -0.001 -457.129 -2.515 147.304 -457.129 -2.515 -0.001 0.475455 0.571589 0.472792 0.654556 0.473493 0.571615
3 16 -459.746 0.000 -0.001 -459.746 0.000 147.839 -457.129 -2.515 147.304 0.475455 0.571589 0.474709 0.654917 0.472792 0.654556
3 16 -494.606 0.000 -0.001 -459.746 0.000 147.839 -459.746 0.000 -0.001 0.116212 0.475841 0.032078 0.457740 0.116074 0.457191
3 16 -494.606 0.000 -0.001 -494.606 0.000 184.021 -459.746 0.000 147.839 0.116212 0.475841 0.011673 0.476767 0.032078 0.457740
3 16 -494.606 0.000 -0.001 -497.761 -100.118 158.974 -494.606 0.000 184.021 0.591786 0.070465 0.501436 0.126494 0.487233 0.070671
3 16 -494.606 0.000 -0.001 -497.761 -100.118 -0.001 -497.761 -100.118 158.974 0.591786 0.070465 0.591794 0.126490 0.501436 0.126494
3 16 -497.761 -100.118 158.974 -494.009 -100.120 -0.001 -494.009 -100.120 158.974 0.427098 0.197940 0.424955 0.288281 0.424966 0.197940
3 16 -497.761 -100.118 158.974 -497.761 -100.118 -0.001 -494.009 -100.120 -0.001 0.427098 0.197940 0.427087 0.288281 0.424955 0.288281
3 16 -494.009 -100.120 158.974 -493.471 -86.322 -0.001 -493.471 -86.322 185.334 0.835334 0.352292 0.744996 0.344439 0.850314 0.344447
3 16 -494.009 -100.120 158.974 -494.009 -100.120 -0.001 -493.471 -86.322 -0.001 0.835334 0.352292 0.744995 0.352280 0.744996 0.344439
3 16 -457.129 -2.515 147.304 98.566 -2.515 -0.001 -457.129 -2.515 -0.001 0.403531 0.004883 0.319829 0.320664 0.319824 0.005210
3 16 102.134 0.000 194.069 -448.369 0.000 159.184 -484.531 0.000 194.029 0.005650 0.138543 0.025576 0.451314 0.007047 0.472029
3 16 102.134 0.000 194.069 98.579 0.000 157.849 -448.369 0.000 159.184 0.005650 0.138543 0.024107 0.140466 0.025576 0.451314
3 16 -458.229 0.000 157.359 -484.531 0.000 194.029 -448.369 0.000 159.184 0.026652 0.456908 0.007047 0.472029 0.025576 0.451314
3 16 -458.229 0.000 157.359 -492.606 0.000 192.096 -484.531 0.000 194.029 0.026652 0.456908 0.007887 0.475885 0.007047 0.472029
3 16 -458.229 0.000 157.359 -494.606 0.000 184.021 -492.606 0.000 192.096 0.026652 0.456908 0.011673 0.476767 0.007887 0.475885
3 16 -458.229 0.000 157.359 -459.746 0.000 147.839 -494.606 0.000 184.021 0.026652 0.456908 0.032078 0.457740 0.011673 0.476767
3 16 -487.914 -108.110 191.954 47.679 -86.377 192.236 138.436 -108.088 192.391 0.592108 0.959410 0.289422 0.925237 0.240316 0.905165
3 16 -487.914 -108.110 191.954 -487.181 -86.322 191.584 47.679 -86.377 192.236 0.592108 0.959410 0.589809 0.971585 0.289422 0.925237
3 16 138.409 0.000 -149.621 188.894 0.000 -165.341 161.866 0.000 -177.069 0.198681 0.116622 0.207334 0.087915 0.214133 0.103209
3 16 138.409 0.000 -149.621 186.944 0.000 -129.836 188.894 0.000 -165.341 0.198681 0.116622 0.187248 0.089125 0.207334 0.087915
3 16 186.944 0.000 -129.836 238.079 0.000 -134.689 214.726 0.000 -150.824 0.187248 0.089125 0.189790 0.060072 0.199023 0.073290
3 16 186.944 0.000 -129.836 229.331 0.000 -101.456 238.079 0.000 -134.689 0.187248 0.089125 0.170964 0.065145 0.189790 0.060072
3 16 260.216 0.000 -115.881 266.626 0.000 -64.319 281.434 0.000 -94.189 0.179029 0.047559 0.149713 0.044098 0.166624 0.035586
3 16 260.216 0.000 -115.881 229.331 0.000 -101.456 266.626 0.000 -64.319 0.179029 0.047559 0.170964 0.065145 0.149713 0.044098
3 16 281.434 0.000 -94.189 266.626 0.000 -64.319 297.431 0.000 -74.126 0.166624 0.035586 0.149713 0.044098 0.155163 0.026568
3 16 297.431 0.000 -74.126 290.751 0.000 -29.711 310.581 0.000 -54.581 0.155163 0.026568 0.129957 0.030517 0.144010 0.019163
3 16 297.431 0.000 -74.126 266.626 0.000 -64.319 290.751 0.000 -29.711 0.155163 0.026568 0.149713 0.044098 0.129957 0.030517
3 16 138.409 0.000 -149.621 161.866 0.000 -177.069 132.636 0.000 -187.294 0.198681 0.116622 0.214133 0.103209 0.219156 0.119911
3 16 -492.606 0.000 -192.096 -498.041 -108.108 -185.706 -494.606 0.000 -184.021 0.700226 0.070494 0.697355 0.130996 0.696340 0.070644
3 16 -492.606 0.000 -192.096 -495.986 -108.028 -193.669 -498.041 -108.108 -185.706 0.700226 0.070494 0.702028 0.130902 0.697355 0.130996
3 16 -488.116 -108.110 -195.681 -492.606 0.000 -192.096 -484.531 0.000 -194.029 0.041265 0.723010 0.041126 0.662481 0.045079 0.662584
3 16 -488.116 -108.110 -195.681 -495.986 -108.028 -193.669 -492.606 0.000 -192.096 0.041265 0.723010 0.036652 0.722799 0.041126 0.662481
3 16 -455.771 -2.515 -155.171 -448.369 0.000 -159.184 -458.229 0.000 -157.359 0.473635 0.484345 0.469696 0.481599 0.475313 0.482863
3 16 -455.771 -2.515 -155.171 -448.166 -2.515 -156.491 -448.369 0.000 -159.184 0.473635 0.484345 0.469402 0.483542 0.469696 0.481599
3 16 -455.771 -2.515 -155.171 -459.746 0.000 -147.839 -457.129 -2.515 -147.304 0.473635 0.484345 0.476281 0.488318 0.474360 0.488711
3 16 -455.771 -2.515 -155.171 -458.229 0.000 -157.359 -459.746 0.000 -147.839 0.473635 0.484345 0.475313 0.482863 0.476281 0.488318
3 16 98.579 0.000 -157.851 -448.166 -2.515 -156.491 98.566 -2.515 -154.544 0.157776 0.480751 0.469402 0.483542 0.157839 0.482993
3 16 98.579 0.000 -157.851 -448.369 0.000 -159.184 -448.166 -2.515 -156.491 0.157776 0.480751 0.469696 0.481599 0.469402 0.483542
3 16 137.689 -2.515 -146.354 186.944 0.000 -129.836 138.409 0.000 -149.621 0.135576 0.487680 0.107315 0.496743 0.135082 0.485471
3 16 137.689 -2.515 -146.354 185.609 -2.515 -127.089 186.944 0.000 -129.836 0.135576 0.487680 0.108280 0.498679 0.107315 0.496743
3 16 229.331 0.000 -101.456 185.609 -2.515 -127.089 227.449 -2.515 -99.026 0.083147 0.513031 0.108280 0.498679 0.084477 0.514704
3 16 229.331 0.000 -101.456 186.944 0.000 -129.836 185.609 -2.515 -127.089 0.083147 0.513031 0.107315 0.496743 0.108280 0.498679
3 16 266.626 0.000 -64.319 227.449 -2.515 -99.026 264.259 -2.515 -62.334 0.061887 0.534285 0.084477 0.514704 0.063546 0.535649
3 16 266.626 0.000 -64.319 229.331 0.000 -101.456 227.449 -2.515 -99.026 0.061887 0.534285 0.083147 0.513031 0.084477 0.514704
3 16 288.449 -2.515 -28.449 266.626 0.000 -64.319 264.259 -2.515 -62.334 0.049825 0.555015 0.061887 0.534285 0.063546 0.535649
3 16 288.449 -2.515 -28.449 290.751 0.000 -29.711 266.626 0.000 -64.319 0.049825 0.555015 0.048140 0.554071 0.061887 0.534285
3 16 301.081 -2.515 -2.976 290.751 0.000 -29.711 288.449 -2.515 -28.449 0.042685 0.569559 0.048140 0.554071 0.049825 0.555015
3 16 301.081 -2.515 -2.976 303.839 0.000 -3.594 290.751 0.000 -29.711 0.042685 0.569559 0.040709 0.569088 0.048140 0.554071
3 16 322.001 0.000 -33.976 303.839 0.000 -3.594 330.799 0.000 -14.659 0.132257 0.012748 0.115061 0.023181 0.121246 0.007822
3 16 98.566 -2.515 -0.001 -448.166 -2.515 -156.491 -455.771 -2.515 -155.171 0.319829 0.320664 0.230896 0.009978 0.231646 0.005656
3 16 98.566 -2.515 -0.001 -455.771 -2.515 -155.171 -457.129 -2.515 -147.304 0.319829 0.320664 0.231646 0.005656 0.236116 0.004886
3 16 185.609 -2.515 -127.089 124.986 -2.515 -0.001 146.291 -2.515 -0.001 0.247610 0.370128 0.319830 0.335677 0.319830 0.347784
3 16 185.609 -2.515 -127.089 137.689 -2.515 -146.354 124.986 -2.515 -0.001 0.247610 0.370128 0.236662 0.342898 0.319830 0.335677
3 16 227.449 -2.515 -99.026 185.609 -2.515 -127.089 146.291 -2.515 -0.001 0.263558 0.393904 0.247610 0.370128 0.319830 0.347784
3 16 264.259 -2.515 -62.334 227.449 -2.515 -99.026 146.291 -2.515 -0.001 0.284409 0.414822 0.263558 0.393904 0.319830 0.347784
3 16 288.449 -2.515 -28.449 264.259 -2.515 -62.334 146.291 -2.515 -0.001 0.303665 0.428568 0.284409 0.414822 0.319830 0.347784
3 16 288.449 -2.515 -28.449 146.291 -2.515 -0.001 301.081 -2.515 -2.976 0.303665 0.428568 0.319830 0.347784 0.318140 0.435746
3 16 98.566 -2.515 -154.544 138.409 0.000 -149.621 98.579 0.000 -157.851 0.157839 0.482993 0.135082 0.485471 0.157776 0.480751
3 16 98.566 -2.515 -154.544 137.689 -2.515 -146.354 138.409 0.000 -149.621 0.157839 0.482993 0.135576 0.487680 0.135082 0.485471
3 16 98.579 0.000 -157.851 132.636 0.000 -187.294 102.134 0.000 -194.069 0.203504 0.139225 0.219156 0.119911 0.221932 0.137046
3 16 98.579 0.000 -157.851 138.409 0.000 -149.621 132.636 0.000 -187.294 0.203504 0.139225 0.198681 0.116622 0.219156 0.119911
3 16 322.001 0.000 -33.976 290.751 0.000 -29.711 303.839 0.000 -3.594 0.132257 0.012748 0.129957 0.030517 0.115061 0.023181
3 16 322.001 0.000 -33.976 310.581 0.000 -54.581 290.751 0.000 -29.711 0.132257 0.012748 0.144010 0.019163 0.129957 0.030517
3 16 49.566 -6.250 -0.001 133.731 -6.250 -181.584 124.846 -6.250 -0.001 0.732419 0.583232 0.835864 0.630499 0.732651 0.626010
3 16 49.566 -6.250 -0.001 50.641 -6.250 -188.419 133.731 -6.250 -181.584 0.732419 0.583232 0.839492 0.583263 0.835864 0.630499
3 16 330.799 0.000 -14.659 304.829 0.000 -0.001 336.069 0.000 -0.001 0.121246 0.007822 0.113015 0.022632 0.112894 0.004884
3 16 330.799 0.000 -14.659 303.839 0.000 -3.594 304.829 0.000 -0.001 0.121246 0.007822 0.115061 0.023181 0.113015 0.022632
3 16 301.654 -2.587 -0.001 303.839 0.000 -3.594 301.081 -2.515 -2.976 0.042358 0.571231 0.040709 0.569088 0.042685 0.569559
3 16 301.654 -2.587 -0.001 304.829 0.000 -0.001 303.839 0.000 -3.594 0.042358 0.571231 0.040184 0.571228 0.040709 0.569088
3 16 301.654 -2.587 -0.001 301.081 -2.515 -2.976 146.291 -2.515 -0.001 0.319831 0.436071 0.318140 0.435746 0.319830 0.347784
3 16 490.549 -167.270 -16.674 494.306 -166.438 -0.001 489.924 -165.685 -16.381 0.916926 0.330714 0.916671 0.320994 0.917897 0.330563
3 16 490.549 -167.270 -16.674 494.604 -167.288 -0.001 494.306 -166.438 -0.001 0.916926 0.330714 0.916160 0.320994 0.916671 0.320994
3 16 476.006 -167.125 -36.134 489.924 -165.685 -16.381 475.914 -165.425 -36.161 0.920194 0.344128 0.917897 0.330563 0.921145 0.343944
3 16 476.006 -167.125 -36.134 490.549 -167.270 -16.674 489.924 -165.685 -16.381 0.920194 0.344128 0.916926 0.330714 0.917897 0.330563
3 16 454.524 -167.070 -56.184 475.914 -165.425 -36.161 454.434 -165.765 -56.114 0.924387 0.360299 0.921145 0.343944 0.925110 0.360120
3 16 454.524 -167.070 -56.184 476.006 -167.125 -36.134 475.914 -165.425 -36.161 0.924387 0.360299 0.920194 0.344128 0.921145 0.343944
3 16 431.701 -167.018 -76.359 454.434 -165.765 -56.114 431.759 -165.645 -76.409 0.928839 0.377030 0.925110 0.360120 0.929591 0.376820
3 16 431.701 -167.018 -76.359 454.524 -167.070 -56.184 454.434 -165.765 -56.114 0.928839 0.377030 0.924387 0.360299 0.925110 0.360120
3 16 431.759 -165.645 -76.409 402.624 -166.945 -99.321 431.701 -167.018 -76.359 0.929591 0.376820 0.934424 0.397335 0.928839 0.377030
3 16 431.759 -165.645 -76.409 402.691 -165.533 -99.669 402.624 -166.945 -99.321 0.929591 0.376820 0.935242 0.397203 0.934424 0.397335
3 16 402.691 -165.533 -99.669 370.384 -166.868 -122.126 402.624 -166.945 -99.321 0.935242 0.397203 0.940332 0.418989 0.934424 0.397335
3 16 402.691 -165.533 -99.669 370.561 -165.338 -122.651 370.384 -166.868 -122.126 0.935242 0.397203 0.941243 0.418830 0.940332 0.418989
3 16 339.831 -165.298 -141.689 307.271 -166.748 -158.301 339.679 -166.833 -141.189 0.946492 0.438682 0.950814 0.459016 0.945586 0.438850
3 16 339.831 -165.298 -141.689 307.471 -165.190 -158.801 307.271 -166.748 -158.301 0.946492 0.438682 0.951726 0.458805 0.950814 0.459016
3 16 334.456 -6.250 -0.001 386.469 -65.075 -23.206 395.134 -65.793 -0.001 0.920567 0.075508 0.875942 0.062388 0.880203 0.048988
3 16 334.456 -6.250 -0.001 328.309 -6.250 -15.856 386.469 -65.075 -23.206 0.920567 0.075508 0.917518 0.084686 0.875942 0.062388
3 16 328.309 -6.250 -15.856 367.506 -64.817 -50.724 386.469 -65.075 -23.206 0.917518 0.084686 0.872951 0.081114 0.875942 0.062388
3 16 328.309 -6.250 -15.856 316.916 -6.250 -39.051 367.506 -64.817 -50.724 0.917518 0.084686 0.913740 0.098888 0.872951 0.081114
3 16 316.916 -6.250 -39.051 332.189 -64.180 -90.369 367.506 -64.817 -50.724 0.913740 0.098888 0.870539 0.111169 0.872951 0.081114
3 16 316.916 -6.250 -39.051 294.394 -6.250 -73.264 332.189 -64.180 -90.369 0.913740 0.098888 0.909626 0.121837 0.870539 0.111169
3 16 233.121 -164.963 -186.314 270.806 -166.740 -173.701 271.041 -165.090 -174.259 0.962436 0.502590 0.956239 0.480855 0.957207 0.480605
3 16 233.121 -164.963 -186.314 232.881 -166.690 -185.549 270.806 -166.740 -173.701 0.962436 0.502590 0.961386 0.502850 0.956239 0.480855
3 16 232.881 -166.690 -185.549 191.786 -164.738 -192.356 191.756 -166.540 -192.211 0.961386 0.502850 0.967026 0.525866 0.966020 0.526075
3 16 232.881 -166.690 -185.549 233.121 -164.963 -186.314 191.786 -164.738 -192.356 0.961386 0.502850 0.962436 0.502590 0.967026 0.525866
3 16 191.756 -166.540 -192.211 160.991 -164.953 -193.576 160.916 -166.543 -193.101 0.966020 0.526075 0.970431 0.543039 0.969513 0.543260
3 16 191.756 -166.540 -192.211 191.786 -164.738 -192.356 160.991 -164.953 -193.576 0.966020 0.526075 0.967026 0.525866 0.970431 0.543039
3 16 219.029 -6.250 -143.666 176.404 -66.267 -182.221 233.576 -65.550 -161.244 0.906883 0.180744 0.873863 0.214934 0.870781 0.180386
3 16 219.029 -6.250 -143.666 174.211 -6.250 -167.374 176.404 -66.267 -182.221 0.906883 0.180744 0.908631 0.209607 0.873863 0.214934
3 16 159.129 -166.008 -193.271 160.991 -164.953 -193.576 156.014 -164.790 -193.521 0.970017 0.544197 0.970431 0.543039 0.971048 0.545804
3 16 159.129 -166.008 -193.271 160.916 -166.543 -193.101 160.991 -164.953 -193.576 0.970017 0.544197 0.969513 0.543260 0.970431 0.543039
3 16 435.531 -120.448 -29.829 395.134 -65.793 -0.001 386.469 -65.075 -23.206 0.838427 0.043092 0.880203 0.048988 0.875942 0.062388
3 16 435.531 -120.448 -29.829 450.126 -120.588 -0.001 395.134 -65.793 -0.001 0.838427 0.043092 0.843385 0.024798 0.880203 0.048988
3 16 386.469 -65.075 -23.206 410.379 -121.200 -60.391 435.531 -120.448 -29.829 0.875942 0.062388 0.835468 0.065444 0.838427 0.043092
3 16 386.469 -65.075 -23.206 367.506 -64.817 -50.724 410.379 -121.200 -60.391 0.875942 0.062388 0.872951 0.081114 0.835468 0.065444
3 16 367.506 -64.817 -50.724 364.069 -121.518 -102.786 410.379 -121.200 -60.391 0.872951 0.081114 0.833922 0.101162 0.835468 0.065444
3 16 367.506 -64.817 -50.724 332.189 -64.180 -90.369 364.069 -121.518 -102.786 0.872951 0.081114 0.870539 0.111169 0.833922 0.101162
3 16 233.576 -65.550 -161.244 191.764 -122.128 -188.904 244.411 -122.168 -173.104 0.870781 0.180386 0.840959 0.211367 0.837347 0.180298
3 16 233.576 -65.550 -161.244 176.404 -66.267 -182.221 191.764 -122.128 -188.904 0.870781 0.180386 0.873863 0.214934 0.840959 0.211367
3 16 176.404 -66.267 -182.221 161.654 -122.570 -191.391 191.764 -122.128 -188.904 0.873863 0.214934 0.843158 0.228388 0.840959 0.211367
3 16 124.846 -6.250 -0.001 328.309 -6.250 -15.856 334.456 -6.250 -0.001 0.732651 0.626010 0.742288 0.741580 0.733296 0.745121
3 16 124.846 -6.250 -0.001 316.916 -6.250 -39.051 328.309 -6.250 -15.856 0.732651 0.626010 0.755433 0.735035 0.742288 0.741580
3 16 124.846 -6.250 -0.001 294.394 -6.250 -73.264 316.916 -6.250 -39.051 0.732651 0.626010 0.774805 0.722131 0.755433 0.735035
3 16 124.846 -6.250 -0.001 174.211 -6.250 -167.374 219.029 -6.250 -143.666 0.732651 0.626010 0.827914 0.653547 0.814579 0.679088
3 16 124.846 -6.250 -0.001 133.731 -6.250 -181.584 174.211 -6.250 -167.374 0.732651 0.626010 0.835864 0.630499 0.827914 0.653547
3 16 238.079 0.000 -134.689 229.331 0.000 -101.456 260.216 0.000 -115.881 0.189790 0.060072 0.170964 0.065145 0.179029 0.047559
3 16 339.679 -166.833 -141.189 370.561 -165.338 -122.651 339.831 -165.298 -141.689 0.945586 0.438850 0.941243 0.418830 0.946492 0.438682
3 16 339.679 -166.833 -141.189 370.384 -166.868 -122.126 370.561 -165.338 -122.651 0.945586 0.438850 0.940332 0.418989 0.941243 0.418830
3 16 332.189 -64.180 -90.369 308.419 -121.903 -141.496 364.069 -121.518 -102.786 0.870539 0.111169 0.834540 0.139735 0.833922 0.101162
3 16 332.189 -64.180 -90.369 287.294 -64.805 -129.049 308.419 -121.903 -141.496 0.870539 0.111169 0.869487 0.144814 0.834540 0.139735
3 16 294.394 -6.250 -73.264 287.294 -64.805 -129.049 332.189 -64.180 -90.369 0.909626 0.121837 0.869487 0.144814 0.870539 0.111169
3 16 294.394 -6.250 -73.264 260.719 -6.250 -110.894 287.294 -64.805 -129.049 0.909626 0.121837 0.907043 0.150492 0.869487 0.144814
3 16 124.846 -6.250 -0.001 260.719 -6.250 -110.894 294.394 -6.250 -73.264 0.732651 0.626010 0.796084 0.702878 0.774805 0.722131
3 16 188.894 0.000 -165.341 186.944 0.000 -129.836 214.726 0.000 -150.824 0.207334 0.087915 0.187248 0.089125 0.199023 0.073290
3 16 270.806 -166.740 -173.701 307.471 -165.190 -158.801 271.041 -165.090 -174.259 0.956239 0.480855 0.951726 0.458805 0.957207 0.480605
3 16 270.806 -166.740 -173.701 307.271 -166.748 -158.301 307.471 -165.190 -158.801 0.956239 0.480855 0.950814 0.459016 0.951726 0.458805
3 16 287.294 -64.805 -129.049 244.411 -122.168 -173.104 308.419 -121.903 -141.496 0.869487 0.144814 0.837347 0.180298 0.834540 0.139735
3 16 287.294 -64.805 -129.049 233.576 -65.550 -161.244 244.411 -122.168 -173.104 0.869487 0.144814 0.870781 0.180386 0.837347 0.180298
3 16 260.719 -6.250 -110.894 233.576 -65.550 -161.244 287.294 -64.805 -129.049 0.907043 0.150492 0.870781 0.180386 0.869487 0.144814
3 16 260.719 -6.250 -110.894 219.029 -6.250 -143.666 233.576 -65.550 -161.244 0.907043 0.150492 0.906883 0.180744 0.870781 0.180386
3 16 124.846 -6.250 -0.001 219.029 -6.250 -143.666 260.719 -6.250 -110.894 0.732651 0.626010 0.814579 0.679088 0.796084 0.702878
3 16 494.926 -168.210 -0.001 492.364 -168.210 -17.761 498.041 -168.210 -0.001 0.624391 0.357235 0.625846 0.367328 0.622620 0.357234
3 16 494.926 -168.210 -0.001 490.879 -168.210 -16.856 492.364 -168.210 -17.761 0.624391 0.357235 0.626690 0.366813 0.625846 0.367328
3 16 492.364 -168.210 -17.761 476.189 -168.210 -36.299 477.676 -168.210 -38.436 0.625846 0.367328 0.635037 0.377862 0.634191 0.379077
3 16 492.364 -168.210 -17.761 490.879 -168.210 -16.856 476.189 -168.210 -36.299 0.625846 0.367328 0.626690 0.366813 0.635037 0.377862
3 16 477.676 -168.210 -38.436 454.854 -168.210 -56.479 455.496 -168.210 -59.776 0.634191 0.379077 0.647159 0.389332 0.646794 0.391205
3 16 477.676 -168.210 -38.436 476.189 -168.210 -36.299 454.854 -168.210 -56.479 0.634191 0.379077 0.635037 0.377862 0.647159 0.389332
3 16 455.496 -168.210 -59.776 431.981 -168.210 -76.694 433.684 -168.210 -79.016 0.646794 0.391205 0.660156 0.400819 0.659189 0.402139
3 16 455.496 -168.210 -59.776 454.854 -168.210 -56.479 431.981 -168.210 -76.694 0.646794 0.391205 0.647159 0.389332 0.660156 0.400819
3 16 433.684 -168.210 -79.016 402.879 -168.210 -99.361 404.904 -168.210 -102.211 0.659189 0.402139 0.676693 0.413702 0.675543 0.415322
3 16 433.684 -168.210 -79.016 431.981 -168.210 -76.694 402.879 -168.210 -99.361 0.659189 0.402139 0.660156 0.400819 0.676693 0.413702
3 16 404.904 -168.210 -102.211 370.609 -168.210 -122.159 372.564 -168.210 -124.969 0.675543 0.415322 0.695030 0.426658 0.693919 0.428255
3 16 404.904 -168.210 -102.211 402.879 -168.210 -99.361 370.609 -168.210 -122.159 0.675543 0.415322 0.676693 0.413702 0.695030 0.426658
3 16 370.609 -168.210 -122.159 341.719 -168.210 -144.271 372.564 -168.210 -124.969 0.695030 0.426658 0.711446 0.439225 0.693919 0.428255
3 16 370.609 -168.210 -122.159 339.901 -168.210 -141.276 341.719 -168.210 -144.271 0.695030 0.426658 0.712478 0.437523 0.711446 0.439225
3 16 339.901 -168.210 -141.276 308.936 -168.210 -161.499 341.719 -168.210 -144.271 0.712478 0.437523 0.730075 0.449017 0.711446 0.439225
3 16 339.901 -168.210 -141.276 307.379 -168.210 -158.469 308.936 -168.210 -161.499 0.712478 0.437523 0.730959 0.447296 0.730075 0.449017
3 16 308.936 -168.210 -161.499 270.809 -168.210 -173.759 271.721 -168.210 -177.359 0.730075 0.449017 0.751741 0.455986 0.751222 0.458032
3 16 308.936 -168.210 -161.499 307.379 -168.210 -158.469 270.809 -168.210 -173.759 0.730075 0.449017 0.730959 0.447296 0.751741 0.455986
3 16 271.721 -168.210 -177.359 232.866 -168.210 -185.464 233.076 -168.210 -189.326 0.751222 0.458032 0.773301 0.462639 0.773182 0.464834
3 16 271.721 -168.210 -177.359 270.809 -168.210 -173.759 232.866 -168.210 -185.464 0.751222 0.458032 0.751741 0.455986 0.773301 0.462639
3 16 233.076 -168.210 -189.326 191.861 -168.210 -192.531 191.481 -168.210 -195.324 0.773182 0.464834 0.796603 0.466658 0.796818 0.468245
3 16 233.076 -168.210 -189.326 232.866 -168.210 -185.464 191.861 -168.210 -192.531 0.773182 0.464834 0.773301 0.462639 0.796603 0.466658
3 16 191.481 -168.210 -195.324 160.901 -168.210 -193.179 160.901 -168.210 -196.724 0.796818 0.468245 0.814196 0.467027 0.814195 0.469041
3 16 191.481 -168.210 -195.324 191.861 -168.210 -192.531 160.901 -168.210 -193.179 0.796818 0.468245 0.796603 0.466658 0.814196 0.467027
3 16 160.901 -168.210 -196.724 158.174 -167.180 -193.374 158.174 -167.180 -196.709 0.814195 0.469041 0.815853 0.467138 0.815853 0.469033
3 16 160.901 -168.210 -196.724 160.901 -168.210 -193.179 158.174 -167.180 -193.374 0.814195 0.469041 0.814196 0.467027 0.815853 0.467138
3 16 158.174 -167.180 -196.709 156.014 -164.790 -193.521 156.014 -164.790 -196.766 0.815853 0.469033 0.817683 0.467222 0.817683 0.469066
3 16 158.174 -167.180 -196.709 158.174 -167.180 -193.374 156.014 -164.790 -193.521 0.815853 0.469033 0.815853 0.467138 0.817683 0.467222
3 16 -488.116 -108.110 -195.681 -492.409 -108.095 -190.149 -495.986 -108.028 -193.669 0.434658 0.617811 0.437228 0.614773 0.439175 0.616858
3 16 -488.116 -108.110 -195.681 -487.914 -108.110 -191.954 -492.409 -108.095 -190.149 0.434658 0.617811 0.434632 0.615690 0.437228 0.614773
3 16 -492.409 -108.095 -190.149 -498.041 -108.108 -185.706 -495.986 -108.028 -193.669 0.437228 0.614773 0.440532 0.612386 0.439175 0.616858
3 16 -492.409 -108.095 -190.149 -494.214 -108.110 -185.704 -498.041 -108.108 -185.706 0.437228 0.614773 0.438360 0.612293 0.440532 0.612386
3 16 -494.081 -102.185 -163.889 -497.781 -100.703 -163.031 -497.834 -102.180 -163.889 0.424984 0.381957 0.427088 0.380986 0.427116 0.381956
3 16 -494.081 -102.185 -163.889 -494.046 -100.708 -163.031 -497.781 -100.703 -163.031 0.424984 0.381957 0.424964 0.380986 0.427088 0.380986
3 16 -494.046 -100.708 -163.031 -497.761 -100.118 -161.426 -497.781 -100.703 -163.031 0.424964 0.380986 0.427076 0.380015 0.427088 0.380986
3 16 -494.046 -100.708 -163.031 -494.009 -100.120 -161.426 -497.761 -100.118 -161.426 0.424964 0.380986 0.424944 0.380015 0.427076 0.380015
3 16 -497.761 -100.118 -161.426 -494.009 -100.120 -158.974 -497.761 -100.118 -158.974 0.427076 0.380015 0.424944 0.378622 0.427077 0.378622
3 16 -497.761 -100.118 -161.426 -494.009 -100.120 -161.426 -494.009 -100.120 -158.974 0.427076 0.380015 0.424944 0.380015 0.424944 0.378622
3 16 -487.914 -108.110 -191.954 -491.666 -86.325 -189.776 -492.409 -108.095 -190.149 0.907795 0.592020 0.920412 0.592421 0.908249 0.594736
3 16 -487.914 -108.110 -191.954 -487.181 -86.322 -191.584 -491.666 -86.325 -189.776 0.907795 0.592020 0.919968 0.589710 0.920412 0.592421
3 16 -491.666 -86.325 -189.776 -494.214 -108.110 -185.704 -492.409 -108.095 -190.149 0.636953 0.344381 0.639465 0.356807 0.636740 0.356760
3 16 -491.666 -86.325 -189.776 -493.471 -86.322 -185.334 -494.214 -108.110 -185.704 0.636953 0.344381 0.639678 0.344419 0.639465 0.356807
3 16 -494.289 -108.110 -164.934 -497.834 -102.180 -163.889 -498.041 -108.108 -164.934 0.425098 0.385376 0.427116 0.381956 0.427231 0.385376
3 16 -494.289 -108.110 -164.934 -494.081 -102.185 -163.889 -497.834 -102.180 -163.889 0.425098 0.385376 0.424984 0.381957 0.427116 0.381956
3 16 -494.214 -108.110 -185.704 -494.081 -102.185 -163.889 -494.289 -108.110 -164.934 0.639465 0.356807 0.651863 0.353442 0.651269 0.356810
3 16 -494.214 -108.110 -185.704 -493.471 -86.322 -185.334 -494.081 -102.185 -163.889 0.639465 0.356807 0.639678 0.344419 0.651863 0.353442
3 16 -494.081 -102.185 -163.889 -493.471 -86.322 -185.334 -494.046 -100.708 -163.031 0.651863 0.353442 0.639678 0.344419 0.652350 0.352601
3 16 -494.046 -100.708 -163.031 -493.471 -86.322 -185.334 -494.009 -100.120 -161.426 0.652350 0.352601 0.639678 0.344419 0.653262 0.352267
3 16 -494.009 -100.120 -161.426 -493.471 -86.322 -185.334 -494.009 -100.120 -158.974 0.653262 0.352267 0.639678 0.344419 0.654655 0.352267
3 16 -494.289 -108.110 -164.934 -498.041 -108.108 -185.706 -494.214 -108.110 -185.704 0.438902 0.600502 0.440532 0.612386 0.438360 0.612293
3 16 -494.289 -108.110 -164.934 -498.041 -108.108 -164.934 -498.041 -108.108 -185.706 0.438902 0.600502 0.441032 0.600593 0.440532 0.612386
3 16 -498.041 -108.108 -185.706 -497.781 -100.703 -163.031 -494.606 0.000 -184.021 0.697355 0.130996 0.684460 0.126802 0.696340 0.070644
3 16 -497.834 -102.180 -163.889 -497.781 -100.703 -163.031 -498.041 -108.108 -185.706 0.684949 0.127642 0.684460 0.126802 0.697355 0.130996
3 16 -497.781 -100.703 -163.031 -497.761 -100.118 -161.426 -494.606 0.000 -184.021 0.684460 0.126802 0.683546 0.126470 0.696340 0.070644
3 16 -497.761 -100.118 -161.426 -497.761 -100.118 -158.974 -494.606 0.000 -184.021 0.683546 0.126470 0.682151 0.126471 0.696340 0.070644
3 16 -498.041 -108.108 -164.934 -497.834 -102.180 -163.889 -498.041 -108.108 -185.706 0.685547 0.131011 0.684949 0.127642 0.697355 0.130996
3 16 137.876 -108.090 -195.386 139.231 -126.373 -193.634 138.436 -108.088 -192.391 0.085944 0.006614 0.075564 0.005270 0.085981 0.004883
3 16 137.876 -108.090 -195.386 138.926 -126.463 -195.961 139.231 -126.373 -193.634 0.085944 0.006614 0.075481 0.006602 0.075564 0.005270
3 16 138.436 -108.088 -192.391 161.654 -122.570 -191.391 176.404 -66.267 -182.221 0.853224 0.240278 0.843158 0.228388 0.873863 0.214934
3 16 138.436 -108.088 -192.391 139.231 -126.373 -193.634 161.654 -122.570 -191.391 0.853224 0.240278 0.842824 0.241366 0.843158 0.228388
3 16 176.404 -66.267 -182.221 133.731 -6.250 -181.584 138.436 -108.088 -192.391 0.873863 0.214934 0.911219 0.233893 0.853224 0.240278
3 16 176.404 -66.267 -182.221 174.211 -6.250 -167.374 133.731 -6.250 -181.584 0.873863 0.214934 0.908631 0.209607 0.911219 0.233893
3 16 494.926 -168.210 -0.001 490.549 -167.270 -16.674 490.879 -168.210 -16.856 0.915604 0.320994 0.916926 0.330714 0.916359 0.330816
3 16 494.926 -168.210 -0.001 494.604 -167.288 -0.001 490.549 -167.270 -16.674 0.915604 0.320994 0.916160 0.320994 0.916926 0.330714
3 16 476.189 -168.210 -36.299 490.549 -167.270 -16.674 476.006 -167.125 -36.134 0.919581 0.344281 0.916926 0.330714 0.920194 0.344128
3 16 476.189 -168.210 -36.299 490.879 -168.210 -16.856 490.549 -167.270 -16.674 0.919581 0.344281 0.916359 0.330816 0.916926 0.330714
3 16 454.854 -168.210 -56.479 476.006 -167.125 -36.134 454.524 -167.070 -56.184 0.923708 0.360449 0.920194 0.344128 0.924387 0.360299
3 16 454.854 -168.210 -56.479 476.189 -168.210 -36.299 476.006 -167.125 -36.134 0.923708 0.360449 0.919581 0.344281 0.920194 0.344128
3 16 431.981 -168.210 -76.694 454.524 -167.070 -56.184 431.701 -167.018 -76.359 0.928142 0.377215 0.924387 0.360299 0.928839 0.377030
3 16 431.981 -168.210 -76.694 454.854 -168.210 -56.479 454.524 -167.070 -56.184 0.928142 0.377215 0.923708 0.360449 0.924387 0.360299
3 16 402.879 -168.210 -99.361 431.701 -167.018 -76.359 402.624 -166.945 -99.321 0.933697 0.397426 0.928839 0.377030 0.934424 0.397335
3 16 402.879 -168.210 -99.361 431.981 -168.210 -76.694 431.701 -167.018 -76.359 0.933697 0.397426 0.928142 0.377215 0.928839 0.377030
3 16 370.609 -168.210 -122.159 402.624 -166.945 -99.321 370.384 -166.868 -122.126 0.939566 0.419094 0.934424 0.397335 0.940332 0.418989
3 16 370.609 -168.210 -122.159 402.879 -168.210 -99.361 402.624 -166.945 -99.321 0.939566 0.419094 0.933697 0.397426 0.934424 0.397335
3 16 339.901 -168.210 -141.276 370.384 -166.868 -122.126 339.679 -166.833 -141.189 0.944800 0.438965 0.940332 0.418989 0.945586 0.438850
3 16 339.901 -168.210 -141.276 370.609 -168.210 -122.159 370.384 -166.868 -122.126 0.944800 0.438965 0.939566 0.419094 0.940332 0.418989
3 16 307.379 -168.210 -158.469 339.679 -166.833 -141.189 307.271 -166.748 -158.301 0.949998 0.459206 0.945586 0.438850 0.950814 0.459016
3 16 307.379 -168.210 -158.469 339.901 -168.210 -141.276 339.679 -166.833 -141.189 0.949998 0.459206 0.944800 0.438965 0.945586 0.438850
3 16 270.809 -168.210 -173.759 307.271 -166.748 -158.301 270.806 -166.740 -173.701 0.955430 0.481059 0.950814 0.459016 0.956239 0.480855
3 16 270.809 -168.210 -173.759 307.379 -168.210 -158.469 307.271 -166.748 -158.301 0.955430 0.481059 0.949998 0.459206 0.950814 0.459016
3 16 232.866 -168.210 -185.464 270.806 -166.740 -173.701 232.881 -166.690 -185.549 0.960539 0.503028 0.956239 0.480855 0.961386 0.502850
3 16 232.866 -168.210 -185.464 270.809 -168.210 -173.759 270.806 -166.740 -173.701 0.960539 0.503028 0.955430 0.481059 0.956239 0.480855
3 16 191.861 -168.210 -192.531 232.881 -166.690 -185.549 191.756 -166.540 -192.211 0.965063 0.526225 0.961386 0.502850 0.966020 0.526075
3 16 191.861 -168.210 -192.531 232.866 -168.210 -185.464 232.881 -166.690 -185.549 0.965063 0.526225 0.960539 0.503028 0.961386 0.502850
3 16 160.901 -168.210 -193.179 191.756 -166.540 -192.211 160.916 -166.543 -193.101 0.968587 0.543459 0.966020 0.526075 0.969513 0.543260
3 16 160.901 -168.210 -193.179 191.861 -168.210 -192.531 191.756 -166.540 -192.211 0.968587 0.543459 0.965063 0.526225 0.966020 0.526075
3 16 158.174 -167.180 -193.374 160.916 -166.543 -193.101 159.129 -166.008 -193.271 0.969474 0.544866 0.969513 0.543260 0.970017 0.544197
3 16 158.174 -167.180 -193.374 160.901 -168.210 -193.179 160.916 -166.543 -193.101 0.969474 0.544866 0.968587 0.543459 0.969513 0.543260
3 16 158.174 -167.180 -193.374 159.129 -166.008 -193.271 156.014 -164.790 -193.521 0.969474 0.544866 0.970017 0.544197 0.971048 0.545804
3 16 440.081 -109.945 -16.899 336.069 0.000 -0.001 444.441 -110.733 -0.001 0.602339 0.713468 0.554395 0.641633 0.611086 0.708762
3 16 440.081 -109.945 -16.899 330.799 0.000 -14.659 336.069 0.000 -0.001 0.602339 0.713468 0.546403 0.645503 0.554395 0.641633
3 16 427.456 -110.750 -37.486 330.799 0.000 -14.659 440.081 -109.945 -16.899 0.589432 0.718190 0.546403 0.645503 0.602339 0.713468
3 16 427.456 -110.750 -37.486 322.001 0.000 -33.976 330.799 0.000 -14.659 0.589432 0.718190 0.535336 0.650262 0.546403 0.645503
3 16 409.461 -111.403 -58.899 322.001 0.000 -33.976 427.456 -110.750 -37.486 0.574019 0.722143 0.535336 0.650262 0.589432 0.718190
3 16 409.461 -111.403 -58.899 310.581 0.000 -54.581 322.001 0.000 -33.976 0.574019 0.722143 0.522804 0.654899 0.535336 0.650262
3 16 389.579 -111.283 -78.711 310.581 0.000 -54.581 409.461 -111.403 -58.899 0.558311 0.725006 0.522804 0.654899 0.574019 0.722143
3 16 389.579 -111.283 -78.711 297.431 0.000 -74.126 310.581 0.000 -54.581 0.558311 0.725006 0.510036 0.658850 0.522804 0.654899
3 16 365.634 -110.695 -100.239 297.431 0.000 -74.126 389.579 -111.283 -78.711 0.540181 0.727623 0.510036 0.658850 0.558311 0.725006
3 16 365.634 -110.695 -100.239 281.434 0.000 -94.189 297.431 0.000 -74.126 0.540181 0.727623 0.495924 0.662452 0.510036 0.658850
3 16 337.364 -111.113 -122.504 281.434 0.000 -94.189 365.634 -110.695 -100.239 0.519915 0.730503 0.495924 0.662452 0.540181 0.727623
3 16 337.364 -111.113 -122.504 260.216 0.000 -115.881 281.434 0.000 -94.189 0.519915 0.730503 0.479020 0.665754 0.495924 0.662452
3 16 308.796 -111.430 -142.119 260.216 0.000 -115.881 337.364 -111.113 -122.504 0.500332 0.732730 0.479020 0.665754 0.519915 0.730503
3 16 308.796 -111.430 -142.119 238.079 0.000 -134.689 260.216 0.000 -115.881 0.500332 0.732730 0.462726 0.668269 0.479020 0.665754
3 16 278.249 -111.495 -159.586 238.079 0.000 -134.689 308.796 -111.430 -142.119 0.480382 0.734270 0.462726 0.668269 0.500332 0.732730
3 16 278.249 -111.495 -159.586 214.726 0.000 -150.824 238.079 0.000 -134.689 0.480382 0.734270 0.446725 0.670111 0.462726 0.668269
3 16 244.504 -111.310 -174.884 214.726 0.000 -150.824 278.249 -111.495 -159.586 0.459325 0.735158 0.446725 0.670111 0.480382 0.734270
3 16 244.504 -111.310 -174.884 188.894 0.000 -165.341 214.726 0.000 -150.824 0.459325 0.735158 0.429974 0.671499 0.446725 0.670111
3 16 209.296 -111.713 -186.166 188.894 0.000 -165.341 244.504 -111.310 -174.884 0.438300 0.735769 0.429974 0.671499 0.459325 0.735158
3 16 209.296 -111.713 -186.166 161.866 0.000 -177.069 188.894 0.000 -165.341 0.438300 0.735769 0.413215 0.672043 0.429974 0.671499
3 16 170.199 -111.828 -194.499 161.866 0.000 -177.069 209.296 -111.713 -186.166 0.415547 0.735784 0.413215 0.672043 0.438300 0.735769
3 16 170.199 -111.828 -194.499 132.636 0.000 -187.294 161.866 0.000 -177.069 0.415547 0.735784 0.395752 0.672344 0.413215 0.672043
3 16 137.876 -108.090 -195.386 132.636 0.000 -187.294 170.199 -111.828 -194.499 0.397158 0.733321 0.395752 0.672344 0.415547 0.735784
3 16 137.876 -108.090 -195.386 102.134 0.000 -194.069 132.636 0.000 -187.294 0.397158 0.733321 0.378212 0.672245 0.395752 0.672344
3 16 -488.116 -108.110 -195.681 102.134 0.000 -194.069 137.876 -108.090 -195.386 0.041265 0.723010 0.378212 0.672245 0.397158 0.733321
3 16 -488.116 -108.110 -195.681 -484.531 0.000 -194.029 102.134 0.000 -194.069 0.041265 0.723010 0.045079 0.662584 0.378212 0.672245
3 16 137.876 -108.090 -195.386 -487.914 -108.110 -191.954 -488.116 -108.110 -195.681 0.079258 0.602584 0.434632 0.615690 0.434658 0.617811
3 16 137.876 -108.090 -195.386 138.436 -108.088 -192.391 -487.914 -108.110 -191.954 0.079258 0.602584 0.079011 0.600870 0.434632 0.615690
3 16 133.731 -6.250 -181.584 47.679 -86.377 -192.239 138.436 -108.088 -192.391 0.911219 0.233893 0.873341 0.289366 0.853224 0.240278
3 16 133.731 -6.250 -181.584 50.641 -6.250 -188.419 47.679 -86.377 -192.239 0.911219 0.233893 0.918141 0.280753 0.873341 0.289366
3 16 138.926 -126.463 -195.961 137.876 -108.090 -195.386 170.199 -111.828 -194.499 0.397597 0.743771 0.397158 0.733321 0.415547 0.735784
3 16 191.451 -164.900 -195.924 160.901 -168.210 -196.724 158.174 -167.180 -196.709 0.525699 0.853947 0.509316 0.860009 0.507668 0.859836
3 16 191.451 -164.900 -195.924 191.481 -168.210 -195.324 160.901 -168.210 -196.724 0.525699 0.853947 0.526194 0.855793 0.509316 0.860009
3 16 191.481 -168.210 -195.324 232.641 -164.635 -190.394 233.076 -168.210 -189.326 0.526194 0.855793 0.548668 0.848438 0.549465 0.850423
3 16 191.481 -168.210 -195.324 191.451 -164.900 -195.924 232.641 -164.635 -190.394 0.526194 0.855793 0.525699 0.853947 0.548668 0.848438
3 16 232.641 -164.635 -190.394 271.721 -168.210 -177.359 233.076 -168.210 -189.326 0.548668 0.848438 0.572061 0.846166 0.549465 0.850423
3 16 232.641 -164.635 -190.394 273.601 -164.838 -177.441 271.721 -168.210 -177.359 0.548668 0.848438 0.572692 0.844063 0.572061 0.846166
3 16 273.601 -164.838 -177.441 308.936 -168.210 -161.499 271.721 -168.210 -177.359 0.572692 0.844063 0.594742 0.842410 0.572061 0.846166
3 16 273.601 -164.838 -177.441 308.064 -164.863 -162.526 308.936 -168.210 -161.499 0.572692 0.844063 0.593751 0.840615 0.594742 0.842410
3 16 308.936 -168.210 -161.499 341.459 -164.888 -144.594 341.719 -168.210 -144.271 0.594742 0.842410 0.615053 0.837417 0.615551 0.839254
3 16 308.936 -168.210 -161.499 308.064 -164.863 -162.526 341.459 -164.888 -144.594 0.594742 0.842410 0.593751 0.840615 0.615053 0.837417
3 16 341.719 -168.210 -144.271 372.954 -164.888 -125.079 372.564 -168.210 -124.969 0.615551 0.839254 0.635881 0.834328 0.636006 0.836226
3 16 341.719 -168.210 -144.271 341.459 -164.888 -144.594 372.954 -164.888 -125.079 0.615551 0.839254 0.615053 0.837417 0.635881 0.834328
3 16 372.564 -168.210 -124.969 404.376 -164.883 -102.754 404.904 -168.210 -102.211 0.636006 0.836226 0.657567 0.831235 0.658252 0.833049
3 16 372.564 -168.210 -124.969 372.954 -164.888 -125.079 404.376 -164.883 -102.754 0.636006 0.836226 0.635881 0.834328 0.657567 0.831235
3 16 404.904 -168.210 -102.211 432.824 -164.883 -80.076 433.684 -168.210 -79.016 0.658252 0.833049 0.678040 0.828355 0.679055 0.830129
3 16 404.904 -168.210 -102.211 404.376 -164.883 -102.754 432.824 -164.883 -80.076 0.658252 0.833049 0.657567 0.831235 0.678040 0.828355
3 16 433.684 -168.210 -79.016 455.606 -164.935 -59.749 455.496 -168.210 -59.776 0.679055 0.830129 0.695236 0.826037 0.695431 0.827889
3 16 433.684 -168.210 -79.016 432.824 -164.883 -80.076 455.606 -164.935 -59.749 0.679055 0.830129 0.678040 0.828355 0.695236 0.826037
3 16 455.606 -164.935 -59.749 477.676 -168.210 -38.436 455.496 -168.210 -59.776 0.695236 0.826037 0.712760 0.825537 0.695431 0.827889
3 16 455.606 -164.935 -59.749 478.554 -164.645 -38.996 477.676 -168.210 -38.436 0.695236 0.826037 0.712618 0.823429 0.712760 0.825537
3 16 478.554 -164.645 -38.996 492.364 -168.210 -17.761 477.676 -168.210 -38.436 0.712618 0.823429 0.727114 0.824365 0.712760 0.825537
3 16 478.554 -164.645 -38.996 493.614 -164.565 -18.601 492.364 -168.210 -17.761 0.712618 0.823429 0.726953 0.822126 0.727114 0.824365
3 16 492.364 -168.210 -17.761 496.754 -164.498 -0.001 498.041 -168.210 -0.001 0.727114 0.824365 0.737675 0.822817 0.737675 0.825112
3 16 492.364 -168.210 -17.761 493.614 -164.565 -18.601 496.754 -164.498 -0.001 0.727114 0.824365 0.726953 0.822126 0.737675 0.822817
3 16 444.441 -110.733 -0.001 493.614 -164.565 -18.601 440.081 -109.945 -16.899 0.611086 0.708762 0.629687 0.747276 0.602339 0.713468
3 16 444.441 -110.733 -0.001 496.754 -164.498 -0.001 493.614 -164.565 -18.601 0.611086 0.708762 0.638597 0.741337 0.629687 0.747276
3 16 440.081 -109.945 -16.899 478.554 -164.645 -38.996 427.456 -110.750 -37.486 0.602339 0.713468 0.615815 0.751153 0.589432 0.718190
3 16 440.081 -109.945 -16.899 493.614 -164.565 -18.601 478.554 -164.645 -38.996 0.602339 0.713468 0.629687 0.747276 0.615815 0.751153
3 16 427.456 -110.750 -37.486 455.606 -164.935 -59.749 409.461 -111.403 -58.899 0.589432 0.718190 0.598473 0.754015 0.574019 0.722143
3 16 427.456 -110.750 -37.486 478.554 -164.645 -38.996 455.606 -164.935 -59.749 0.589432 0.718190 0.615815 0.751153 0.598473 0.754015
3 16 409.461 -111.403 -58.899 432.824 -164.883 -80.076 389.579 -111.283 -78.711 0.574019 0.722143 0.581329 0.756669 0.558311 0.725006
3 16 409.461 -111.403 -58.899 455.606 -164.935 -59.749 432.824 -164.883 -80.076 0.574019 0.722143 0.598473 0.754015 0.581329 0.756669
3 16 389.579 -111.283 -78.711 404.376 -164.883 -102.754 365.634 -110.695 -100.239 0.558311 0.725006 0.560843 0.759364 0.540181 0.727623
3 16 389.579 -111.283 -78.711 432.824 -164.883 -80.076 404.376 -164.883 -102.754 0.558311 0.725006 0.581329 0.756669 0.560843 0.759364
3 16 365.634 -110.695 -100.239 372.954 -164.888 -125.079 337.364 -111.113 -122.504 0.540181 0.727623 0.539077 0.761756 0.519915 0.730503
3 16 365.634 -110.695 -100.239 404.376 -164.883 -102.754 372.954 -164.888 -125.079 0.540181 0.727623 0.560843 0.759364 0.539077 0.761756
3 16 337.364 -111.113 -122.504 341.459 -164.888 -144.594 308.796 -111.430 -142.119 0.519915 0.730503 0.518102 0.763585 0.500332 0.732730
3 16 337.364 -111.113 -122.504 372.954 -164.888 -125.079 341.459 -164.888 -144.594 0.519915 0.730503 0.539077 0.761756 0.518102 0.763585
3 16 308.796 -111.430 -142.119 308.064 -164.863 -162.526 278.249 -111.495 -159.586 0.500332 0.732730 0.496592 0.765024 0.480382 0.734270
3 16 308.796 -111.430 -142.119 341.459 -164.888 -144.594 308.064 -164.863 -162.526 0.500332 0.732730 0.518102 0.763585 0.496592 0.765024
3 16 278.249 -111.495 -159.586 273.601 -164.838 -177.441 244.504 -111.310 -174.884 0.480382 0.734270 0.475241 0.765931 0.459325 0.735158
3 16 278.249 -111.495 -159.586 308.064 -164.863 -162.526 273.601 -164.838 -177.441 0.480382 0.734270 0.496592 0.765024 0.475241 0.765931
3 16 244.504 -111.310 -174.884 232.641 -164.635 -190.394 209.296 -111.713 -186.166 0.459325 0.735158 0.450778 0.766289 0.438300 0.735769
3 16 244.504 -111.310 -174.884 273.601 -164.838 -177.441 232.641 -164.635 -190.394 0.459325 0.735158 0.475241 0.765931 0.450778 0.766289
3 16 209.296 -111.713 -186.166 191.451 -164.900 -195.924 170.199 -111.828 -194.499 0.438300 0.735769 0.427109 0.766149 0.415547 0.735784
3 16 209.296 -111.713 -186.166 232.641 -164.635 -190.394 191.451 -164.900 -195.924 0.438300 0.735769 0.450778 0.766289 0.427109 0.766149
3 16 156.014 -164.790 -196.766 170.199 -111.828 -194.499 191.451 -164.900 -195.924 0.406918 0.765737 0.415547 0.735784 0.427109 0.766149
3 16 156.014 -164.790 -196.766 138.926 -126.463 -195.961 170.199 -111.828 -194.499 0.406918 0.765737 0.397597 0.743771 0.415547 0.735784
3 16 138.926 -126.463 -195.961 156.014 -164.790 -193.521 139.231 -126.373 -193.634 0.841530 0.468617 0.817683 0.467222 0.841506 0.467282
3 16 138.926 -126.463 -195.961 156.014 -164.790 -196.766 156.014 -164.790 -193.521 0.841530 0.468617 0.817683 0.469066 0.817683 0.467222
3 16 156.014 -164.790 -193.521 161.654 -122.570 -191.391 139.231 -126.373 -193.634 0.819829 0.235019 0.843158 0.228388 0.842824 0.241366
3 16 156.014 -164.790 -193.521 160.991 -164.953 -193.576 161.654 -122.570 -191.391 0.819829 0.235019 0.819326 0.232234 0.843158 0.228388
3 16 161.654 -122.570 -191.391 191.786 -164.738 -192.356 191.764 -122.128 -188.904 0.843158 0.228388 0.816923 0.214877 0.840959 0.211367
3 16 161.654 -122.570 -191.391 160.991 -164.953 -193.576 191.786 -164.738 -192.356 0.843158 0.228388 0.819326 0.232234 0.816923 0.214877
3 16 191.764 -122.128 -188.904 233.121 -164.963 -186.314 244.411 -122.168 -173.104 0.840959 0.211367 0.813551 0.191364 0.837347 0.180298
3 16 191.764 -122.128 -188.904 191.786 -164.738 -192.356 233.121 -164.963 -186.314 0.840959 0.211367 0.816923 0.214877 0.813551 0.191364
3 16 233.121 -164.963 -186.314 271.041 -165.090 -174.259 244.411 -122.168 -173.104 0.813551 0.191364 0.810974 0.168910 0.837347 0.180298
3 16 271.041 -165.090 -174.259 308.419 -121.903 -141.496 244.411 -122.168 -173.104 0.810974 0.168910 0.834540 0.139735 0.837347 0.180298
3 16 271.041 -165.090 -174.259 307.471 -165.190 -158.801 308.419 -121.903 -141.496 0.810974 0.168910 0.808905 0.146501 0.834540 0.139735
3 16 307.471 -165.190 -158.801 339.831 -165.298 -141.689 308.419 -121.903 -141.496 0.808905 0.146501 0.807501 0.125718 0.834540 0.139735
3 16 339.831 -165.298 -141.689 364.069 -121.518 -102.786 308.419 -121.903 -141.496 0.807501 0.125718 0.833922 0.101162 0.834540 0.139735
3 16 339.831 -165.298 -141.689 370.561 -165.338 -122.651 364.069 -121.518 -102.786 0.807501 0.125718 0.806624 0.105166 0.833922 0.101162
3 16 370.561 -165.338 -122.651 402.691 -165.533 -99.669 364.069 -121.518 -102.786 0.806624 0.105166 0.806176 0.082684 0.833922 0.101162
3 16 402.691 -165.533 -99.669 410.379 -121.200 -60.391 364.069 -121.518 -102.786 0.806176 0.082684 0.835468 0.065444 0.833922 0.101162
3 16 402.691 -165.533 -99.669 431.759 -165.645 -76.409 410.379 -121.200 -60.391 0.806176 0.082684 0.806269 0.061497 0.835468 0.065444
3 16 431.759 -165.645 -76.409 454.434 -165.765 -56.114 410.379 -121.200 -60.391 0.806269 0.061497 0.806780 0.044187 0.835468 0.065444
3 16 454.434 -165.765 -56.114 435.531 -120.448 -29.829 410.379 -121.200 -60.391 0.806780 0.044187 0.838427 0.043092 0.835468 0.065444
3 16 454.434 -165.765 -56.114 475.914 -165.425 -36.161 435.531 -120.448 -29.829 0.806780 0.044187 0.807593 0.027528 0.838427 0.043092
3 16 475.914 -165.425 -36.161 489.924 -165.685 -16.381 435.531 -120.448 -29.829 0.807593 0.027528 0.809716 0.013901 0.838427 0.043092
3 16 489.924 -165.685 -16.381 450.126 -120.588 -0.001 435.531 -120.448 -29.829 0.809716 0.013901 0.843385 0.024798 0.838427 0.043092
3 16 489.924 -165.685 -16.381 494.306 -166.438 -0.001 450.126 -120.588 -0.001 0.809716 0.013901 0.813074 0.004883 0.843385 0.024798
3 16 191.451 -164.900 -195.924 158.174 -167.180 -196.709 156.014 -164.790 -196.766 0.525699 0.853947 0.507668 0.859836 0.506132 0.858841
3 16 98.566 -2.515 -0.001 137.689 -2.515 -146.354 98.566 -2.515 -154.544 0.319829 0.320664 0.236662 0.342898 0.232007 0.320665
3 16 98.566 -2.515 -0.001 124.986 -2.515 -0.001 137.689 -2.515 -146.354 0.319829 0.320664 0.319830 0.335677 0.236662 0.342898
3 16 98.566 -2.515 -154.544 -448.166 -2.515 -156.491 98.566 -2.515 -0.001 0.232007 0.320665 0.230896 0.009978 0.319829 0.320664
3 16 -459.746 0.000 -0.001 -457.129 -2.515 -147.304 -459.746 0.000 -147.839 0.475455 0.571589 0.474360 0.488711 0.476281 0.488318
3 16 -459.746 0.000 -0.001 -457.129 -2.515 -0.001 -457.129 -2.515 -147.304 0.475455 0.571589 0.473493 0.571615 0.474360 0.488711
3 16 -494.606 0.000 -0.001 -459.746 0.000 -147.839 -494.606 0.000 -184.021 0.116212 0.475841 0.200068 0.456499 0.220754 0.475223
3 16 -494.606 0.000 -0.001 -459.746 0.000 -0.001 -459.746 0.000 -147.839 0.116212 0.475841 0.116074 0.457191 0.200068 0.456499
3 16 -494.606 0.000 -0.001 -497.761 -100.118 -158.974 -497.761 -100.118 -0.001 0.591786 0.070465 0.682151 0.126471 0.591794 0.126490
3 16 -494.606 0.000 -0.001 -494.606 0.000 -184.021 -497.761 -100.118 -158.974 0.591786 0.070465 0.696340 0.070644 0.682151 0.126471
3 16 -494.009 -100.120 -0.001 -497.761 -100.118 -158.974 -494.009 -100.120 -158.974 0.424955 0.288281 0.427077 0.378622 0.424944 0.378622
3 16 -494.009 -100.120 -0.001 -497.761 -100.118 -0.001 -497.761 -100.118 -158.974 0.424955 0.288281 0.427087 0.288281 0.427077 0.378622
3 16 -493.471 -86.322 -0.001 -494.009 -100.120 -158.974 -493.471 -86.322 -185.334 0.744996 0.344439 0.654655 0.352267 0.639678 0.344419
3 16 -493.471 -86.322 -0.001 -494.009 -100.120 -0.001 -494.009 -100.120 -158.974 0.744996 0.344439 0.744995 0.352280 0.654655 0.352267
3 16 98.566 -2.515 -0.001 -457.129 -2.515 -147.304 -457.129 -2.515 -0.001 0.319829 0.320664 0.236116 0.004886 0.319824 0.005210
3 16 -448.369 0.000 -159.184 102.134 0.000 -194.069 -484.531 0.000 -194.029 0.206477 0.449981 0.221932 0.137046 0.225309 0.470417
3 16 -448.369 0.000 -159.184 98.579 0.000 -157.851 102.134 0.000 -194.069 0.206477 0.449981 0.203504 0.139225 0.221932 0.137046
3 16 -458.229 0.000 -157.359 -484.531 0.000 -194.029 -492.606 0.000 -192.096 0.205482 0.455589 0.225309 0.470417 0.224526 0.474285
3 16 -458.229 0.000 -157.359 -448.369 0.000 -159.184 -484.531 0.000 -194.029 0.205482 0.455589 0.206477 0.449981 0.225309 0.470417
3 16 -458.229 0.000 -157.359 -494.606 0.000 -184.021 -459.746 0.000 -147.839 0.205482 0.455589 0.220754 0.475223 0.200068 0.456499
3 16 -458.229 0.000 -157.359 -492.606 0.000 -192.096 -494.606 0.000 -184.021 0.205482 0.455589 0.224526 0.474285 0.220754 0.475223
3 16 -487.914 -108.110 -191.954 47.679 -86.377 -192.239 -487.181 -86.322 -191.584 0.907795 0.592020 0.873341 0.289366 0.919968 0.589710
3 16 -487.914 -108.110 -191.954 138.436 -108.088 -192.391 47.679 -86.377 -192.239 0.907795 0.592020 0.853224 0.240278 0.873341 0.289366
2 24 188.894 0.000 165.339 161.866 0.000 177.069
2 24 238.079 0.000 134.689 214.726 0.000 150.824
2 24 281.434 0.000 94.186 260.216 0.000 115.881
2 24 -494.606 0.000 -184.021 -494.606 0.000 184.021
2 24 297.431 0.000 74.126 281.434 0.000 94.186
2 24 310.581 0.000 54.579 297.431 0.000 74.126
2 24 161.866 0.000 177.069 132.636 0.000 187.294
2 24 -492.606 0.000 192.096 -494.606 0.000 184.021
2 24 -494.214 -108.110 -185.704 -494.289 -108.110 -164.934
2 24 -492.606 0.000 192.096 -495.986 -108.028 193.669
2 24 137.876 -108.090 195.386 -488.116 -108.110 195.681
2 24 -495.986 -108.028 193.669 -498.041 -108.108 185.704
2 24 -488.116 -108.110 195.681 -495.986 -108.028 193.669
2 24 -484.531 0.000 194.029 -492.606 0.000 192.096
2 24 -455.771 -2.515 155.171 -458.229 0.000 157.359
2 24 174.211 -6.250 167.374 133.731 -6.250 181.584
2 24 330.799 0.000 14.659 322.001 0.000 33.976
2 24 454.854 -168.210 56.479 431.981 -168.210 76.691
2 24 455.496 -168.210 59.776 433.684 -168.210 79.016
2 24 132.636 0.000 187.294 102.134 0.000 194.069
2 24 322.001 0.000 33.976 310.581 0.000 54.579
2 24 133.731 -6.250 181.584 50.641 -6.250 188.419
2 24 336.069 0.000 -0.001 330.799 0.000 14.659
2 24 478.554 -164.645 38.996 455.606 -164.935 59.749
2 24 316.916 -6.250 -39.051 294.394 -6.250 -73.264
2 24 334.456 -6.250 -0.001 328.309 -6.250 15.856
2 24 328.309 -6.250 15.856 316.916 -6.250 39.051
2 24 316.916 -6.250 39.051 294.394 -6.250 73.264
2 24 191.481 -168.210 195.324 160.901 -168.210 196.724
2 24 191.861 -168.210 192.531 160.901 -168.210 193.179
2 24 219.029 -6.250 143.664 174.211 -6.250 167.374
2 24 260.216 0.000 115.881 238.079 0.000 134.689
2 24 372.564 -168.210 124.969 341.719 -168.210 144.271
2 24 294.394 -6.250 73.264 260.719 -6.250 110.894
2 24 214.726 0.000 150.824 188.894 0.000 165.339
2 24 260.719 -6.250 110.894 219.029 -6.250 143.664
2 24 494.926 -168.210 -0.001 490.879 -168.210 16.856
2 24 498.041 -168.210 -0.001 492.364 -168.210 17.761
2 24 492.364 -168.210 17.761 477.676 -168.210 38.434
2 24 490.879 -168.210 16.856 476.189 -168.210 36.299
2 24 477.676 -168.210 38.434 455.496 -168.210 59.776
2 24 476.189 -168.210 36.299 454.854 -168.210 56.479
2 24 433.684 -168.210 79.016 404.904 -168.210 102.211
2 24 431.981 -168.210 76.691 402.879 -168.210 99.361
2 24 404.904 -168.210 102.211 372.564 -168.210 124.969
2 24 402.879 -168.210 99.361 370.609 -168.210 122.156
2 24 370.609 -168.210 122.156 339.901 -168.210 141.274
2 24 454.854 -168.210 -56.479 431.981 -168.210 -76.694
2 24 339.901 -168.210 141.274 307.379 -168.210 158.469
2 24 341.719 -168.210 144.271 308.936 -168.210 161.499
2 24 308.936 -168.210 161.499 271.721 -168.210 177.359
2 24 307.379 -168.210 158.469 270.809 -168.210 173.759
2 24 271.721 -168.210 177.359 233.076 -168.210 189.326
2 24 270.809 -168.210 173.759 232.866 -168.210 185.464
2 24 233.076 -168.210 189.326 191.481 -168.210 195.324
2 24 232.866 -168.210 185.464 191.861 -168.210 192.531
2 24 160.901 -168.210 193.179 158.174 -167.180 193.374
2 24 160.901 -168.210 196.724 158.174 -167.180 196.709
2 24 158.174 -167.180 196.709 156.014 -164.790 196.766
2 24 158.174 -167.180 193.374 156.014 -164.790 193.521
2 24 -487.914 -108.110 191.954 -492.409 -108.095 190.149
2 24 -492.409 -108.095 190.149 -494.214 -108.110 185.704
2 24 -494.046 -100.708 163.031 -494.081 -102.185 163.889
2 24 -497.781 -100.703 163.031 -497.834 -102.180 163.889
2 24 -494.009 -100.120 161.426 -494.046 -100.708 163.031
2 24 -497.761 -100.118 161.426 -497.781 -100.703 163.031
2 24 -497.761 -100.118 -161.426 -497.761 -100.118 161.426
2 24 -494.009 -100.120 -161.426 -494.009 -100.120 161.426
2 24 137.876 -108.090 -195.386 -488.116 -108.110 -195.681
2 24 -491.666 -86.325 189.776 -492.409 -108.095 190.149
2 24 -494.289 -108.110 164.934 -498.041 -108.108 164.934
2 24 -497.834 -102.180 163.889 -498.041 -108.108 164.934
2 24 -494.081 -102.185 163.889 -494.289 -108.110 164.934
2 24 -494.214 -108.110 185.704 -494.289 -108.110 164.934
2 24 -498.041 -108.108 -185.706 -498.041 -108.108 -164.934
2 24 -498.041 -108.108 164.934 -498.041 -108.108 185.704
2 24 138.436 -108.088 192.391 137.876 -108.090 195.386
2 24 139.231 -126.373 193.634 138.436 -108.088 192.391
2 24 138.926 -126.463 195.961 137.876 -108.090 195.386
2 24 139.231 -126.373 -193.634 138.436 -108.088 -192.391
2 24 322.001 0.000 -33.976 310.581 0.000 -54.581
2 24 477.676 -168.210 -38.436 455.496 -168.210 -59.776
2 24 -492.606 0.000 -192.096 -495.986 -108.028 -193.669
2 24 -491.666 -86.325 -189.776 -492.409 -108.095 -190.149
2 24 -495.986 -108.028 -193.669 -498.041 -108.108 -185.706
2 24 -494.009 -100.120 -161.426 -494.046 -100.708 -163.031
2 24 102.134 0.000 194.069 -484.531 0.000 194.029
2 24 138.436 -108.088 192.391 -487.914 -108.110 191.954
2 24 493.614 -164.565 18.601 478.554 -164.645 38.996
2 24 496.754 -164.498 -0.001 493.614 -164.565 18.601
2 24 138.926 -126.463 -195.961 137.876 -108.090 -195.386
2 24 232.866 -168.210 -185.464 191.861 -168.210 -192.531
2 24 156.014 -164.790 196.766 138.926 -126.463 195.961
2 24 156.014 -164.790 193.521 139.231 -126.373 193.634
2 24 233.076 -168.210 -189.326 191.481 -168.210 -195.324
2 24 -484.531 0.000 -194.029 -492.606 0.000 -192.096
2 24 188.894 0.000 -165.341 161.866 0.000 -177.069
2 24 238.079 0.000 -134.689 214.726 0.000 -150.824
2 24 281.434 0.000 -94.189 260.216 0.000 -115.881
2 24 297.431 0.000 -74.126 281.434 0.000 -94.189
2 24 310.581 0.000 -54.581 297.431 0.000 -74.126
2 24 161.866 0.000 -177.069 132.636 0.000 -187.294
2 24 -492.606 0.000 -192.096 -494.606 0.000 -184.021
2 24 -488.116 -108.110 -195.681 -495.986 -108.028 -193.669
2 24 -455.771 -2.515 -155.171 -458.229 0.000 -157.359
2 24 402.879 -168.210 -99.361 370.609 -168.210 -122.159
2 24 330.799 0.000 -14.659 322.001 0.000 -33.976
2 24 271.721 -168.210 -177.359 233.076 -168.210 -189.326
2 24 132.636 0.000 -187.294 102.134 0.000 -194.069
2 24 133.731 -6.250 -181.584 50.641 -6.250 -188.419
2 24 158.174 -167.180 -196.709 156.014 -164.790 -196.766
2 24 336.069 0.000 -0.001 330.799 0.000 -14.659
2 24 341.719 -168.210 -144.271 308.936 -168.210 -161.499
2 24 334.456 -6.250 -0.001 328.309 -6.250 -15.856
2 24 328.309 -6.250 -15.856 316.916 -6.250 -39.051
2 24 219.029 -6.250 -143.666 174.211 -6.250 -167.374
2 24 372.564 -168.210 -124.969 341.719 -168.210 -144.271
2 24 160.901 -168.210 -196.724 158.174 -167.180 -196.709
2 24 174.211 -6.250 -167.374 133.731 -6.250 -181.584
2 24 260.216 0.000 -115.881 238.079 0.000 -134.689
2 24 370.609 -168.210 -122.159 339.901 -168.210 -141.276
2 24 294.394 -6.250 -73.264 260.719 -6.250 -110.894
2 24 214.726 0.000 -150.824 188.894 0.000 -165.341
2 24 260.719 -6.250 -110.894 219.029 -6.250 -143.666
2 24 498.041 -168.210 -0.001 492.364 -168.210 -17.761
2 24 494.926 -168.210 -0.001 490.879 -168.210 -16.856
2 24 492.364 -168.210 -17.761 477.676 -168.210 -38.436
2 24 490.879 -168.210 -16.856 476.189 -168.210 -36.299
2 24 476.189 -168.210 -36.299 454.854 -168.210 -56.479
2 24 455.496 -168.210 -59.776 433.684 -168.210 -79.016
2 24 433.684 -168.210 -79.016 404.904 -168.210 -102.211
2 24 431.981 -168.210 -76.694 402.879 -168.210 -99.361
2 24 404.904 -168.210 -102.211 372.564 -168.210 -124.969
2 24 339.901 -168.210 -141.276 307.379 -168.210 -158.469
2 24 308.936 -168.210 -161.499 271.721 -168.210 -177.359
2 24 307.379 -168.210 -158.469 270.809 -168.210 -173.759
2 24 270.809 -168.210 -173.759 232.866 -168.210 -185.464
2 24 -492.409 -108.095 -190.149 -494.214 -108.110 -185.704
2 24 -487.914 -108.110 -191.954 -492.409 -108.095 -190.149
2 24 191.481 -168.210 -195.324 160.901 -168.210 -196.724
2 24 191.861 -168.210 -192.531 160.901 -168.210 -193.179
2 24 160.901 -168.210 -193.179 158.174 -167.180 -193.374
2 24 158.174 -167.180 -193.374 156.014 -164.790 -193.521
2 24 -497.781 -100.703 -163.031 -497.834 -102.180 -163.889
2 24 -494.081 -102.185 -163.889 -494.289 -108.110 -164.934
2 24 -494.046 -100.708 -163.031 -494.081 -102.185 -163.889
2 24 -497.761 -100.118 -161.426 -497.781 -100.703 -163.031
2 24 137.876 -108.090 -195.386 -487.914 -108.110 -191.954
2 24 -497.834 -102.180 -163.889 -498.041 -108.108 -164.934
2 24 -494.289 -108.110 -164.934 -498.041 -108.108 -164.934
2 24 156.014 -164.790 -196.766 138.926 -126.463 -195.961
2 24 102.134 0.000 -194.069 -484.531 0.000 -194.029
2 24 478.554 -164.645 -38.996 455.606 -164.935 -59.749
2 24 493.614 -164.565 -18.601 478.554 -164.645 -38.996
2 24 496.754 -164.498 -0.001 493.614 -164.565 -18.601
2 24 156.014 -164.790 -193.521 139.231 -126.373 -193.634
