0 FILE bl_5095.dat
0 PLATE 2X2X2/3, HALF BOW, W/ CUT, LEFT
0 Name:  bl_5095.dat
0 Author:  
0 BFC CERTIFY CCW
3 16 6.964 -0.002 1.633 6.334 -2.981 3.155 6.334 -0.002 3.155 0.572399 0.808984 0.538655 0.789965 0.572398 0.790206
3 16 6.964 -0.002 1.633 6.964 -3.083 1.633 6.334 -2.981 3.155 0.572399 0.808984 0.537408 0.809291 0.538655 0.789965
3 16 6.334 -2.981 3.155 5.331 -0.002 4.462 6.334 -0.002 3.155 0.538655 0.789965 0.572397 0.771077 0.572398 0.790206
3 16 6.334 -2.981 3.155 5.331 -3.311 4.462 5.331 -0.002 4.462 0.538655 0.789965 0.534829 0.771034 0.572397 0.771077
3 16 5.331 -3.311 4.462 4.024 -0.002 5.465 5.331 -0.002 4.462 0.534829 0.771034 0.572395 0.752101 0.572397 0.771077
3 16 5.331 -3.311 4.462 4.024 -4.090 5.465 4.024 -0.002 5.465 0.534829 0.771034 0.525778 0.752266 0.572395 0.752101
3 16 4.024 -4.090 5.465 2.502 -0.002 6.095 4.024 -0.002 5.465 0.525778 0.752266 0.572394 0.733492 0.572395 0.752101
3 16 4.024 -4.090 5.465 2.502 -5.178 6.095 2.502 -0.002 6.095 0.525778 0.752266 0.513027 0.733273 0.572394 0.733492
3 16 2.502 -5.178 6.095 0.869 -0.002 6.310 2.502 -0.002 6.095 0.513027 0.733273 0.572187 0.714347 0.572394 0.733492
3 16 2.502 -5.178 6.095 0.869 -6.411 6.310 0.869 -0.002 6.310 0.513027 0.733273 0.498800 0.714519 0.572187 0.714347
3 16 0.869 -6.411 6.310 -0.758 -0.134 6.069 0.869 -0.002 6.310 0.498800 0.714519 0.570891 0.695317 0.572187 0.714347
3 16 0.869 -6.411 6.310 -0.758 -7.407 6.073 -0.758 -0.134 6.069 0.498800 0.714519 0.487501 0.695408 0.570891 0.695317
3 16 -0.758 -7.407 6.073 -2.286 -0.002 5.465 -0.758 -0.134 6.069 0.487501 0.695408 0.572186 0.676373 0.570891 0.695317
3 16 -0.758 -7.407 6.073 -2.286 -8.634 5.465 -2.286 -0.002 5.465 0.487501 0.695408 0.473190 0.676586 0.572186 0.676373
3 16 -2.286 -8.634 5.465 -3.593 -0.002 4.462 -2.286 -0.002 5.465 0.473190 0.676586 0.572392 0.657391 0.572186 0.676373
3 16 -2.286 -8.634 5.465 -3.593 -9.458 4.462 -3.593 -0.002 4.462 0.473190 0.676586 0.463611 0.657588 0.572392 0.657391
3 16 -3.593 -9.458 4.462 -4.596 -0.002 3.155 -3.593 -0.002 4.462 0.463611 0.657588 0.572393 0.638551 0.572392 0.657391
3 16 -3.593 -9.458 4.462 -4.596 -10.032 3.155 -4.596 -0.002 3.155 0.463611 0.657588 0.456971 0.638560 0.572393 0.638551
3 16 4.024 -0.002 -5.465 5.331 -6.235 -4.462 5.331 -0.002 -4.462 0.572407 0.903764 0.500757 0.884798 0.572405 0.885009
3 16 4.024 -0.002 -5.465 4.024 -7.187 -5.465 5.331 -6.235 -4.462 0.572407 0.903764 0.489785 0.903835 0.500757 0.884798
3 16 5.331 -0.002 -4.462 6.334 -5.259 -3.155 6.334 -0.002 -3.155 0.572405 0.885009 0.512004 0.865957 0.572404 0.865703
3 16 5.331 -0.002 -4.462 5.331 -6.235 -4.462 6.334 -5.259 -3.155 0.572405 0.885009 0.500757 0.884798 0.512004 0.865957
3 16 6.334 -0.002 -3.155 6.964 -4.340 -1.633 6.964 -0.002 -1.633 0.572404 0.865703 0.522706 0.846978 0.572402 0.847073
3 16 6.334 -0.002 -3.155 6.334 -5.259 -3.155 6.964 -4.340 -1.633 0.572404 0.865703 0.512004 0.865957 0.522706 0.846978
3 16 6.964 -0.002 -1.633 7.179 -3.573 0.000 7.179 -0.002 0.000 0.572402 0.847073 0.531682 0.828039 0.572401 0.827972
3 16 6.964 -0.002 -1.633 6.964 -4.340 -1.633 7.179 -3.573 0.000 0.572402 0.847073 0.522706 0.846978 0.531682 0.828039
3 16 7.179 -0.002 0.000 6.964 -3.083 1.633 6.964 -0.002 1.633 0.572401 0.827972 0.537408 0.809291 0.572399 0.808984
3 16 7.179 -0.002 0.000 7.179 -3.573 0.000 6.964 -3.083 1.633 0.572401 0.827972 0.531682 0.828039 0.537408 0.809291
3 16 0.251 -6.302 8.042 -1.234 -0.002 7.847 -1.234 -7.475 7.847 0.145533 0.637349 0.073280 0.619593 0.159142 0.620247
3 16 0.251 -6.302 8.042 0.251 -0.002 8.042 -1.234 -0.002 7.847 0.145533 0.637349 0.073148 0.636795 0.073280 0.619593
3 16 -1.234 -7.475 7.847 -3.193 -0.002 7.035 -3.193 -8.847 7.035 0.159142 0.620247 0.073465 0.595228 0.175090 0.596002
3 16 -1.234 -7.475 7.847 -1.234 -0.002 7.847 -3.193 -0.002 7.035 0.159142 0.620247 0.073280 0.619593 0.073465 0.595228
3 16 -3.193 -8.847 7.035 -4.875 -0.002 5.744 -4.875 -9.874 5.744 0.175090 0.596002 0.073651 0.570863 0.187068 0.571727
3 16 -3.193 -8.847 7.035 -3.193 -0.002 7.035 -4.875 -0.002 5.744 0.175090 0.596002 0.073465 0.595228 0.073651 0.570863
3 16 -4.875 -9.874 5.744 -6.166 -0.002 4.062 -6.166 -10.579 4.062 0.187068 0.571727 0.073836 0.546498 0.195354 0.547423
3 16 -4.875 -9.874 5.744 -4.875 -0.002 5.744 -6.166 -0.002 4.062 0.187068 0.571727 0.073651 0.570863 0.073836 0.546498
3 16 6.613 -0.002 -5.744 4.931 -1.600 -7.035 4.931 -0.002 -7.035 0.383517 0.653149 0.401887 0.677629 0.383521 0.677673
3 16 6.613 -0.002 -5.744 6.780 -1.586 -5.554 4.931 -1.600 -7.035 0.383517 0.653149 0.401752 0.650670 0.401887 0.677629
3 16 7.904 -0.002 -4.062 6.780 -1.586 -5.554 6.613 -0.002 -5.744 0.383564 0.628909 0.401752 0.650670 0.383517 0.653149
3 16 7.904 -0.002 -4.062 7.870 -1.590 -4.113 6.780 -1.586 -5.554 0.383564 0.628909 0.401820 0.629776 0.401752 0.650670
3 16 0.885 -9.672 -14.979 0.885 -9.413 -12.545 0.885 -8.002 -16.250 0.060474 0.711127 0.088573 0.714036 0.045859 0.730442
3 16 -11.162 -12.205 -2.080 -9.223 -11.875 0.000 -9.223 -11.875 -2.080 0.325833 0.962425 0.303013 0.986138 0.303111 0.962423
3 16 -11.162 -12.205 -2.080 -11.162 -12.205 0.000 -9.223 -11.875 0.000 0.325833 0.962425 0.325777 0.986161 0.303013 0.986138
3 16 -9.223 -11.875 -3.597 -11.162 -12.205 -2.080 -9.223 -11.875 -2.080 0.303127 0.944894 0.325833 0.962425 0.303111 0.962423
3 16 -9.223 -11.875 -3.597 -11.162 -12.205 -3.610 -11.162 -12.205 -2.080 0.303127 0.944894 0.325375 0.944391 0.325833 0.962425
3 16 -9.223 -11.875 -2.080 -8.047 -11.532 0.000 -7.796 -11.532 -2.081 0.303111 0.962423 0.288902 0.986306 0.286179 0.962398
3 16 -9.223 -11.875 -2.080 -9.223 -11.875 0.000 -8.047 -11.532 0.000 0.303111 0.962423 0.303013 0.986138 0.288902 0.986306
3 16 -7.796 -11.532 -2.081 -9.223 -11.875 -3.597 -9.223 -11.875 -2.080 0.286179 0.962398 0.303127 0.944894 0.303111 0.962423
3 16 -7.796 -11.532 -2.081 -7.593 -11.532 -3.770 -9.223 -11.875 -3.597 0.286179 0.962398 0.283892 0.942987 0.303127 0.944894
3 16 -7.796 -11.532 -2.081 -7.222 -11.250 0.000 -6.978 -11.290 -2.103 0.286179 0.962398 0.278917 0.986475 0.276877 0.962171
3 16 -7.796 -11.532 -2.081 -8.047 -11.532 0.000 -7.222 -11.250 0.000 0.286179 0.962398 0.288902 0.986306 0.278917 0.986475
3 16 -1.947 -10.576 -14.827 -3.084 -10.783 -12.042 -1.703 -10.311 -12.226 0.923459 0.041301 0.891484 0.054646 0.893481 0.037858
3 16 -1.947 -10.576 -14.827 -4.687 -11.302 -14.625 -3.084 -10.783 -12.042 0.923459 0.041301 0.921227 0.073879 0.891484 0.054646
3 16 -1.703 -10.311 -12.226 -2.681 -10.491 -9.856 -1.490 -10.080 -9.966 0.893481 0.037858 0.866276 0.049352 0.867437 0.034874
3 16 -1.703 -10.311 -12.226 -3.084 -10.783 -12.042 -2.681 -10.491 -9.856 0.893481 0.037858 0.891484 0.054646 0.866276 0.049352
3 16 -2.681 -10.491 -9.856 -2.828 -10.415 -7.187 -1.490 -10.080 -9.966 0.866276 0.049352 0.835591 0.050909 0.867437 0.034874
3 16 -2.681 -10.491 -9.856 -3.664 -10.541 -6.728 -2.828 -10.415 -7.187 0.866276 0.049352 0.830286 0.060610 0.835591 0.050909
3 16 0.885 -9.413 -12.545 -1.947 -10.576 -14.827 -1.703 -10.311 -12.226 0.896908 0.006343 0.923459 0.041301 0.893481 0.037858
3 16 0.885 -9.413 -12.545 0.885 -9.672 -14.979 -1.947 -10.576 -14.827 0.896908 0.006343 0.925010 0.007104 0.923459 0.041301
3 16 0.885 -9.169 -10.256 -1.703 -10.311 -12.226 -1.490 -10.080 -9.966 0.870478 0.005603 0.893481 0.037858 0.867437 0.034874
3 16 0.885 -9.169 -10.256 0.885 -9.413 -12.545 -1.703 -10.311 -12.226 0.870478 0.005603 0.896908 0.006343 0.893481 0.037858
3 16 0.885 -8.940 -8.107 -1.490 -10.080 -9.966 -1.234 -9.864 -7.847 0.845659 0.004883 0.867437 0.034874 0.843012 0.031472
3 16 0.885 -8.940 -8.107 0.885 -9.169 -10.256 -1.490 -10.080 -9.966 0.845659 0.004883 0.870478 0.005603 0.867437 0.034874
3 16 -11.162 -12.742 -3.610 -15.381 -12.742 -3.613 -11.162 -12.205 -3.610 0.600190 0.361184 0.550934 0.361130 0.600190 0.354920
3 16 -9.181 -12.742 -3.611 -11.162 -12.205 -3.610 -9.223 -11.875 -3.597 0.623323 0.361209 0.600190 0.354920 0.622496 0.350662
3 16 -9.181 -12.742 -3.611 -11.162 -12.742 -3.610 -11.162 -12.205 -3.610 0.623323 0.361209 0.600190 0.361184 0.600190 0.354920
3 16 -6.978 -8.310 -2.103 -4.506 -8.310 0.000 -4.309 -8.310 -1.541 0.123241 0.042049 0.126209 0.004883 0.140340 0.015786
3 16 -6.978 -8.310 -2.103 -7.222 -8.310 0.000 -4.506 -8.310 0.000 0.123241 0.042049 0.104165 0.026965 0.126209 0.004883
3 16 -2.836 -8.310 -7.183 -0.739 -8.310 -5.272 -1.234 -8.310 -7.847 0.198168 0.049612 0.199649 0.017045 0.216578 0.041967
3 16 -2.836 -8.310 -7.183 -1.871 -8.310 -4.787 -0.739 -8.310 -5.272 0.198168 0.049612 0.186526 0.022313 0.199649 0.017045
3 16 -3.664 -10.541 -6.728 -2.836 -8.310 -7.183 -2.828 -10.415 -7.187 0.945741 0.582457 0.971509 0.592986 0.947328 0.593405
3 16 -3.664 -10.541 -6.728 -3.861 -8.310 -6.568 -2.836 -8.310 -7.183 0.945741 0.582457 0.971329 0.579281 0.971509 0.592986
3 16 -6.107 -10.921 -4.353 -4.875 -12.742 -5.744 -6.122 -12.742 -4.334 0.940638 0.543052 0.920253 0.564941 0.919834 0.543177
3 16 -6.107 -10.921 -4.353 -4.875 -10.548 -5.744 -4.875 -12.742 -5.744 0.940638 0.543052 0.945459 0.564493 0.920253 0.564941
3 16 -9.223 -11.875 -3.597 -7.593 -12.742 -3.770 -9.181 -12.742 -3.611 0.622496 0.350662 0.641914 0.361229 0.623323 0.361209
3 16 -9.223 -11.875 -3.597 -7.593 -11.532 -3.770 -7.593 -12.742 -3.770 0.622496 0.350662 0.641821 0.347066 0.641914 0.361229
3 16 12.099 -4.802 -2.700 11.924 -4.299 -2.374 10.426 -4.786 0.536 0.486500 0.103698 0.482060 0.109346 0.444926 0.102588
3 16 12.209 -5.252 -4.082 10.749 -7.642 -8.975 14.294 -5.252 -8.350 0.192832 0.080483 0.133870 0.107197 0.143024 0.058393
3 16 12.209 -5.252 -4.082 7.774 -7.523 -1.488 10.749 -7.642 -8.975 0.192832 0.080483 0.220950 0.138559 0.133870 0.107197
3 16 7.774 -7.523 -1.488 12.209 -5.252 -4.082 12.061 -5.128 -3.458 0.220950 0.138559 0.192832 0.080483 0.200262 0.081399
3 16 11.781 -1.528 -2.087 10.426 -4.786 0.536 11.861 -3.634 -2.247 0.477393 0.141091 0.444926 0.102588 0.480189 0.116945
3 16 10.426 -4.786 0.536 11.781 -1.528 -2.087 11.554 -0.484 -1.634 0.444926 0.102588 0.477393 0.141091 0.471203 0.152906
3 16 17.712 -3.631 -13.949 17.644 -4.322 -13.813 19.131 -4.802 -16.788 0.813078 0.625975 0.821162 0.624483 0.826679 0.662766
3 16 19.131 -4.802 -16.788 18.377 -0.002 -15.280 18.003 -0.448 -14.531 0.826679 0.662766 0.771348 0.644104 0.776735 0.634026
3 16 17.712 -3.631 -13.949 19.131 -4.802 -16.788 17.800 -1.345 -14.126 0.813078 0.625975 0.826679 0.662766 0.786804 0.629107
3 16 10.664 -0.002 0.148 10.426 -4.786 0.536 11.065 -0.002 -0.655 0.448130 0.157745 0.444926 0.102588 0.459122 0.157789
3 16 -7.871 -10.040 16.250 -4.875 -9.874 5.744 -6.166 -10.579 4.062 0.823156 0.615187 0.789653 0.494205 0.806276 0.474659
3 16 -7.871 -10.040 16.250 -6.579 -9.288 16.250 -4.875 -9.874 5.744 0.823156 0.615187 0.806001 0.615582 0.789653 0.494205
3 16 -10.452 -11.994 1.937 -9.015 -10.645 16.250 -7.088 -11.076 1.937 0.858110 0.450161 0.838002 0.614939 0.818059 0.450133
3 16 -10.452 -11.994 1.937 -10.506 -11.309 16.250 -9.015 -10.645 16.250 0.858110 0.450161 0.856725 0.614793 0.838002 0.614939
3 16 -3.193 -8.847 7.035 -6.579 -9.288 16.250 -5.569 -8.598 16.250 0.767333 0.509492 0.806001 0.615582 0.791970 0.616059
3 16 -3.193 -8.847 7.035 -4.875 -9.874 5.744 -6.579 -9.288 16.250 0.767333 0.509492 0.789653 0.494205 0.806001 0.615582
3 16 -2.827 -6.276 16.250 -1.636 -0.002 16.250 -1.636 -4.980 16.250 0.650213 0.788758 0.578188 0.774883 0.635456 0.774879
3 16 11.266 -5.253 -9.760 9.718 -5.232 -5.213 11.831 -5.242 -9.485 0.716013 0.359751 0.723065 0.303201 0.723156 0.359093
3 16 11.266 -5.253 -9.760 9.126 -5.252 -5.494 9.718 -5.232 -5.213 0.716013 0.359751 0.715405 0.303311 0.723065 0.303201
3 16 15.024 -0.001 -16.166 15.460 0.000 -16.094 14.639 -0.002 -20.000 0.429391 0.891973 0.434467 0.891138 0.424980 0.934296
3 16 8.818 -5.252 -5.951 11.266 -5.253 -9.760 10.791 -5.252 -9.989 0.985209 0.029410 0.990777 0.081421 0.984847 0.081337
3 16 8.818 -5.252 -5.951 9.126 -5.252 -5.494 11.266 -5.253 -9.760 0.985209 0.029410 0.990619 0.026305 0.990777 0.081421
3 16 8.818 -5.252 -5.951 7.168 -5.252 -5.112 7.797 -5.252 -4.231 0.985209 0.029410 0.972445 0.012238 0.983491 0.006351
3 16 8.818 -5.252 -5.951 8.064 -5.252 -7.242 7.168 -5.252 -5.112 0.985209 0.029410 0.970761 0.038881 0.972445 0.012238
3 16 7.168 -5.252 -5.112 7.813 -4.225 -4.198 7.797 -5.252 -4.231 0.443907 0.643874 0.432118 0.631004 0.443925 0.631446
3 16 7.168 -5.252 -5.112 7.049 -4.127 -5.248 7.813 -4.225 -4.198 0.443907 0.643874 0.430977 0.646023 0.432118 0.631004
3 16 11.854 -5.252 -16.250 12.763 -5.253 -14.026 13.967 -5.252 -16.250 0.963635 0.151599 0.984484 0.133264 0.985497 0.162468
3 16 11.854 -5.252 -16.250 10.986 -5.252 -14.187 12.763 -5.253 -14.026 0.963635 0.151599 0.965267 0.125782 0.984484 0.133264
3 16 6.960 -7.305 -14.545 11.854 -5.252 -16.250 2.806 -9.206 -16.250 0.884436 0.714617 0.934610 0.754492 0.828339 0.714343
3 16 6.960 -7.305 -14.545 10.986 -5.252 -14.187 11.854 -5.252 -16.250 0.884436 0.714617 0.934593 0.728753 0.934610 0.754492
3 16 7.870 -1.590 -4.113 7.049 -4.127 -5.248 6.780 -1.586 -5.554 0.401820 0.629776 0.430977 0.646023 0.401752 0.650670
3 16 7.870 -1.590 -4.113 7.813 -4.225 -4.198 7.049 -4.127 -5.248 0.401820 0.629776 0.432118 0.631004 0.430977 0.646023
3 16 6.780 -1.586 -5.554 4.931 -4.158 -7.035 4.931 -1.600 -7.035 0.401752 0.650670 0.431303 0.677614 0.401887 0.677629
3 16 6.780 -1.586 -5.554 7.049 -4.127 -5.248 4.931 -4.158 -7.035 0.401752 0.650670 0.430977 0.646023 0.431303 0.677614
3 16 2.806 -1.610 -7.847 4.931 -4.158 -7.035 2.806 -4.439 -7.847 0.402007 0.703933 0.431303 0.677614 0.434533 0.703937
3 16 2.806 -1.610 -7.847 4.931 -1.600 -7.035 4.931 -4.158 -7.035 0.402007 0.703933 0.401887 0.677629 0.431303 0.677614
3 16 2.806 -1.603 -8.506 2.806 -0.002 -7.847 2.806 -1.610 -7.847 0.120612 0.833919 0.102218 0.827546 0.120691 0.827544
3 16 2.806 -1.603 -8.506 2.806 -9.206 -16.250 2.806 -0.002 -7.847 0.120612 0.833919 0.207979 0.924086 0.102218 0.827546
3 16 7.168 -5.252 -5.112 8.064 -5.252 -7.242 4.931 -6.997 -7.035 0.934625 0.615563 0.934590 0.642124 0.896769 0.626504
3 16 4.931 -4.158 -7.035 7.168 -5.252 -5.112 4.931 -6.997 -7.035 0.431303 0.677614 0.443907 0.643874 0.463712 0.677644
3 16 4.931 -4.158 -7.035 7.049 -4.127 -5.248 7.168 -5.252 -5.112 0.431303 0.677614 0.430977 0.646023 0.443907 0.643874
3 16 11.065 -0.002 -0.655 8.461 -0.002 -1.071 10.664 -0.002 0.148 0.378021 0.708796 0.349721 0.714371 0.373113 0.699553
3 16 11.065 -0.002 -0.655 8.766 -0.002 -2.568 8.461 -0.002 -1.071 0.378021 0.708796 0.353721 0.731747 0.349721 0.714371
3 16 12.390 -5.226 -9.213 12.209 -5.252 -4.082 14.294 -5.252 -8.350 0.730425 0.359110 0.753299 0.303945 0.753129 0.359044
3 16 12.390 -5.226 -9.213 10.299 -5.200 -4.939 12.209 -5.252 -4.082 0.730425 0.359110 0.730716 0.302814 0.753299 0.303945
3 16 19.131 -0.002 -16.788 15.460 0.000 -16.094 18.377 -0.002 -15.280 0.475442 0.899244 0.434467 0.891138 0.467180 0.882463
3 16 -5.226 -10.492 1.937 -4.596 -10.032 3.155 2.806 -6.239 1.937 0.498242 0.726874 0.501374 0.743378 0.422896 0.800952
3 16 6.964 -3.083 1.633 2.806 -6.239 1.937 6.334 -2.981 3.155 0.378112 0.840553 0.422896 0.800952 0.394488 0.849578
3 16 6.334 -2.981 3.155 2.806 -6.239 1.937 5.331 -3.311 4.462 0.394488 0.849578 0.422896 0.800952 0.414292 0.852027
3 16 4.024 -4.090 5.465 5.331 -3.311 4.462 2.806 -6.239 1.937 0.434626 0.847924 0.414292 0.852027 0.422896 0.800952
3 16 4.024 -4.090 5.465 2.806 -6.239 1.937 2.502 -5.178 6.095 0.434626 0.847924 0.422896 0.800952 0.454302 0.837877
3 16 2.502 -5.178 6.095 2.806 -6.239 1.937 0.869 -6.411 6.310 0.454302 0.837877 0.422896 0.800952 0.472627 0.822707
3 16 0.869 -6.411 6.310 2.806 -6.239 1.937 -0.758 -7.407 6.073 0.472627 0.822707 0.422896 0.800952 0.486548 0.805410
3 16 -0.758 -7.407 6.073 2.806 -6.239 1.937 -2.286 -8.634 5.465 0.486548 0.805410 0.422896 0.800952 0.497228 0.784268
3 16 5.331 -6.235 -4.462 4.024 -7.187 -5.465 2.806 -6.239 1.937 0.351723 0.763875 0.356791 0.742488 0.422896 0.800952
3 16 6.334 -5.259 -3.155 2.806 -6.239 1.937 6.964 -4.340 -1.633 0.351396 0.785935 0.422896 0.800952 0.355848 0.807155
3 16 6.964 -4.340 -1.633 2.806 -6.239 1.937 7.179 -3.573 0.000 0.355848 0.807155 0.422896 0.800952 0.364743 0.825700
3 16 6.964 -3.083 1.633 7.179 -3.573 0.000 2.806 -6.239 1.937 0.378112 0.840553 0.364743 0.825700 0.422896 0.800952
3 16 -5.226 -0.002 1.937 2.806 -6.239 1.937 2.806 -0.002 1.937 0.004898 0.948807 0.096352 0.876571 0.096874 0.948796
3 16 -5.226 -0.002 1.937 -5.226 -10.492 1.937 2.806 -6.239 1.937 0.004898 0.948807 0.004883 0.827814 0.096352 0.876571
3 16 6.334 -0.002 3.155 6.880 -0.002 4.815 8.842 -0.002 3.736 0.323570 0.665593 0.327474 0.646057 0.350577 0.658284
3 16 6.334 -0.002 3.155 5.331 -0.002 4.462 6.880 -0.002 4.815 0.323570 0.665593 0.311393 0.650591 0.327474 0.646057
3 16 5.093 -0.002 7.025 2.502 -0.002 6.095 2.429 -0.003 8.299 0.305526 0.620540 0.277873 0.632522 0.275432 0.606393
3 16 5.093 -0.002 7.025 4.024 -0.002 5.465 2.502 -0.002 6.095 0.305526 0.620540 0.295769 0.639284 0.277873 0.632522
3 16 5.093 -0.002 7.025 2.429 -0.003 8.299 4.397 -0.002 9.780 0.305526 0.620540 0.275432 0.606393 0.295852 0.588549
3 16 5.331 -0.002 4.462 5.093 -0.002 7.025 6.880 -0.002 4.815 0.311393 0.650591 0.305526 0.620540 0.327474 0.646057
3 16 5.331 -0.002 4.462 4.024 -0.002 5.465 5.093 -0.002 7.025 0.311393 0.650591 0.295769 0.639284 0.305526 0.620540
3 16 -11.154 -14.461 20.000 -14.074 -15.382 12.887 -10.168 -14.515 12.884 0.465358 0.373313 0.383501 0.408387 0.383521 0.362269
3 16 -11.154 -14.461 20.000 -14.541 -15.341 20.000 -14.074 -15.382 12.887 0.465358 0.373313 0.465228 0.413658 0.383501 0.408387
3 16 -4.377 -12.012 12.891 -3.707 -10.053 20.000 -6.236 -11.969 20.000 0.384412 0.289650 0.467970 0.273657 0.466419 0.309968
3 16 -4.377 -12.012 12.891 -1.418 -10.019 13.197 -3.707 -10.053 20.000 0.384412 0.289650 0.389306 0.248759 0.467970 0.273657
3 16 -10.168 -14.515 12.884 -13.747 -15.409 7.902 -9.476 -14.553 7.899 0.383521 0.362269 0.326229 0.404753 0.326178 0.354559
3 16 -10.168 -14.515 12.884 -14.074 -15.382 12.887 -13.747 -15.409 7.902 0.383521 0.362269 0.383501 0.408387 0.326229 0.404753
3 16 -3.063 -12.045 7.921 -1.418 -10.019 13.197 -4.377 -12.012 12.891 0.327030 0.275305 0.389306 0.248759 0.384412 0.289650
3 16 -3.063 -12.045 7.921 0.424 -10.022 7.953 -1.418 -10.019 13.197 0.327030 0.275305 0.328520 0.228988 0.389306 0.248759
3 16 -14.074 -15.382 12.887 -19.131 -15.979 7.902 -13.747 -15.409 7.902 0.383501 0.408387 0.326346 0.466997 0.326229 0.404753
3 16 -14.074 -15.382 12.887 -19.131 -15.979 12.886 -19.131 -15.979 7.902 0.383501 0.408387 0.383550 0.466934 0.326346 0.466997
3 16 -13.747 -15.409 7.902 -19.131 -15.980 2.916 -13.421 -15.434 2.916 0.326229 0.404753 0.269160 0.467146 0.268954 0.401206
3 16 -13.747 -15.409 7.902 -19.131 -15.979 7.902 -19.131 -15.980 2.916 0.326229 0.404753 0.326346 0.466997 0.269160 0.467146
3 16 -9.476 -14.553 7.899 -13.421 -15.434 2.916 -8.783 -14.588 2.915 0.326178 0.354559 0.268954 0.401206 0.268845 0.346915
3 16 -9.476 -14.553 7.899 -13.747 -15.409 7.902 -13.421 -15.434 2.916 0.326178 0.354559 0.326229 0.404753 0.268954 0.401206
3 16 -1.735 -12.084 2.911 0.424 -10.022 7.953 -3.063 -12.045 7.921 0.269172 0.260849 0.328520 0.228988 0.327030 0.275305
3 16 -1.735 -12.084 2.911 2.284 -10.079 2.770 0.424 -10.022 7.953 0.269172 0.260849 0.268347 0.209269 0.328520 0.228988
3 16 -1.418 -10.019 13.197 -1.488 -7.787 20.000 -3.707 -10.053 20.000 0.389306 0.248759 0.470889 0.237450 0.467970 0.273657
3 16 -1.418 -10.019 13.197 1.307 -7.779 13.123 -1.488 -7.787 20.000 0.389306 0.248759 0.390763 0.208228 0.470889 0.237450
3 16 0.424 -10.022 7.953 1.307 -7.779 13.123 -1.418 -10.019 13.197 0.328520 0.228988 0.390763 0.208228 0.389306 0.248759
3 16 0.424 -10.022 7.953 3.665 -7.621 7.891 1.307 -7.779 13.123 0.328520 0.228988 0.329997 0.182659 0.390763 0.208228
3 16 -19.131 -15.980 -1.502 -13.421 -15.434 2.916 -19.131 -15.980 2.916 0.218452 0.467349 0.268954 0.401206 0.269160 0.467146
3 16 -19.131 -15.980 -1.502 -13.133 -15.451 -1.502 -13.421 -15.434 2.916 0.218452 0.467349 0.218193 0.398132 0.268954 0.401206
3 16 -8.783 -14.588 2.915 -13.133 -15.451 -1.502 -8.169 -14.615 -1.502 0.268845 0.346915 0.218193 0.398132 0.218016 0.340191
3 16 -8.783 -14.588 2.915 -13.421 -15.434 2.916 -13.133 -15.451 -1.502 0.268845 0.346915 0.268954 0.401206 0.218193 0.398132
3 16 -0.560 -12.110 -1.503 2.284 -10.079 2.770 -1.735 -12.084 2.911 0.218219 0.248026 0.268347 0.209269 0.269172 0.260849
3 16 -0.560 -12.110 -1.503 3.621 -10.101 -1.459 2.284 -10.079 2.770 0.218219 0.248026 0.219444 0.194737 0.268347 0.209269
3 16 -8.169 -14.615 -1.502 -12.645 -15.476 -8.993 -7.129 -14.652 -8.995 0.218016 0.340191 0.132120 0.393028 0.131763 0.328864
3 16 -8.169 -14.615 -1.502 -13.133 -15.451 -1.502 -12.645 -15.476 -8.993 0.218016 0.340191 0.218193 0.398132 0.132120 0.393028
3 16 1.429 -12.145 -8.975 3.621 -10.101 -1.459 -0.560 -12.110 -1.503 0.131947 0.226304 0.219444 0.194737 0.218219 0.248026
3 16 1.429 -12.145 -8.975 6.079 -10.182 -8.936 3.621 -10.101 -1.459 0.131947 0.226304 0.132888 0.168306 0.219444 0.194737
3 16 -13.133 -15.451 -1.502 -19.131 -15.980 -8.993 -12.645 -15.476 -8.993 0.218193 0.398132 0.132489 0.467796 0.132120 0.393028
3 16 -13.133 -15.451 -1.502 -19.131 -15.980 -1.502 -19.131 -15.980 -8.993 0.218193 0.398132 0.218452 0.467349 0.132489 0.467796
3 16 6.079 -10.182 -8.936 7.774 -7.523 -1.488 3.621 -10.101 -1.459 0.132888 0.168306 0.220950 0.138559 0.219444 0.194737
3 16 6.079 -10.182 -8.936 10.749 -7.642 -8.975 7.774 -7.523 -1.488 0.132888 0.168306 0.133870 0.107197 0.220950 0.138559
3 16 5.868 -7.521 2.998 3.621 -10.101 -1.459 7.774 -7.523 -1.488 0.273141 0.158848 0.219444 0.194737 0.220950 0.138559
3 16 5.868 -7.521 2.998 2.284 -10.079 2.770 3.621 -10.101 -1.459 0.273141 0.158848 0.268347 0.209269 0.219444 0.194737
3 16 3.665 -7.621 7.891 2.284 -10.079 2.770 5.868 -7.521 2.998 0.329997 0.182659 0.268347 0.209269 0.273141 0.158848
3 16 3.665 -7.621 7.891 0.424 -10.022 7.953 2.284 -10.079 2.770 0.329997 0.182659 0.328520 0.228988 0.268347 0.209269
3 16 -14.541 -15.341 20.000 -19.131 -15.979 12.886 -14.074 -15.382 12.887 0.465228 0.413658 0.383550 0.466934 0.383501 0.408387
3 16 -14.541 -15.341 20.000 -19.131 -15.978 20.000 -19.131 -15.979 12.886 0.465228 0.413658 0.465255 0.466928 0.383550 0.466934
3 16 -6.089 -14.689 -16.489 -11.929 -15.510 -20.000 -5.601 -14.703 -20.000 0.045594 0.317616 0.005611 0.385635 0.005233 0.312334
3 16 -6.089 -14.689 -16.489 -12.157 -15.500 -16.483 -11.929 -15.510 -20.000 0.045594 0.317616 0.046033 0.387996 0.005611 0.385635
3 16 4.346 -12.182 -20.000 8.537 -10.262 -16.414 3.417 -12.180 -16.447 0.004900 0.194475 0.046380 0.141864 0.045748 0.204633
3 16 4.346 -12.182 -20.000 9.640 -10.270 -20.000 8.537 -10.262 -16.414 0.004900 0.194475 0.005004 0.129872 0.046380 0.141864
3 16 9.640 -10.270 -20.000 13.724 -7.761 -16.462 8.537 -10.262 -16.414 0.005004 0.129872 0.046812 0.075702 0.046380 0.141864
3 16 9.640 -10.270 -20.000 14.772 -7.955 -20.000 13.724 -7.761 -16.462 0.005004 0.129872 0.005761 0.065227 0.046812 0.075702
3 16 9.640 -10.270 -20.000 0.885 -0.002 -20.000 14.772 -7.955 -20.000 0.847890 0.115587 0.729057 0.214984 0.822461 0.059518
3 16 9.640 -10.270 -20.000 0.885 -8.002 -20.000 0.885 -0.002 -20.000 0.847890 0.115587 0.822004 0.214984 0.729057 0.214984
3 16 14.772 -7.955 -20.000 19.131 -4.802 -16.788 13.724 -7.761 -16.462 0.005761 0.065227 0.044827 0.004883 0.046812 0.075702
3 16 14.772 -7.955 -20.000 19.131 -5.695 -20.000 19.131 -4.802 -16.788 0.005761 0.065227 0.006756 0.008819 0.044827 0.004883
3 16 13.724 -7.761 -16.462 17.462 -4.821 -13.486 16.875 -5.116 -13.087 0.046812 0.075702 0.083491 0.022626 0.087776 0.030337
3 16 17.462 -4.821 -13.486 13.724 -7.761 -16.462 19.131 -4.802 -16.788 0.083491 0.022626 0.046812 0.075702 0.044827 0.004883
3 16 19.131 -0.002 -20.000 19.131 -4.802 -16.788 19.131 -5.695 -20.000 0.471125 0.380180 0.528045 0.344443 0.538636 0.380168
3 16 19.131 -0.002 -20.000 19.131 -0.002 -16.788 19.131 -4.802 -16.788 0.471125 0.380180 0.471119 0.344453 0.528045 0.344443
3 16 -5.601 -14.703 -20.000 0.885 -8.002 -20.000 -0.367 -13.503 -20.000 0.896677 0.290932 0.822004 0.214984 0.884266 0.229999
3 16 -5.601 -14.703 -20.000 -19.131 -8.002 -20.000 0.885 -8.002 -20.000 0.896677 0.290932 0.822004 0.445218 0.822004 0.214984
3 16 -12.157 -15.500 -16.483 -19.131 -15.981 -20.000 -11.929 -15.510 -20.000 0.046033 0.387996 0.006088 0.468556 0.005611 0.385635
3 16 -12.157 -15.500 -16.483 -19.131 -15.981 -16.484 -19.131 -15.981 -20.000 0.046033 0.387996 0.046514 0.468316 0.006088 0.468556
3 16 -19.131 -15.979 12.886 -19.131 -15.978 20.000 -19.131 -8.002 0.000 0.643563 0.005163 0.723479 0.005159 0.494621 0.097105
3 16 -19.131 -15.979 7.902 -19.131 -15.979 12.886 -19.131 -8.002 0.000 0.585945 0.005165 0.643563 0.005163 0.494621 0.097105
3 16 -19.131 -15.979 7.902 -19.131 -8.002 0.000 -19.131 -15.980 2.916 0.585945 0.005165 0.494621 0.097105 0.528318 0.005168
3 16 0.885 -8.310 -8.102 0.885 -9.169 -10.256 0.885 -8.940 -8.107 0.139896 0.726615 0.115002 0.716771 0.139820 0.719340
3 16 0.885 -0.002 -20.000 0.885 -9.169 -10.256 0.885 -8.310 -8.102 0.005154 0.822902 0.115002 0.716771 0.139896 0.726615
3 16 0.885 -8.002 -16.250 0.885 -9.169 -10.256 0.885 -0.002 -20.000 0.045859 0.730442 0.115002 0.716771 0.005154 0.822902
3 16 0.860 -8.208 -0.019 0.885 -8.310 -5.403 0.934 -8.880 -5.376 0.233195 0.727506 0.171053 0.726525 0.171340 0.719918
3 16 0.885 -8.310 -5.403 0.860 -8.208 -0.019 0.885 -0.002 0.000 0.171053 0.726525 0.233195 0.727506 0.233693 0.822234
3 16 -15.381 -8.002 0.000 -19.131 -8.002 0.000 -19.131 -0.002 0.000 0.765826 0.677320 0.806776 0.677240 0.806956 0.769523
3 16 -15.381 -12.742 -3.613 -15.381 -8.002 0.000 -15.381 -12.742 -2.080 0.975271 0.340854 0.920808 0.299350 0.975270 0.323240
3 16 0.885 -8.002 -16.250 -7.109 -11.860 -16.250 -2.081 -10.722 -16.250 0.903287 0.294435 0.947673 0.202467 0.934244 0.260223
3 16 0.885 -8.002 -16.250 -15.381 -8.002 -16.250 -7.109 -11.860 -16.250 0.903287 0.294435 0.903288 0.107304 0.947673 0.202467
3 16 -19.131 -8.002 0.000 -15.381 -8.002 -16.250 -19.131 -8.002 -20.000 0.471119 0.427777 0.663833 0.387087 0.705576 0.429418
3 16 -19.131 -8.002 0.000 -15.381 -8.002 0.000 -15.381 -8.002 -16.250 0.471119 0.427777 0.471413 0.385740 0.663833 0.387087
3 16 0.885 -8.002 -16.250 0.885 -0.002 -20.000 0.885 -8.002 -20.000 0.045859 0.730442 0.005154 0.822902 0.004883 0.730562
3 16 0.885 -9.807 -16.250 -1.947 -10.576 -14.827 0.885 -9.672 -14.979 0.939691 0.007498 0.923459 0.041301 0.925010 0.007104
3 16 0.885 -9.807 -16.250 -2.081 -10.722 -16.250 -1.947 -10.576 -14.827 0.939691 0.007498 0.939860 0.043175 0.923459 0.041301
3 16 0.885 -9.807 -16.250 0.885 -9.672 -14.979 0.885 -8.002 -16.250 0.045798 0.709608 0.060474 0.711127 0.045859 0.730442
3 16 0.885 -9.413 -12.545 0.885 -9.169 -10.256 0.885 -8.002 -16.250 0.088573 0.714036 0.115002 0.716771 0.045859 0.730442
3 16 -1.234 -9.864 -7.847 -2.836 -8.310 -7.183 -1.234 -8.310 -7.847 0.953925 0.613156 0.971509 0.592986 0.971781 0.612905
3 16 -1.234 -9.864 -7.847 -2.828 -10.415 -7.187 -2.836 -8.310 -7.183 0.953925 0.613156 0.947328 0.593405 0.971509 0.592986
3 16 -7.222 -11.250 0.000 -6.978 -8.310 -2.103 -6.978 -11.290 -2.103 0.938390 0.490971 0.971573 0.516037 0.937374 0.515300
3 16 -7.222 -11.250 0.000 -7.222 -8.310 0.000 -6.978 -8.310 -2.103 0.938390 0.490971 0.972166 0.491758 0.971573 0.516037
3 16 -11.162 -12.205 0.000 -15.381 -12.742 -2.080 -15.381 -12.742 0.000 0.325777 0.986161 0.374950 0.962430 0.374948 0.986442
3 16 -11.162 -12.205 0.000 -11.162 -12.205 -2.080 -15.381 -12.742 -2.080 0.325777 0.986161 0.325833 0.962425 0.374950 0.962430
3 16 -4.687 -12.742 -14.625 -7.109 -11.860 -16.250 -7.109 -12.742 -16.250 0.780083 0.318459 0.789803 0.352091 0.779672 0.351967
3 16 -4.687 -12.742 -14.625 -4.687 -11.302 -14.625 -7.109 -11.860 -16.250 0.780083 0.318459 0.796629 0.318662 0.789803 0.352091
3 16 -3.084 -12.742 -12.042 -4.687 -11.302 -14.625 -4.687 -12.742 -14.625 0.780512 0.283537 0.796629 0.318662 0.780083 0.318459
3 16 -3.084 -12.742 -12.042 -3.084 -10.783 -12.042 -4.687 -11.302 -14.625 0.780512 0.283537 0.803016 0.283814 0.796629 0.318662
3 16 -2.681 -12.742 -9.856 -3.084 -10.783 -12.042 -3.084 -12.742 -12.042 0.780825 0.257992 0.803016 0.283814 0.780512 0.283537
3 16 -2.681 -12.742 -9.856 -2.681 -10.491 -9.856 -3.084 -10.783 -12.042 0.780825 0.257992 0.806686 0.258309 0.803016 0.283814
3 16 -3.664 -12.742 -6.728 -4.875 -10.548 -5.744 -3.664 -10.541 -6.728 0.920541 0.582851 0.945459 0.564493 0.945741 0.582457
3 16 -3.664 -12.742 -6.728 -4.875 -12.742 -5.744 -4.875 -10.548 -5.744 0.920541 0.582851 0.920253 0.564941 0.945459 0.564493
3 16 -7.593 -11.532 -3.770 -6.122 -12.742 -4.334 -7.593 -12.742 -3.770 0.641821 0.347066 0.658901 0.361248 0.641914 0.361229
3 16 -7.593 -11.532 -3.770 -6.107 -10.921 -4.353 -6.122 -12.742 -4.334 0.641821 0.347066 0.658922 0.342194 0.658901 0.361248
3 16 -3.664 -10.541 -6.728 -2.681 -12.742 -9.856 -3.664 -12.742 -6.728 0.806591 0.220224 0.780825 0.257992 0.781302 0.219899
3 16 -3.664 -10.541 -6.728 -2.681 -10.491 -9.856 -2.681 -12.742 -9.856 0.806591 0.220224 0.806686 0.258309 0.780825 0.257992
3 16 -4.687 -11.302 -14.625 -2.081 -10.722 -16.250 -7.109 -11.860 -16.250 0.921227 0.073879 0.939860 0.043175 0.939949 0.102398
3 16 -4.687 -11.302 -14.625 -1.947 -10.576 -14.827 -2.081 -10.722 -16.250 0.921227 0.073879 0.923459 0.041301 0.939860 0.043175
3 16 -11.162 -12.205 -3.610 -15.381 -12.742 -2.080 -11.162 -12.205 -2.080 0.325375 0.944391 0.374950 0.962430 0.325833 0.962425
3 16 -11.162 -12.205 -3.610 -15.381 -12.742 -3.613 -15.381 -12.742 -2.080 0.325375 0.944391 0.374952 0.944730 0.374950 0.962430
3 16 -3.072 -8.310 -3.860 -5.857 -8.310 -4.465 -3.955 -8.310 -2.722 0.169231 0.024556 0.151547 0.052110 0.152821 0.022497
3 16 -3.072 -8.310 -3.860 -4.875 -8.310 -5.744 -5.857 -8.310 -4.465 0.169231 0.024556 0.169921 0.054512 0.151547 0.052110
3 16 -3.072 -8.310 -3.860 -3.861 -8.310 -6.568 -4.875 -8.310 -5.744 0.169231 0.024556 0.184851 0.052951 0.169921 0.054512
3 16 -3.072 -8.310 -3.860 -1.871 -8.310 -4.787 -3.861 -8.310 -6.568 0.169231 0.024556 0.186526 0.022313 0.184851 0.052951
3 16 -2.836 -8.310 -7.183 -3.861 -8.310 -6.568 -1.871 -8.310 -4.787 0.198168 0.049612 0.184851 0.052951 0.186526 0.022313
3 16 -6.318 -8.310 -3.695 -3.955 -8.310 -2.722 -5.857 -8.310 -4.465 0.141540 0.049610 0.152821 0.022497 0.151547 0.052110
3 16 -4.309 -8.310 -1.541 -6.318 -8.310 -3.695 -6.978 -8.310 -2.103 0.140340 0.015786 0.141540 0.049610 0.123241 0.042049
3 16 -4.309 -8.310 -1.541 -3.955 -8.310 -2.722 -6.318 -8.310 -3.695 0.140340 0.015786 0.152821 0.022497 0.141540 0.049610
3 16 -4.506 -8.310 0.000 0.860 -8.208 -0.019 -4.420 -10.519 0.026 0.640372 0.674016 0.578474 0.675303 0.639335 0.648534
3 16 -4.506 -8.310 0.000 0.885 -0.002 0.000 0.860 -8.208 -0.019 0.640372 0.674016 0.578367 0.769968 0.578474 0.675303
3 16 0.885 -0.002 0.000 -7.222 -8.310 0.000 -19.131 -0.002 0.000 0.578367 0.769968 0.671698 0.673954 0.806956 0.769523
3 16 -4.506 -8.310 0.000 -7.222 -8.310 0.000 0.885 -0.002 0.000 0.640372 0.674016 0.671698 0.673954 0.578367 0.769968
3 16 2.806 -0.002 -5.947 2.806 -6.239 1.937 2.806 -7.897 -5.947 0.776752 0.976029 0.848615 0.885604 0.867465 0.976233
3 16 2.806 -0.002 -5.947 2.806 -0.002 1.937 2.806 -6.239 1.937 0.776752 0.976029 0.776956 0.885443 0.848615 0.885604
3 16 0.869 -0.002 6.310 2.429 -0.003 8.299 2.502 -0.002 6.095 0.258993 0.630557 0.275432 0.606393 0.277873 0.632522
3 16 2.429 -0.003 8.299 0.857 -0.002 8.283 1.274 -0.002 8.708 0.275432 0.606393 0.256704 0.606627 0.261540 0.601671
3 16 0.869 -0.002 6.310 0.857 -0.002 8.283 2.429 -0.003 8.299 0.258993 0.630557 0.256704 0.606627 0.275432 0.606393
3 16 -0.758 -0.134 6.069 0.251 -0.002 8.042 0.869 -0.002 6.310 0.240402 0.634201 0.249499 0.609424 0.258993 0.630557
3 16 -0.758 -0.134 6.069 -1.234 -0.002 7.847 0.251 -0.002 8.042 0.240402 0.634201 0.233365 0.616302 0.249499 0.609424
3 16 -2.286 -0.002 5.465 -1.234 -0.002 7.847 -0.758 -0.134 6.069 0.223264 0.641571 0.233365 0.616302 0.240402 0.634201
3 16 -2.286 -0.002 5.465 -3.193 -0.002 7.035 -1.234 -0.002 7.847 0.223264 0.641571 0.208551 0.621137 0.233365 0.616302
3 16 -3.593 -0.002 4.462 -3.193 -0.002 7.035 -2.286 -0.002 5.465 0.209377 0.654177 0.208551 0.621137 0.223264 0.641571
3 16 -3.593 -0.002 4.462 -4.875 -0.002 5.744 -3.193 -0.002 7.035 0.209377 0.654177 0.198101 0.643220 0.208551 0.621137
3 16 -4.596 -0.002 3.155 -4.875 -0.002 5.744 -3.593 -0.002 4.462 0.197784 0.669825 0.198101 0.643220 0.209377 0.654177
3 16 -4.596 -0.002 3.155 -6.166 -0.002 4.062 -4.875 -0.002 5.744 0.197784 0.669825 0.183942 0.662532 0.198101 0.643220
3 16 -5.226 -0.002 1.937 -6.166 -0.002 4.062 -4.596 -0.002 3.155 0.190094 0.683841 0.183942 0.662532 0.197784 0.669825
3 16 -5.226 -0.002 1.937 -7.088 -0.002 1.937 -6.166 -0.002 4.062 0.190094 0.683841 0.164571 0.680714 0.183942 0.662532
3 16 2.806 -0.002 -5.947 4.931 -0.002 -7.035 2.806 -0.002 -7.847 0.285315 0.773013 0.310338 0.785069 0.285725 0.795175
3 16 2.806 -0.002 -5.947 4.024 -0.002 -5.465 4.931 -0.002 -7.035 0.285315 0.773013 0.299347 0.767017 0.310338 0.785069
3 16 5.331 -0.002 -4.462 4.931 -0.002 -7.035 4.024 -0.002 -5.465 0.314273 0.754909 0.310338 0.785069 0.299347 0.767017
3 16 5.331 -0.002 -4.462 6.613 -0.002 -5.744 4.931 -0.002 -7.035 0.314273 0.754909 0.329576 0.769481 0.310338 0.785069
3 16 6.334 -0.002 -3.155 6.613 -0.002 -5.744 5.331 -0.002 -4.462 0.325568 0.739346 0.329576 0.769481 0.314273 0.754909
3 16 6.334 -0.002 -3.155 7.904 -0.002 -4.062 6.613 -0.002 -5.744 0.325568 0.739346 0.344122 0.749451 0.329576 0.769481
3 16 8.180 -0.002 -3.510 6.334 -0.002 -3.155 6.964 -0.002 -1.633 0.347172 0.742924 0.325568 0.739346 0.332462 0.721386
3 16 8.180 -0.002 -3.510 7.904 -0.002 -4.062 6.334 -0.002 -3.155 0.347172 0.742924 0.344122 0.749451 0.325568 0.739346
3 16 8.461 -0.002 -1.071 6.964 -0.002 -1.633 7.179 -0.002 0.000 0.349721 0.714371 0.332462 0.721386 0.334481 0.702254
3 16 6.964 -0.002 -1.633 8.473 -0.002 -3.039 8.180 -0.002 -3.510 0.332462 0.721386 0.350447 0.737336 0.347172 0.742924
3 16 8.461 -0.002 -1.071 8.473 -0.002 -3.039 6.964 -0.002 -1.633 0.349721 0.714371 0.350447 0.737336 0.332462 0.721386
3 16 6.964 -0.002 1.633 8.461 -0.002 -1.071 7.179 -0.002 0.000 0.331439 0.683216 0.349721 0.714371 0.334481 0.702254
3 16 6.964 -0.002 1.633 8.842 -0.002 3.736 8.461 -0.002 -1.071 0.331439 0.683216 0.350577 0.658284 0.349721 0.714371
3 16 -5.226 -0.002 1.937 -4.596 -10.032 3.155 -5.226 -10.492 1.937 0.572393 0.622756 0.456971 0.638560 0.451652 0.622752
3 16 -5.226 -0.002 1.937 -4.596 -0.002 3.155 -4.596 -10.032 3.155 0.572393 0.622756 0.572393 0.638551 0.456971 0.638560
3 16 4.024 -7.187 -5.465 2.806 -0.002 -5.947 2.806 -7.897 -5.947 0.489785 0.903835 0.572408 0.918982 0.481533 0.918989
3 16 4.024 -7.187 -5.465 4.024 -0.002 -5.465 2.806 -0.002 -5.947 0.489785 0.903835 0.572407 0.903764 0.572408 0.918982
3 16 4.931 -6.997 -7.035 2.806 -4.439 -7.847 4.931 -4.158 -7.035 0.463712 0.677644 0.434533 0.703937 0.431303 0.677614
3 16 4.931 -6.997 -7.035 2.806 -8.200 -7.847 2.806 -4.439 -7.847 0.463712 0.677644 0.477779 0.703952 0.434533 0.703937
3 16 -7.088 -0.002 1.937 0.885 -0.002 0.000 -19.131 -0.002 0.000 0.164571 0.680714 0.261203 0.704614 0.026500 0.704839
3 16 -5.226 -0.002 1.937 0.885 -0.002 0.000 -7.088 -0.002 1.937 0.190094 0.683841 0.261203 0.704614 0.164571 0.680714
3 16 0.869 -0.002 20.000 -15.381 -0.002 16.250 -19.131 -0.002 20.000 0.253540 0.472413 0.066094 0.515003 0.024350 0.473967
3 16 0.869 -0.002 20.000 -1.636 -0.002 16.250 -15.381 -0.002 16.250 0.253540 0.472413 0.226453 0.513897 0.066094 0.515003
3 16 -15.381 -12.625 1.937 -10.452 -11.994 1.937 -15.381 -0.002 1.937 0.951035 0.904634 0.894496 0.896602 0.951005 0.759403
3 16 4.931 -1.600 -7.035 2.806 -0.002 -7.847 4.931 -0.002 -7.035 0.401887 0.677629 0.383520 0.703932 0.383521 0.677673
3 16 4.931 -1.600 -7.035 2.806 -1.610 -7.847 2.806 -0.002 -7.847 0.401887 0.677629 0.402007 0.703933 0.383520 0.703932
3 16 0.885 -0.002 0.000 2.806 -0.002 1.937 2.806 -0.002 -5.947 0.261203 0.704614 0.282959 0.681153 0.285315 0.773013
3 16 2.806 -0.002 -16.250 11.854 -5.252 -16.250 13.970 -0.002 -16.250 0.715451 0.880539 0.819555 0.820103 0.843920 0.880514
3 16 2.806 -0.002 -16.250 2.806 -9.206 -16.250 11.854 -5.252 -16.250 0.715451 0.880539 0.715430 0.774624 0.819555 0.820103
3 16 14.639 -0.002 -20.000 2.806 -0.002 -16.250 13.970 -0.002 -16.250 0.424980 0.934296 0.287005 0.893181 0.417122 0.892945
3 16 14.639 -0.002 -20.000 0.885 -0.002 -20.000 2.806 -0.002 -16.250 0.424980 0.934296 0.264737 0.934635 0.287005 0.893181
3 16 2.806 -0.002 -7.847 2.806 -9.206 -16.250 2.806 -0.002 -16.250 0.102218 0.827546 0.207979 0.924086 0.102230 0.924098
3 16 2.806 -4.439 -7.847 2.806 -1.603 -8.506 2.806 -1.610 -7.847 0.153196 0.827541 0.120612 0.833919 0.120691 0.827544
3 16 2.806 -9.206 -16.250 2.806 -1.603 -8.506 2.806 -4.439 -7.847 0.207979 0.924086 0.120612 0.833919 0.153196 0.827541
3 16 2.806 -4.439 -7.847 2.806 -8.200 -7.847 2.806 -8.703 -12.048 0.153196 0.827541 0.196411 0.827536 0.202195 0.875811
3 16 13.966 -3.636 -16.250 11.854 -5.252 -16.250 13.967 -5.252 -16.250 0.843869 0.838699 0.819555 0.820103 0.843867 0.820099
3 16 13.970 -0.002 -16.250 14.519 -0.002 -16.250 14.639 -0.002 -20.000 0.417122 0.892945 0.423518 0.892943 0.424980 0.934296
3 16 13.968 -1.697 -16.250 13.970 -0.002 -16.250 11.854 -5.252 -16.250 0.843897 0.861005 0.843920 0.880514 0.819555 0.820103
3 16 13.966 -3.636 -16.250 13.968 -1.697 -16.250 11.854 -5.252 -16.250 0.843869 0.838699 0.843897 0.861005 0.819555 0.820103
3 16 8.064 -5.252 -7.242 5.945 -7.151 -10.790 4.931 -6.997 -7.035 0.934590 0.642124 0.890527 0.670266 0.896769 0.626504
3 16 8.064 -5.252 -7.242 9.525 -5.252 -10.714 5.945 -7.151 -10.790 0.934590 0.642124 0.934587 0.685438 0.890527 0.670266
3 16 5.945 -7.151 -10.790 2.806 -8.200 -7.847 4.931 -6.997 -7.035 0.890527 0.670266 0.867040 0.625045 0.896769 0.626504
3 16 5.945 -7.151 -10.790 2.806 -8.703 -12.048 2.806 -8.200 -7.847 0.890527 0.670266 0.847714 0.669691 0.867040 0.625045
3 16 10.791 -5.252 -9.989 8.064 -5.252 -7.242 8.818 -5.252 -5.951 0.984847 0.081337 0.970761 0.038881 0.985209 0.029410
3 16 10.791 -5.252 -9.989 9.525 -5.252 -10.714 8.064 -5.252 -7.242 0.984847 0.081337 0.968014 0.082332 0.970761 0.038881
3 16 8.461 -0.002 -1.071 8.842 -0.002 3.736 10.664 -0.002 0.148 0.349721 0.714371 0.350577 0.658284 0.373113 0.699553
3 16 19.131 -0.002 -16.788 18.377 -0.002 -15.280 19.131 -4.802 -16.788 0.770911 0.662762 0.771348 0.644104 0.826679 0.662766
3 16 6.964 -0.002 1.633 6.334 -0.002 3.155 8.842 -0.002 3.736 0.331439 0.683216 0.323570 0.665593 0.350577 0.658284
3 16 -1.234 -7.475 7.847 -2.827 -6.276 16.250 0.251 -6.302 8.042 0.740165 0.519672 0.750723 0.618342 0.718566 0.522894
3 16 -1.234 -7.475 7.847 -4.286 -7.613 16.250 -2.827 -6.276 16.250 0.740165 0.519672 0.773411 0.616874 0.750723 0.618342
3 16 -3.193 -8.847 7.035 -4.286 -7.613 16.250 -1.234 -7.475 7.847 0.767333 0.509492 0.773411 0.616874 0.740165 0.519672
3 16 -3.193 -8.847 7.035 -5.569 -8.598 16.250 -4.286 -7.613 16.250 0.767333 0.509492 0.791970 0.616059 0.773411 0.616874
3 16 -9.015 -10.645 16.250 -6.166 -10.579 4.062 -7.088 -11.076 1.937 0.838002 0.614939 0.806276 0.474659 0.818059 0.450133
3 16 -9.015 -10.645 16.250 -7.871 -10.040 16.250 -6.166 -10.579 4.062 0.838002 0.614939 0.823156 0.615187 0.806276 0.474659
3 16 -7.088 -11.076 1.937 -7.088 -0.002 1.937 -10.452 -11.994 1.937 0.855620 0.886836 0.855593 0.759423 0.894496 0.896602
3 16 -10.452 -11.994 1.937 -15.381 -12.625 16.250 -10.506 -11.309 16.250 0.858110 0.450161 0.914733 0.614924 0.856725 0.614793
3 16 -10.452 -11.994 1.937 -15.381 -12.625 1.937 -15.381 -12.625 16.250 0.858110 0.450161 0.915198 0.450485 0.914733 0.614924
3 16 -6.166 -10.579 4.062 -7.088 -0.002 1.937 -7.088 -11.076 1.937 0.195354 0.547423 0.074038 0.519892 0.201272 0.520860
3 16 -6.166 -10.579 4.062 -6.166 -0.002 4.062 -7.088 -0.002 1.937 0.195354 0.547423 0.073836 0.546498 0.074038 0.519892
3 16 -10.452 -11.994 1.937 -7.088 -0.002 1.937 -15.381 -0.002 1.937 0.894496 0.896602 0.855593 0.759423 0.951005 0.759403
3 16 -15.381 -12.625 1.937 -15.381 -0.002 16.250 -15.381 -12.625 16.250 0.646271 0.194475 0.481851 0.339535 0.481826 0.194504
3 16 -15.381 -12.625 1.937 -15.381 -0.002 1.937 -15.381 -0.002 16.250 0.646271 0.194475 0.646296 0.339507 0.481851 0.339535
3 16 -15.381 -0.002 16.250 -10.506 -11.309 16.250 -15.381 -12.625 16.250 0.578202 0.932997 0.707601 0.877143 0.723409 0.932983
3 16 -10.506 -11.309 16.250 -15.381 -0.002 16.250 -9.015 -10.645 16.250 0.707601 0.877143 0.578202 0.932997 0.700493 0.859830
3 16 -9.015 -10.645 16.250 -15.381 -0.002 16.250 -7.871 -10.040 16.250 0.700493 0.859830 0.578202 0.932997 0.693591 0.846641
3 16 -5.569 -8.598 16.250 -1.636 -0.002 16.250 -4.286 -7.613 16.250 0.676981 0.820186 0.578188 0.774883 0.665541 0.805480
3 16 -4.286 -7.613 16.250 -1.636 -0.002 16.250 -2.827 -6.276 16.250 0.665541 0.805480 0.578188 0.774883 0.650213 0.788758
3 16 -15.381 -0.002 16.250 -5.569 -8.598 16.250 -6.579 -9.288 16.250 0.578202 0.932997 0.676981 0.820186 0.684889 0.831812
3 16 -1.636 -0.002 16.250 -5.569 -8.598 16.250 -15.381 -0.002 16.250 0.578188 0.774883 0.676981 0.820186 0.578202 0.932997
3 16 15.460 0.000 -16.094 19.131 -0.002 -20.000 14.639 -0.002 -20.000 0.434467 0.891138 0.475400 0.934299 0.424980 0.934296
3 16 15.460 0.000 -16.094 19.131 -0.002 -16.788 19.131 -0.002 -20.000 0.434467 0.891138 0.475442 0.899244 0.475400 0.934299
3 16 14.772 -7.955 -20.000 14.639 -0.002 -20.000 19.131 -5.695 -20.000 0.822461 0.059518 0.729057 0.055189 0.795195 0.004884
3 16 14.772 -7.955 -20.000 0.885 -0.002 -20.000 14.639 -0.002 -20.000 0.822461 0.059518 0.729057 0.214984 0.729057 0.055189
3 16 -6.579 -9.288 16.250 -7.871 -10.040 16.250 -15.381 -0.002 16.250 0.684889 0.831812 0.693591 0.846641 0.578202 0.932997
3 16 0.885 -8.310 -5.403 -1.234 -8.310 -7.847 -0.739 -8.310 -5.272 0.213903 0.004897 0.216578 0.041967 0.199649 0.017045
3 16 0.885 -8.310 -5.403 0.885 -8.310 -8.102 -1.234 -8.310 -7.847 0.213903 0.004897 0.235854 0.026810 0.216578 0.041967
3 16 -7.109 -11.860 -16.250 -15.381 -12.742 -16.250 -7.109 -12.742 -16.250 0.947673 0.202467 0.957817 0.107305 0.957817 0.202467
3 16 -7.109 -11.860 -16.250 -15.381 -8.002 -16.250 -15.381 -12.742 -16.250 0.947673 0.202467 0.903288 0.107304 0.957817 0.107305
3 16 -1.234 -8.310 -7.847 0.885 -8.940 -8.107 -1.234 -9.864 -7.847 0.971781 0.612905 0.964896 0.637536 0.953925 0.613156
3 16 -1.234 -8.310 -7.847 0.885 -8.310 -8.102 0.885 -8.940 -8.107 0.971781 0.612905 0.972138 0.637421 0.964896 0.637536
3 16 7.813 -4.225 -4.198 8.084 -5.252 -3.679 7.797 -5.252 -4.231 0.432118 0.631004 0.443930 0.624327 0.443925 0.631446
3 16 7.813 -4.225 -4.198 8.103 -4.221 -3.645 8.084 -5.252 -3.679 0.432118 0.631004 0.432079 0.623871 0.443930 0.624327
3 16 8.103 -4.221 -3.645 7.870 -1.590 -4.113 8.151 -1.595 -3.561 0.432079 0.623871 0.401820 0.629776 0.401982 0.622719
3 16 8.103 -4.221 -3.645 7.813 -4.225 -4.198 7.870 -1.590 -4.113 0.432079 0.623871 0.432118 0.631004 0.401820 0.629776
3 16 7.904 -0.002 -4.062 8.151 -1.595 -3.561 7.870 -1.590 -4.113 0.383564 0.628909 0.401982 0.622719 0.401820 0.629776
3 16 7.904 -0.002 -4.062 8.180 -0.002 -3.510 8.151 -1.595 -3.561 0.383564 0.628909 0.383579 0.622021 0.401982 0.622719
3 16 9.714 -4.847 -3.852 11.924 -4.299 -2.374 12.099 -4.802 -2.700 0.730665 0.286697 0.761392 0.283181 0.760349 0.290010
3 16 9.714 -4.847 -3.852 9.539 -4.322 -3.525 11.924 -4.299 -2.374 0.730665 0.286697 0.731996 0.278356 0.761392 0.283181
3 16 11.924 -4.299 -2.374 9.475 -3.634 -3.398 11.861 -3.634 -2.247 0.761392 0.283181 0.734177 0.269695 0.762966 0.275786
3 16 11.924 -4.299 -2.374 9.539 -4.322 -3.525 9.475 -3.634 -3.398 0.761392 0.283181 0.731996 0.278356 0.734177 0.269695
3 16 9.475 -3.634 -3.398 11.781 -1.528 -2.087 11.861 -3.634 -2.247 0.734177 0.269695 0.768746 0.251978 0.762966 0.275786
3 16 9.475 -3.634 -3.398 9.395 -1.528 -3.238 11.781 -1.528 -2.087 0.734177 0.269695 0.740375 0.245515 0.768746 0.251978
3 16 9.395 -1.528 -3.238 11.554 -0.484 -1.634 11.781 -1.528 -2.087 0.740375 0.245515 0.771824 0.238778 0.768746 0.251978
3 16 9.395 -1.528 -3.238 9.169 -0.484 -2.785 11.554 -0.484 -1.634 0.740375 0.245515 0.742983 0.232384 0.771824 0.238778
3 16 11.065 -0.002 -0.655 9.169 -0.484 -2.785 8.766 -0.002 -2.568 0.775050 0.225931 0.742983 0.232384 0.741301 0.224865
3 16 11.065 -0.002 -0.655 11.554 -0.484 -1.634 9.169 -0.484 -2.785 0.775050 0.225931 0.771824 0.238778 0.742983 0.232384
3 16 15.300 -4.281 -14.904 17.462 -4.821 -13.486 17.644 -4.322 -13.813 0.734230 0.440351 0.760987 0.426800 0.762755 0.433339
3 16 15.300 -4.281 -14.904 15.119 -4.740 -14.577 17.462 -4.821 -13.486 0.734230 0.440351 0.732498 0.432679 0.760987 0.426800
3 16 17.712 -3.631 -13.949 15.300 -4.281 -14.904 17.644 -4.322 -13.813 0.764687 0.440768 0.734230 0.440351 0.762755 0.433339
3 16 17.712 -3.631 -13.949 15.368 -3.631 -15.040 15.300 -4.281 -14.904 0.764687 0.440768 0.737019 0.448573 0.734230 0.440351
3 16 15.456 -1.345 -15.217 17.712 -3.631 -13.949 17.800 -1.345 -14.126 0.746020 0.474294 0.764687 0.440768 0.772905 0.465843
3 16 15.456 -1.345 -15.217 15.368 -3.631 -15.040 17.712 -3.631 -13.949 0.746020 0.474294 0.737019 0.448573 0.764687 0.440768
3 16 15.659 -0.447 -15.622 17.800 -1.345 -14.126 18.003 -0.448 -14.531 0.748955 0.485450 0.772905 0.465843 0.776481 0.477110
3 16 15.659 -0.447 -15.622 15.456 -1.345 -15.217 17.800 -1.345 -14.126 0.748955 0.485450 0.746020 0.474294 0.772905 0.465843
3 16 18.377 -0.002 -15.280 15.659 -0.447 -15.622 18.003 -0.448 -14.531 0.467180 0.882463 0.436335 0.883510 0.462046 0.871779
3 16 18.377 -0.002 -15.280 15.460 0.000 -16.094 15.659 -0.447 -15.622 0.467180 0.882463 0.434467 0.891138 0.436335 0.883510
3 16 16.379 -5.252 -12.618 14.790 -5.077 -14.037 14.481 -5.253 -13.488 0.752807 0.413984 0.730966 0.423521 0.730551 0.415470
3 16 16.379 -5.252 -12.618 16.875 -5.116 -13.087 14.790 -5.077 -14.037 0.752807 0.413984 0.755942 0.420407 0.730966 0.423521
3 16 16.875 -5.116 -13.087 15.119 -4.740 -14.577 14.790 -5.077 -14.037 0.755942 0.420407 0.732498 0.432679 0.730966 0.423521
3 16 16.875 -5.116 -13.087 17.462 -4.821 -13.486 15.119 -4.740 -14.577 0.755942 0.420407 0.760987 0.426800 0.732498 0.432679
3 16 10.042 -5.108 -4.427 12.209 -5.252 -4.082 10.299 -5.200 -4.939 0.730594 0.295745 0.753299 0.303945 0.730716 0.302814
3 16 10.042 -5.108 -4.427 12.061 -5.128 -3.458 12.209 -5.252 -4.082 0.730594 0.295745 0.755200 0.297338 0.753299 0.303945
3 16 9.714 -4.847 -3.852 12.061 -5.128 -3.458 10.042 -5.108 -4.427 0.730665 0.286697 0.755200 0.297338 0.730594 0.295745
3 16 9.714 -4.847 -3.852 12.099 -4.802 -2.700 12.061 -5.128 -3.458 0.730665 0.286697 0.760349 0.290010 0.755200 0.297338
3 16 13.968 -1.697 -16.250 14.519 -0.002 -16.250 13.970 -0.002 -16.250 0.843897 0.861005 0.850171 0.880513 0.843920 0.880514
3 16 13.968 -1.697 -16.250 14.519 -1.703 -16.250 14.519 -0.002 -16.250 0.843897 0.861005 0.850125 0.860778 0.850171 0.880513
3 16 13.966 -3.636 -16.250 14.519 -5.252 -16.250 14.519 -3.630 -16.250 0.843869 0.838699 0.849421 0.820098 0.850120 0.838582
3 16 13.966 -3.636 -16.250 13.967 -5.252 -16.250 14.519 -5.252 -16.250 0.843869 0.838699 0.843867 0.820099 0.849421 0.820098
3 16 13.968 -1.697 -16.250 14.519 -3.630 -16.250 14.519 -1.703 -16.250 0.843897 0.861005 0.850120 0.838582 0.850125 0.860778
3 16 13.968 -1.697 -16.250 13.966 -3.636 -16.250 14.519 -3.630 -16.250 0.843897 0.861005 0.843869 0.838699 0.850120 0.838582
3 16 8.180 -0.002 -3.510 8.714 -1.561 -3.145 8.151 -1.595 -3.561 0.728753 0.223368 0.732800 0.242980 0.724739 0.241375
3 16 8.180 -0.002 -3.510 8.473 -0.002 -3.039 8.714 -1.561 -3.145 0.728753 0.223368 0.735097 0.224323 0.732800 0.242980
3 16 8.151 -1.595 -3.561 8.761 -4.272 -3.331 8.103 -4.221 -3.645 0.724739 0.241375 0.723773 0.273300 0.715785 0.270083
3 16 8.151 -1.595 -3.561 8.714 -1.561 -3.145 8.761 -4.272 -3.331 0.724739 0.241375 0.732800 0.242980 0.723773 0.273300
3 16 8.761 -4.272 -3.331 8.084 -5.252 -3.679 8.103 -4.221 -3.645 0.723773 0.273300 0.711537 0.280605 0.715785 0.270083
3 16 8.761 -4.272 -3.331 8.993 -5.180 -3.793 8.084 -5.252 -3.679 0.723773 0.273300 0.721437 0.284781 0.711537 0.280605
3 16 9.169 -0.484 -2.785 8.473 -0.002 -3.039 8.766 -0.002 -2.568 0.742983 0.232384 0.735097 0.224323 0.741301 0.224865
3 16 9.169 -0.484 -2.785 8.714 -1.561 -3.145 8.473 -0.002 -3.039 0.742983 0.232384 0.732800 0.242980 0.735097 0.224323
3 16 8.714 -1.561 -3.145 9.475 -3.634 -3.398 8.761 -4.272 -3.331 0.732800 0.242980 0.734177 0.269695 0.723773 0.273300
3 16 8.714 -1.561 -3.145 9.395 -1.528 -3.238 9.475 -3.634 -3.398 0.732800 0.242980 0.740375 0.245515 0.734177 0.269695
3 16 9.475 -3.634 -3.398 9.539 -4.322 -3.525 8.761 -4.272 -3.331 0.734177 0.269695 0.731996 0.278356 0.723773 0.273300
3 16 9.539 -4.322 -3.525 8.993 -5.180 -3.793 8.761 -4.272 -3.331 0.731996 0.278356 0.721437 0.284781 0.723773 0.273300
3 16 8.993 -5.180 -3.793 9.714 -4.847 -3.852 10.042 -5.108 -4.427 0.721437 0.284781 0.730665 0.286697 0.730594 0.295745
3 16 9.714 -4.847 -3.852 8.993 -5.180 -3.793 9.539 -4.322 -3.525 0.730665 0.286697 0.721437 0.284781 0.731996 0.278356
3 16 8.461 -0.002 -1.071 8.766 -0.002 -2.568 8.473 -0.002 -3.039 0.349721 0.714371 0.353721 0.731747 0.350447 0.737336
3 16 15.456 -1.345 -15.217 15.659 -0.447 -15.622 15.083 -1.524 -15.847 0.746020 0.474294 0.748955 0.485450 0.737543 0.476028
3 16 15.083 -1.524 -15.847 15.368 -3.631 -15.040 15.456 -1.345 -15.217 0.737543 0.476028 0.737019 0.448573 0.746020 0.474294
3 16 15.083 -1.524 -15.847 15.039 -3.630 -15.758 15.368 -3.631 -15.040 0.737543 0.476028 0.728682 0.452892 0.737019 0.448573
3 16 15.039 -3.630 -15.758 15.300 -4.281 -14.904 15.368 -3.631 -15.040 0.728682 0.452892 0.734230 0.440351 0.737019 0.448573
3 16 15.039 -3.630 -15.758 14.750 -5.165 -15.257 15.300 -4.281 -14.904 0.728682 0.452892 0.722248 0.434905 0.734230 0.440351
3 16 15.300 -4.281 -14.904 14.750 -5.165 -15.257 15.119 -4.740 -14.577 0.734230 0.440351 0.722248 0.434905 0.732498 0.432679
3 16 15.119 -4.740 -14.577 14.750 -5.165 -15.257 14.790 -5.077 -14.037 0.732498 0.432679 0.722248 0.434905 0.730966 0.423521
3 16 15.083 -1.524 -15.847 14.519 -0.002 -16.250 14.519 -1.703 -16.250 0.737543 0.476028 0.735834 0.495827 0.729253 0.477049
3 16 15.083 -1.524 -15.847 15.024 -0.001 -16.166 14.519 -0.002 -16.250 0.737543 0.476028 0.741520 0.494071 0.735834 0.495827
3 16 14.519 -1.703 -16.250 15.039 -3.630 -15.758 15.083 -1.524 -15.847 0.729253 0.477049 0.728682 0.452892 0.737543 0.476028
3 16 14.519 -1.703 -16.250 14.519 -3.630 -16.250 15.039 -3.630 -15.758 0.729253 0.477049 0.721063 0.456427 0.728682 0.452892
3 16 15.039 -3.630 -15.758 14.519 -5.252 -16.250 14.750 -5.165 -15.257 0.728682 0.452892 0.712376 0.441466 0.722248 0.434905
3 16 15.039 -3.630 -15.758 14.519 -3.630 -16.250 14.519 -5.252 -16.250 0.728682 0.452892 0.721063 0.456427 0.712376 0.441466
3 16 15.024 -0.001 -16.166 14.639 -0.002 -20.000 14.519 -0.002 -16.250 0.429391 0.891973 0.424980 0.934296 0.423518 0.892943
3 16 7.797 -5.252 -4.231 9.126 -5.252 -5.494 8.818 -5.252 -5.951 0.983491 0.006351 0.990619 0.026305 0.985209 0.029410
3 16 7.797 -5.252 -4.231 8.084 -5.252 -3.679 9.126 -5.252 -5.494 0.983491 0.006351 0.989438 0.004883 0.990619 0.026305
3 16 13.967 -5.252 -16.250 13.407 -5.253 -14.026 14.519 -5.252 -16.250 0.985497 0.162468 0.991130 0.136576 0.990963 0.163084
3 16 13.967 -5.252 -16.250 12.763 -5.253 -14.026 13.407 -5.253 -14.026 0.985497 0.162468 0.984484 0.133264 0.991130 0.136576
3 16 14.790 -5.077 -14.037 13.944 -5.253 -13.757 14.481 -5.253 -13.488 0.730966 0.423521 0.723429 0.415041 0.730551 0.415470
3 16 14.790 -5.077 -14.037 14.750 -5.165 -15.257 13.944 -5.253 -13.757 0.730966 0.423521 0.722248 0.434905 0.723429 0.415041
3 16 11.831 -5.242 -9.485 10.299 -5.200 -4.939 12.390 -5.226 -9.213 0.723156 0.359093 0.730716 0.302814 0.730425 0.359110
3 16 11.831 -5.242 -9.485 9.718 -5.232 -5.213 10.299 -5.200 -4.939 0.723156 0.359093 0.723065 0.303201 0.730716 0.302814
3 16 13.407 -5.253 -14.026 14.750 -5.165 -15.257 14.519 -5.252 -16.250 0.716351 0.414860 0.722248 0.434905 0.712376 0.441466
3 16 13.407 -5.253 -14.026 13.944 -5.253 -13.757 14.750 -5.165 -15.257 0.716351 0.414860 0.723429 0.415041 0.722248 0.434905
3 16 -6.107 -10.921 -4.353 -6.318 -8.310 -3.695 -5.857 -8.310 -4.465 0.940638 0.543052 0.971179 0.535739 0.971092 0.545940
3 16 -6.107 -10.921 -4.353 -6.408 -11.078 -3.656 -6.318 -8.310 -3.695 0.940638 0.543052 0.939372 0.534359 0.971179 0.535739
3 16 -6.978 -8.310 -2.103 -6.408 -11.078 -3.656 -6.978 -11.290 -2.103 0.971573 0.516037 0.939372 0.534359 0.937374 0.515300
3 16 -6.978 -8.310 -2.103 -6.318 -8.310 -3.695 -6.408 -11.078 -3.656 0.971573 0.516037 0.971179 0.535739 0.939372 0.534359
3 16 -7.796 -11.532 -2.081 -6.978 -11.290 -2.103 -6.408 -11.078 -3.656 0.286179 0.962398 0.276877 0.962171 0.269666 0.944229
3 16 -4.309 -8.310 -1.541 -4.420 -10.519 0.026 -4.181 -10.615 -1.503 0.963635 0.185874 0.989144 0.167999 0.990163 0.185794
3 16 -4.309 -8.310 -1.541 -4.506 -8.310 0.000 -4.420 -10.519 0.026 0.963635 0.185874 0.963743 0.168002 0.989144 0.167999
3 16 -3.790 -10.598 -2.673 -4.309 -8.310 -1.541 -4.181 -10.615 -1.503 0.990034 0.199971 0.963635 0.185874 0.990163 0.185794
3 16 -3.790 -10.598 -2.673 -3.955 -8.310 -2.722 -4.309 -8.310 -1.541 0.990034 0.199971 0.963674 0.200044 0.963635 0.185874
3 16 -2.928 -10.370 -3.816 -3.955 -8.310 -2.722 -3.790 -10.598 -2.673 0.987893 0.216497 0.963674 0.200044 0.990034 0.199971
3 16 -2.928 -10.370 -3.816 -3.072 -8.310 -3.860 -3.955 -8.310 -2.722 0.987893 0.216497 0.964164 0.216575 0.963674 0.200044
3 16 -1.764 -9.982 -4.755 -3.072 -8.310 -3.860 -2.928 -10.370 -3.816 0.984224 0.233860 0.964164 0.216575 0.987893 0.216497
3 16 -1.764 -9.982 -4.755 -1.871 -8.310 -4.787 -3.072 -8.310 -3.860 0.984224 0.233860 0.964965 0.233997 0.964164 0.216575
3 16 -0.739 -8.310 -5.272 0.934 -8.880 -5.376 0.885 -8.310 -5.403 0.965787 0.248114 0.973740 0.267041 0.967157 0.266988
3 16 -0.739 -8.310 -5.272 -0.644 -9.555 -5.243 0.934 -8.880 -5.376 0.965787 0.248114 0.980141 0.248159 0.973740 0.267041
3 16 -0.644 -9.555 -5.243 -1.871 -8.310 -4.787 -1.764 -9.982 -4.755 0.980141 0.248159 0.964965 0.233997 0.984224 0.233860
3 16 -0.644 -9.555 -5.243 -0.739 -8.310 -5.272 -1.871 -8.310 -4.787 0.980141 0.248159 0.965787 0.248114 0.964965 0.233997
3 16 0.934 -8.880 -5.376 -0.644 -9.555 -5.243 0.860 -8.208 -0.019 0.678411 0.496370 0.658683 0.494925 0.680425 0.434366
3 16 -2.928 -10.370 -3.816 -3.790 -10.598 -2.673 0.860 -8.208 -0.019 0.630811 0.478553 0.620616 0.465372 0.680425 0.434366
3 16 -4.181 -10.615 -1.503 -4.420 -10.519 0.026 0.860 -8.208 -0.019 0.616365 0.451847 0.614202 0.434171 0.680425 0.434366
3 16 -1.764 -9.982 -4.755 -2.928 -10.370 -3.816 0.860 -8.208 -0.019 0.644898 0.489347 0.630811 0.478553 0.680425 0.434366
3 16 -0.644 -9.555 -5.243 -1.764 -9.982 -4.755 0.860 -8.208 -0.019 0.658683 0.494925 0.644898 0.489347 0.680425 0.434366
3 16 -3.790 -10.598 -2.673 -4.181 -10.615 -1.503 0.860 -8.208 -0.019 0.620616 0.465372 0.616365 0.451847 0.680425 0.434366
3 16 4.397 -0.002 9.780 4.714 -2.161 11.946 4.939 -3.192 10.281 0.173782 0.994838 0.149854 0.968694 0.169111 0.957102
3 16 4.397 -0.002 9.780 4.714 -0.002 11.971 4.714 -2.161 11.946 0.173782 0.994838 0.148658 0.993750 0.149854 0.968694
3 16 3.665 -7.621 7.891 4.893 -4.751 11.651 1.307 -7.779 13.123 0.329997 0.182659 0.377800 0.153249 0.390763 0.208228
3 16 3.665 -7.621 7.891 6.461 -5.262 7.672 4.893 -4.751 11.651 0.329997 0.182659 0.330227 0.140566 0.377800 0.153249
3 16 8.842 -2.164 3.736 8.726 -4.528 3.976 10.426 -4.786 0.536 0.402632 0.131396 0.401687 0.106623 0.444926 0.102588
3 16 5.868 -7.521 2.998 6.461 -5.262 7.672 3.665 -7.621 7.891 0.273141 0.158848 0.330227 0.140566 0.329997 0.182659
3 16 5.868 -7.521 2.998 8.726 -4.528 3.976 6.461 -5.262 7.672 0.273141 0.158848 0.287499 0.114150 0.330227 0.140566
3 16 4.714 -2.161 11.946 0.869 -4.802 20.000 4.893 -4.751 11.651 0.973895 0.940795 0.872491 0.909921 0.977419 0.910930
3 16 4.714 -2.161 11.946 0.869 -0.002 20.000 0.869 -4.802 20.000 0.973895 0.940795 0.872447 0.965695 0.872491 0.909921
3 16 4.939 -3.192 10.281 4.714 -2.161 11.946 4.893 -4.751 11.651 0.169111 0.957102 0.149854 0.968694 0.154583 0.938425
3 16 6.880 -0.002 4.815 8.842 -2.164 3.736 8.842 -0.002 3.736 0.240689 0.992112 0.263504 0.963863 0.266476 0.988848
3 16 6.880 -0.002 4.815 7.844 -3.109 4.707 8.842 -2.164 3.736 0.240689 0.992112 0.246140 0.954596 0.263504 0.963863
3 16 8.842 -2.164 3.736 10.664 -0.002 0.148 8.842 -0.002 3.736 0.402632 0.131396 0.448130 0.157745 0.401860 0.156318
3 16 8.842 -2.164 3.736 10.426 -4.786 0.536 10.664 -0.002 0.148 0.402632 0.131396 0.444926 0.102588 0.448130 0.157745
3 16 10.426 -4.786 0.536 5.868 -7.521 2.998 7.774 -7.523 -1.488 0.247546 0.096549 0.273141 0.158848 0.220950 0.138559
3 16 10.426 -4.786 0.536 8.726 -4.528 3.976 5.868 -7.521 2.998 0.247546 0.096549 0.287499 0.114150 0.273141 0.158848
3 16 8.726 -4.528 3.976 8.842 -2.164 3.736 7.844 -3.109 4.707 0.257296 0.938745 0.263504 0.963863 0.246140 0.954596
3 16 0.869 -0.002 6.310 0.251 -0.002 8.042 0.857 -0.002 8.283 0.258993 0.630557 0.249499 0.609424 0.256704 0.606627
3 16 1.274 -0.002 8.708 1.388 -4.750 9.338 1.343 -0.002 9.352 0.571037 0.995117 0.578144 0.940539 0.578472 0.995086
3 16 1.274 -0.002 8.708 1.311 -5.088 8.670 1.388 -4.750 9.338 0.571037 0.995117 0.570401 0.936687 0.578144 0.940539
3 16 0.857 -0.002 8.283 1.311 -5.088 8.670 1.274 -0.002 8.708 0.073090 0.644283 0.131466 0.651775 0.073018 0.651124
3 16 0.857 -0.002 8.283 0.889 -5.750 8.280 1.311 -5.088 8.670 0.073090 0.644283 0.139123 0.645153 0.131466 0.651775
3 16 1.105 -4.771 9.990 -1.636 -0.002 16.250 1.065 -0.002 10.003 0.586309 0.940301 0.664817 0.995103 0.586608 0.995088
3 16 1.105 -4.771 9.990 -1.636 -4.980 16.250 -1.636 -0.002 16.250 0.586309 0.940301 0.664828 0.937904 0.664817 0.995103
3 16 0.251 -0.002 8.042 0.889 -5.750 8.280 0.857 -0.002 8.283 0.073148 0.636795 0.139123 0.645153 0.073090 0.644283
3 16 0.251 -0.002 8.042 0.251 -6.302 8.042 0.889 -5.750 8.280 0.073148 0.636795 0.145533 0.637349 0.139123 0.645153
3 16 2.429 -0.003 8.299 1.343 -0.002 9.352 4.397 -0.002 9.780 0.275432 0.606393 0.262191 0.594167 0.295852 0.588549
3 16 2.429 -0.003 8.299 1.274 -0.002 8.708 1.343 -0.002 9.352 0.275432 0.606393 0.261540 0.601671 0.262191 0.594167
3 16 1.388 -4.750 9.338 1.065 -0.002 10.003 1.343 -0.002 9.352 0.578144 0.940539 0.586608 0.995088 0.578472 0.995086
3 16 1.388 -4.750 9.338 1.105 -4.771 9.990 1.065 -0.002 10.003 0.578144 0.940539 0.586309 0.940301 0.586608 0.995088
3 16 1.343 -0.002 9.352 1.065 -0.002 10.003 4.397 -0.002 9.780 0.262191 0.594167 0.258752 0.586576 0.295852 0.588549
3 16 0.885 -8.310 -8.102 0.885 -0.002 0.000 0.885 -0.002 -20.000 0.139896 0.726615 0.233693 0.822234 0.005154 0.822902
3 16 0.885 -8.310 -8.102 0.885 -8.310 -5.403 0.885 -0.002 0.000 0.139896 0.726615 0.171053 0.726525 0.233693 0.822234
3 16 -15.381 -8.002 -16.250 0.885 -8.002 -20.000 -19.131 -8.002 -20.000 0.663833 0.387087 0.707218 0.194767 0.705576 0.429418
3 16 -15.381 -8.002 -16.250 0.885 -8.002 -16.250 0.885 -8.002 -20.000 0.663833 0.387087 0.665182 0.194473 0.707218 0.194767
3 16 -7.088 -0.002 1.937 -19.131 -0.002 0.000 -15.381 -0.002 1.937 0.164571 0.680714 0.026500 0.704839 0.067714 0.681904
3 16 -19.131 -0.002 20.000 -19.131 -8.002 0.000 -19.131 -15.978 20.000 0.723500 0.189550 0.494621 0.097105 0.723479 0.005159
3 16 -19.131 -0.002 20.000 -19.131 -0.002 0.000 -19.131 -8.002 0.000 0.723500 0.189550 0.494632 0.189578 0.494621 0.097105
3 16 15.659 -0.447 -15.622 15.024 -0.001 -16.166 15.083 -1.524 -15.847 0.748955 0.485450 0.741520 0.494071 0.737543 0.476028
3 16 15.659 -0.447 -15.622 15.460 0.000 -16.094 15.024 -0.001 -16.166 0.748955 0.485450 0.746415 0.492800 0.741520 0.494071
3 16 9.395 -1.528 -3.238 8.714 -1.561 -3.145 9.169 -0.484 -2.785 0.740375 0.245515 0.732800 0.242980 0.742983 0.232384
3 16 17.800 -1.345 -14.126 19.131 -4.802 -16.788 18.003 -0.448 -14.531 0.786804 0.629107 0.826679 0.662766 0.776735 0.634026
3 16 17.644 -4.322 -13.813 17.462 -4.821 -13.486 19.131 -4.802 -16.788 0.821162 0.624483 0.826681 0.620137 0.826679 0.662766
3 16 16.875 -5.116 -13.087 16.379 -5.252 -12.618 13.724 -7.761 -16.462 0.087776 0.030337 0.093194 0.036211 0.046812 0.075702
3 16 12.099 -4.802 -2.700 7.774 -7.523 -1.488 12.061 -5.128 -3.458 0.209430 0.079431 0.220950 0.138559 0.200262 0.081399
3 16 10.426 -4.786 0.536 7.774 -7.523 -1.488 12.099 -4.802 -2.700 0.247546 0.096549 0.220950 0.138559 0.209430 0.079431
3 16 11.924 -4.299 -2.374 11.861 -3.634 -2.247 10.426 -4.786 0.536 0.482060 0.109346 0.480189 0.116945 0.444926 0.102588
3 16 11.065 -0.002 -0.655 10.426 -4.786 0.536 11.554 -0.484 -1.634 0.459122 0.157789 0.444926 0.102588 0.471203 0.152906
3 16 1.307 -7.779 13.123 0.869 -4.802 20.000 -1.488 -7.787 20.000 0.390763 0.208228 0.475808 0.194420 0.470889 0.237450
3 16 1.307 -7.779 13.123 4.893 -4.751 11.651 0.869 -4.802 20.000 0.390763 0.208228 0.377800 0.153249 0.475808 0.194420
3 16 2.806 -0.002 1.937 0.885 -0.002 0.000 -5.226 -0.002 1.937 0.282959 0.681153 0.261203 0.704614 0.190094 0.683841
3 16 0.885 -0.002 0.000 2.806 -0.002 -7.847 0.885 -0.002 -20.000 0.261203 0.704614 0.285725 0.795175 0.264737 0.934635
3 16 2.806 -0.002 -5.947 2.806 -0.002 -7.847 0.885 -0.002 0.000 0.285315 0.773013 0.285725 0.795175 0.261203 0.704614
3 16 0.885 -0.002 -20.000 2.806 -0.002 -7.847 2.806 -0.002 -16.250 0.264737 0.934635 0.285725 0.795175 0.287005 0.893181
3 16 -1.234 -9.864 -7.847 -1.490 -10.080 -9.966 -2.828 -10.415 -7.187 0.843012 0.031472 0.867437 0.034874 0.835591 0.050909
3 16 -7.593 -11.532 -3.770 -6.408 -11.078 -3.656 -6.107 -10.921 -4.353 0.283892 0.942987 0.269666 0.944229 0.266715 0.939549
3 16 -7.593 -11.532 -3.770 -7.796 -11.532 -2.081 -6.408 -11.078 -3.656 0.283892 0.942987 0.286179 0.962398 0.269666 0.944229
3 16 -5.857 -8.310 -4.465 -4.875 -10.548 -5.744 -6.107 -10.921 -4.353 0.971092 0.545940 0.945459 0.564493 0.940638 0.543052
3 16 -5.857 -8.310 -4.465 -4.875 -8.310 -5.744 -4.875 -10.548 -5.744 0.971092 0.545940 0.971153 0.564335 0.945459 0.564493
3 16 -4.875 -10.548 -5.744 -3.861 -8.310 -6.568 -3.664 -10.541 -6.728 0.945459 0.564493 0.971329 0.579281 0.945741 0.582457
3 16 -4.875 -10.548 -5.744 -4.875 -8.310 -5.744 -3.861 -8.310 -6.568 0.945459 0.564493 0.971153 0.564335 0.971329 0.579281
3 16 -15.381 -12.742 -3.613 -15.381 -8.002 -16.250 -15.381 -8.002 0.000 0.975271 0.340854 0.920818 0.486057 0.920808 0.299350
3 16 -15.381 -12.742 -3.613 -15.381 -12.742 -16.250 -15.381 -8.002 -16.250 0.975271 0.340854 0.975279 0.486054 0.920818 0.486057
3 16 -15.381 -8.002 0.000 -15.381 -12.742 0.000 -15.381 -12.742 -2.080 0.920808 0.299350 0.975268 0.299347 0.975270 0.323240
3 16 0.885 -9.807 -16.250 0.885 -8.002 -16.250 -2.081 -10.722 -16.250 0.924052 0.294435 0.903287 0.294435 0.934244 0.260223
3 16 0.885 -8.002 -20.000 9.640 -10.270 -20.000 4.346 -12.182 -20.000 0.822004 0.214984 0.847890 0.115587 0.868189 0.175567
3 16 -11.929 -15.510 -20.000 -19.131 -15.981 -20.000 -19.131 -8.002 -20.000 0.907806 0.362605 0.914430 0.445218 0.822004 0.445218
3 16 19.131 -0.002 -20.000 19.131 -5.695 -20.000 14.639 -0.002 -20.000 0.729057 0.004883 0.795195 0.004884 0.729057 0.055189
3 16 8.993 -5.180 -3.793 9.126 -5.252 -5.494 8.084 -5.252 -3.679 0.721437 0.284781 0.715405 0.303311 0.711537 0.280605
3 16 8.993 -5.180 -3.793 9.718 -5.232 -5.213 9.126 -5.252 -5.494 0.721437 0.284781 0.723065 0.303201 0.715405 0.303311
3 16 10.042 -5.108 -4.427 9.718 -5.232 -5.213 8.993 -5.180 -3.793 0.730594 0.295745 0.723065 0.303201 0.721437 0.284781
3 16 10.042 -5.108 -4.427 10.299 -5.200 -4.939 9.718 -5.232 -5.213 0.730594 0.295745 0.730716 0.302814 0.723065 0.303201
3 16 4.024 -7.187 -5.465 2.806 -7.897 -5.947 2.806 -6.239 1.937 0.356791 0.742488 0.364198 0.726878 0.422896 0.800952
3 16 6.334 -5.259 -3.155 5.331 -6.235 -4.462 2.806 -6.239 1.937 0.351396 0.785935 0.351723 0.763875 0.422896 0.800952
3 16 -3.593 -9.458 4.462 -2.286 -8.634 5.465 2.806 -6.239 1.937 0.501943 0.763561 0.497228 0.784268 0.422896 0.800952
3 16 -4.596 -10.032 3.155 -3.593 -9.458 4.462 2.806 -6.239 1.937 0.501374 0.743378 0.501943 0.763561 0.422896 0.800952
3 16 -19.131 -0.002 0.000 -15.381 -0.002 16.250 -15.381 -0.002 1.937 0.026500 0.704839 0.066094 0.515003 0.067714 0.681904
3 16 -19.131 -0.002 0.000 -19.131 -0.002 20.000 -15.381 -0.002 16.250 0.026500 0.704839 0.024350 0.473967 0.066094 0.515003
3 16 1.105 -4.771 9.990 -2.827 -6.276 16.250 -1.636 -4.980 16.250 0.700968 0.547369 0.750723 0.618342 0.730591 0.620119
3 16 -4.875 -12.742 -5.744 -2.681 -12.742 -9.856 -3.084 -12.742 -12.042 0.327937 0.592583 0.302729 0.545339 0.307368 0.520216
3 16 -4.875 -12.742 -5.744 -3.664 -12.742 -6.728 -2.681 -12.742 -9.856 0.327937 0.592583 0.314022 0.581278 0.302729 0.545339
3 16 -4.687 -12.742 -14.625 -7.593 -12.742 -3.770 -6.122 -12.742 -4.334 0.325793 0.490548 0.359154 0.615268 0.342261 0.608785
3 16 -4.687 -12.742 -14.625 -7.109 -12.742 -16.250 -7.593 -12.742 -3.770 0.325793 0.490548 0.353621 0.471879 0.359154 0.615268
3 16 -6.122 -12.742 -4.334 -3.084 -12.742 -12.042 -4.687 -12.742 -14.625 0.342261 0.608785 0.307368 0.520216 0.325793 0.490548
3 16 -6.122 -12.742 -4.334 -4.875 -12.742 -5.744 -3.084 -12.742 -12.042 0.342261 0.608785 0.327937 0.592583 0.307368 0.520216
3 16 -15.381 -12.742 -16.250 -15.381 -12.742 -3.613 -11.162 -12.742 -3.610 0.448664 0.471894 0.448641 0.617094 0.400160 0.617111
3 16 -7.109 -12.742 -16.250 -9.181 -12.742 -3.611 -7.593 -12.742 -3.770 0.353621 0.471879 0.377406 0.617101 0.359154 0.615268
3 16 -7.109 -12.742 -16.250 -15.381 -12.742 -16.250 -9.181 -12.742 -3.611 0.353621 0.471879 0.448664 0.471894 0.377406 0.617101
3 16 -15.381 -12.742 -16.250 -11.162 -12.742 -3.610 -9.181 -12.742 -3.611 0.448664 0.471894 0.400160 0.617111 0.377406 0.617101
3 16 1.388 -4.750 9.338 1.311 -5.088 8.670 -2.827 -6.276 16.250 0.697910 0.539797 0.700631 0.531598 0.750723 0.618342
3 16 1.105 -4.771 9.990 1.388 -4.750 9.338 -2.827 -6.276 16.250 0.700968 0.547369 0.697910 0.539797 0.750723 0.618342
3 16 0.889 -5.750 8.280 0.251 -6.302 8.042 -2.827 -6.276 16.250 0.709017 0.526050 0.718566 0.522894 0.750723 0.618342
3 16 1.311 -5.088 8.670 0.889 -5.750 8.280 -2.827 -6.276 16.250 0.700631 0.531598 0.709017 0.526050 0.750723 0.618342
3 16 4.714 -0.002 11.971 -1.636 -0.002 16.250 0.869 -0.002 20.000 0.298343 0.563459 0.226453 0.513897 0.253540 0.472413
3 16 4.714 -0.002 11.971 1.065 -0.002 10.003 -1.636 -0.002 16.250 0.298343 0.563459 0.258752 0.586576 0.226453 0.513897
3 16 4.714 -0.002 11.971 4.397 -0.002 9.780 1.065 -0.002 10.003 0.298343 0.563459 0.295852 0.588549 0.258752 0.586576
3 16 4.939 -3.192 10.281 6.461 -5.262 7.672 5.719 -3.365 7.330 0.169111 0.957102 0.205043 0.929001 0.206528 0.955210
3 16 4.939 -3.192 10.281 4.893 -4.751 11.651 6.461 -5.262 7.672 0.169111 0.957102 0.154583 0.938425 0.205043 0.929001
3 16 4.397 -0.002 9.780 5.719 -3.365 7.330 5.093 -0.002 7.025 0.173782 0.994838 0.206528 0.955210 0.207271 0.994842
3 16 4.397 -0.002 9.780 4.939 -3.192 10.281 5.719 -3.365 7.330 0.173782 0.994838 0.169111 0.957102 0.206528 0.955210
3 16 6.880 -0.002 4.815 5.719 -3.365 7.330 7.844 -3.109 4.707 0.240689 0.992112 0.206528 0.955210 0.246140 0.954596
3 16 6.880 -0.002 4.815 5.093 -0.002 7.025 5.719 -3.365 7.330 0.240689 0.992112 0.207271 0.994842 0.206528 0.955210
3 16 7.844 -3.109 4.707 6.461 -5.262 7.672 8.726 -4.528 3.976 0.246140 0.954596 0.205043 0.929001 0.257296 0.938745
3 16 7.844 -3.109 4.707 5.719 -3.365 7.330 6.461 -5.262 7.672 0.246140 0.954596 0.206528 0.955210 0.205043 0.929001
3 16 -5.601 -14.703 -20.000 -1.067 -13.486 -16.478 -6.089 -14.689 -16.489 0.005233 0.312334 0.045505 0.258335 0.045594 0.317616
3 16 -5.601 -14.703 -20.000 -0.367 -13.503 -20.000 -1.067 -13.486 -16.478 0.005233 0.312334 0.004937 0.250700 0.045505 0.258335
3 16 -7.129 -14.652 -8.995 -4.144 -13.412 -1.502 -8.169 -14.615 -1.502 0.131763 0.328864 0.218016 0.291931 0.218016 0.340191
3 16 -7.129 -14.652 -8.995 -2.605 -13.449 -8.990 -4.144 -13.412 -1.502 0.131763 0.328864 0.131749 0.275104 0.218016 0.291931
3 16 -8.169 -14.615 -1.502 -5.052 -13.385 2.917 -8.783 -14.588 2.915 0.218016 0.340191 0.268930 0.301881 0.268845 0.346915
3 16 -8.169 -14.615 -1.502 -4.144 -13.412 -1.502 -5.052 -13.385 2.917 0.218016 0.340191 0.218016 0.291931 0.268930 0.301881
3 16 -8.783 -14.588 2.915 -6.077 -13.350 7.904 -9.476 -14.553 7.899 0.268845 0.346915 0.326396 0.313140 0.326178 0.354559
3 16 -8.783 -14.588 2.915 -5.052 -13.385 2.917 -6.077 -13.350 7.904 0.268845 0.346915 0.268930 0.301881 0.326396 0.313140
3 16 -9.476 -14.553 7.899 -7.101 -13.315 12.893 -10.168 -14.515 12.884 0.326178 0.354559 0.383873 0.324447 0.383521 0.362269
3 16 -9.476 -14.553 7.899 -6.077 -13.350 7.904 -7.101 -13.315 12.893 0.326178 0.354559 0.326396 0.313140 0.383873 0.324447
3 16 -10.168 -14.515 12.884 -8.528 -13.260 20.000 -11.154 -14.461 20.000 0.383521 0.362269 0.465663 0.340157 0.465358 0.373313
3 16 -10.168 -14.515 12.884 -7.101 -13.315 12.893 -8.528 -13.260 20.000 0.383521 0.362269 0.383873 0.324447 0.465663 0.340157
3 16 -6.236 -11.969 20.000 -7.101 -13.315 12.893 -4.377 -12.012 12.891 0.466419 0.309968 0.383873 0.324447 0.384412 0.289650
3 16 -6.236 -11.969 20.000 -8.528 -13.260 20.000 -7.101 -13.315 12.893 0.466419 0.309968 0.465663 0.340157 0.383873 0.324447
3 16 -4.377 -12.012 12.891 -6.077 -13.350 7.904 -3.063 -12.045 7.921 0.384412 0.289650 0.326396 0.313140 0.327030 0.275305
3 16 -4.377 -12.012 12.891 -7.101 -13.315 12.893 -6.077 -13.350 7.904 0.384412 0.289650 0.383873 0.324447 0.326396 0.313140
3 16 -3.063 -12.045 7.921 -5.052 -13.385 2.917 -1.735 -12.084 2.911 0.327030 0.275305 0.268930 0.301881 0.269172 0.260849
3 16 -3.063 -12.045 7.921 -6.077 -13.350 7.904 -5.052 -13.385 2.917 0.327030 0.275305 0.326396 0.313140 0.268930 0.301881
3 16 -1.735 -12.084 2.911 -4.144 -13.412 -1.502 -0.560 -12.110 -1.503 0.269172 0.260849 0.218016 0.291931 0.218219 0.248026
3 16 -1.735 -12.084 2.911 -5.052 -13.385 2.917 -4.144 -13.412 -1.502 0.269172 0.260849 0.268930 0.301881 0.218016 0.291931
3 16 -0.560 -12.110 -1.503 -2.605 -13.449 -8.990 1.429 -12.145 -8.975 0.218219 0.248026 0.131749 0.275104 0.131947 0.226304
3 16 -0.560 -12.110 -1.503 -4.144 -13.412 -1.502 -2.605 -13.449 -8.990 0.218219 0.248026 0.218016 0.291931 0.131749 0.275104
3 16 3.417 -12.180 -16.447 -0.367 -13.503 -20.000 4.346 -12.182 -20.000 0.045748 0.204633 0.004937 0.250700 0.004900 0.194475
3 16 3.417 -12.180 -16.447 -1.067 -13.486 -16.478 -0.367 -13.503 -20.000 0.045748 0.204633 0.045505 0.258335 0.004937 0.250700
3 16 -5.601 -14.703 -20.000 -11.929 -15.510 -20.000 -19.131 -8.002 -20.000 0.896677 0.290932 0.907806 0.362605 0.822004 0.445218
3 16 0.885 -8.002 -20.000 4.346 -12.182 -20.000 -0.367 -13.503 -20.000 0.822004 0.214984 0.868189 0.175567 0.884266 0.229999
3 16 -19.131 -0.002 20.000 -19.131 -15.978 20.000 -14.541 -15.341 20.000 0.470960 0.617838 0.470147 0.433002 0.521663 0.439967
3 16 -8.528 -13.260 20.000 -19.131 -0.002 20.000 -11.154 -14.461 20.000 0.590824 0.463689 0.470960 0.617838 0.559965 0.450821
3 16 -19.131 -0.002 20.000 -14.541 -15.341 20.000 -11.154 -14.461 20.000 0.470960 0.617838 0.521663 0.439967 0.559965 0.450821
3 16 -6.236 -11.969 20.000 -3.707 -10.053 20.000 -19.131 -0.002 20.000 0.616890 0.479316 0.645162 0.499612 0.470960 0.617838
3 16 -8.528 -13.260 20.000 -6.236 -11.969 20.000 -19.131 -0.002 20.000 0.590824 0.463689 0.616890 0.479316 0.470960 0.617838
3 16 -1.488 -7.787 20.000 0.869 -4.802 20.000 -19.131 -0.002 20.000 0.667780 0.523390 0.698257 0.561218 0.470960 0.617838
3 16 -3.707 -10.053 20.000 -1.488 -7.787 20.000 -19.131 -0.002 20.000 0.645162 0.499612 0.667780 0.523390 0.470960 0.617838
3 16 0.869 -4.802 20.000 0.869 -0.002 20.000 -19.131 -0.002 20.000 0.698257 0.561218 0.698504 0.616836 0.470960 0.617838
3 16 -19.131 -8.002 -20.000 -19.131 -15.981 -20.000 -19.131 -15.981 -16.484 0.265752 0.097133 0.265741 0.005178 0.304076 0.005177
3 16 -19.131 -8.002 -20.000 -19.131 -15.981 -16.484 -19.131 -15.980 -8.993 0.265752 0.097133 0.304076 0.005177 0.390663 0.005173
3 16 -19.131 -8.002 0.000 -19.131 -15.980 -1.502 -19.131 -15.980 2.916 0.494621 0.097105 0.477249 0.005170 0.528318 0.005168
3 16 -19.131 -8.002 0.000 -19.131 -8.002 -20.000 -19.131 -15.980 -1.502 0.494621 0.097105 0.265752 0.097133 0.477249 0.005170
3 16 4.714 -2.161 11.946 4.714 -0.002 11.971 0.869 -0.002 20.000 0.973895 0.940795 0.973624 0.965709 0.872447 0.965695
3 16 -9.223 -11.875 0.000 -11.162 -12.205 0.000 -15.381 -8.002 0.000 0.694706 0.632786 0.717058 0.628928 0.765826 0.677320
3 16 -11.162 -12.205 0.000 -15.381 -12.742 0.000 -15.381 -8.002 0.000 0.717058 0.628928 0.765719 0.622642 0.765826 0.677320
3 16 -8.047 -11.532 0.000 -19.131 -0.002 0.000 -7.222 -11.250 0.000 0.681144 0.636770 0.806956 0.769523 0.671632 0.640036
3 16 -8.047 -11.532 0.000 -15.381 -8.002 0.000 -19.131 -0.002 0.000 0.681144 0.636770 0.765826 0.677320 0.806956 0.769523
3 16 -8.047 -11.532 0.000 -9.223 -11.875 0.000 -15.381 -8.002 0.000 0.681144 0.636770 0.694706 0.632786 0.765826 0.677320
3 16 -19.131 -0.002 0.000 -7.222 -8.310 0.000 -7.222 -11.250 0.000 0.806956 0.769523 0.671698 0.673954 0.671632 0.640036
3 16 -12.645 -15.476 -8.993 -19.131 -15.981 -16.484 -12.157 -15.500 -16.483 0.132120 0.393028 0.046514 0.468316 0.046033 0.387996
3 16 -12.645 -15.476 -8.993 -19.131 -15.980 -8.993 -19.131 -15.981 -16.484 0.132120 0.393028 0.132489 0.467796 0.046514 0.468316
3 16 -7.129 -14.652 -8.995 -12.157 -15.500 -16.483 -6.089 -14.689 -16.489 0.131763 0.328864 0.046033 0.387996 0.045594 0.317616
3 16 -7.129 -14.652 -8.995 -12.645 -15.476 -8.993 -12.157 -15.500 -16.483 0.131763 0.328864 0.132120 0.393028 0.046033 0.387996
3 16 -6.089 -14.689 -16.489 -2.605 -13.449 -8.990 -7.129 -14.652 -8.995 0.045594 0.317616 0.131749 0.275104 0.131763 0.328864
3 16 -6.089 -14.689 -16.489 -1.067 -13.486 -16.478 -2.605 -13.449 -8.990 0.045594 0.317616 0.045505 0.258335 0.131749 0.275104
3 16 1.429 -12.145 -8.975 -1.067 -13.486 -16.478 3.417 -12.180 -16.447 0.131947 0.226304 0.045505 0.258335 0.045748 0.204633
3 16 1.429 -12.145 -8.975 -2.605 -13.449 -8.990 -1.067 -13.486 -16.478 0.131947 0.226304 0.131749 0.275104 0.045505 0.258335
3 16 3.417 -12.180 -16.447 6.079 -10.182 -8.936 1.429 -12.145 -8.975 0.045748 0.204633 0.132888 0.168306 0.131947 0.226304
3 16 3.417 -12.180 -16.447 8.537 -10.262 -16.414 6.079 -10.182 -8.936 0.045748 0.204633 0.046380 0.141864 0.132888 0.168306
3 16 8.537 -10.262 -16.414 10.749 -7.642 -8.975 6.079 -10.182 -8.936 0.046380 0.141864 0.133870 0.107197 0.132888 0.168306
3 16 8.537 -10.262 -16.414 13.724 -7.761 -16.462 10.749 -7.642 -8.975 0.046380 0.141864 0.046812 0.075702 0.133870 0.107197
3 16 16.379 -5.252 -12.618 10.749 -7.642 -8.975 13.724 -7.761 -16.462 0.093194 0.036211 0.133870 0.107197 0.046812 0.075702
3 16 16.379 -5.252 -12.618 14.294 -5.252 -8.350 10.749 -7.642 -8.975 0.093194 0.036211 0.143024 0.058393 0.133870 0.107197
3 16 14.294 -5.252 -8.350 14.481 -5.253 -13.488 12.390 -5.226 -9.213 0.753129 0.359044 0.730551 0.415470 0.730425 0.359110
3 16 14.294 -5.252 -8.350 16.379 -5.252 -12.618 14.481 -5.253 -13.488 0.753129 0.359044 0.752807 0.413984 0.730551 0.415470
3 16 11.831 -5.242 -9.485 14.481 -5.253 -13.488 13.944 -5.253 -13.757 0.723156 0.359093 0.730551 0.415470 0.723429 0.415041
3 16 11.831 -5.242 -9.485 12.390 -5.226 -9.213 14.481 -5.253 -13.488 0.723156 0.359093 0.730425 0.359110 0.730551 0.415470
3 16 13.407 -5.253 -14.026 11.831 -5.242 -9.485 13.944 -5.253 -13.757 0.716351 0.414860 0.723156 0.359093 0.723429 0.415041
3 16 13.407 -5.253 -14.026 11.266 -5.253 -9.760 11.831 -5.242 -9.485 0.716351 0.414860 0.716013 0.359751 0.723156 0.359093
3 16 12.763 -5.253 -14.026 11.266 -5.253 -9.760 13.407 -5.253 -14.026 0.984484 0.133264 0.990777 0.081421 0.991130 0.136576
3 16 12.763 -5.253 -14.026 10.791 -5.252 -9.989 11.266 -5.253 -9.760 0.984484 0.133264 0.984847 0.081337 0.990777 0.081421
3 16 10.791 -5.252 -9.989 10.986 -5.252 -14.187 9.525 -5.252 -10.714 0.984847 0.081337 0.965267 0.125782 0.968014 0.082332
3 16 10.791 -5.252 -9.989 12.763 -5.253 -14.026 10.986 -5.252 -14.187 0.984847 0.081337 0.984484 0.133264 0.965267 0.125782
3 16 9.525 -5.252 -10.714 6.960 -7.305 -14.545 5.945 -7.151 -10.790 0.934587 0.685438 0.884436 0.714617 0.890527 0.670266
3 16 9.525 -5.252 -10.714 10.986 -5.252 -14.187 6.960 -7.305 -14.545 0.934587 0.685438 0.934593 0.728753 0.884436 0.714617
3 16 6.960 -7.305 -14.545 2.806 -8.703 -12.048 5.945 -7.151 -10.790 0.884436 0.714617 0.847714 0.669691 0.890527 0.670266
3 16 6.960 -7.305 -14.545 2.806 -9.206 -16.250 2.806 -8.703 -12.048 0.884436 0.714617 0.828339 0.714343 0.847714 0.669691
3 16 2.806 -4.439 -7.847 2.806 -8.703 -12.048 2.806 -9.206 -16.250 0.153196 0.827541 0.202195 0.875811 0.207979 0.924086
3 16 -19.131 -8.002 -20.000 -19.131 -15.980 -8.993 -19.131 -15.980 -1.502 0.265752 0.097133 0.390663 0.005173 0.477249 0.005170
2 24 -6.978 -8.310 -2.103 -7.222 -8.310 0.000
2 24 -6.318 -8.310 -3.695 -6.978 -8.310 -2.103
2 24 1.388 -4.750 9.338 1.311 -5.088 8.670
2 24 -4.309 -8.310 -1.541 -4.506 -8.310 0.000
2 24 9.640 -10.270 -20.000 4.346 -12.182 -20.000
2 24 -0.367 -13.503 -20.000 -5.601 -14.703 -20.000
2 24 -2.681 -12.742 -9.856 -3.084 -12.742 -12.042
2 24 -3.955 -8.310 -2.722 -4.309 -8.310 -1.541
2 24 4.346 -12.182 -20.000 -0.367 -13.503 -20.000
2 24 14.772 -7.955 -20.000 9.640 -10.270 -20.000
2 24 19.131 -5.695 -20.000 14.772 -7.955 -20.000
2 24 -4.687 -12.742 -14.625 -7.109 -12.742 -16.250
2 24 -3.084 -12.742 -12.042 -4.687 -12.742 -14.625
2 24 6.964 -0.002 1.633 6.334 -0.002 3.155
2 24 7.179 -3.573 0.000 6.964 -3.083 1.633
2 24 6.613 -0.002 -5.744 4.931 -0.002 -7.035
2 24 12.099 -4.802 -2.700 11.924 -4.299 -2.374
2 24 19.131 -0.002 -16.788 18.377 -0.002 -15.280
2 24 11.065 -0.002 -0.655 10.664 -0.002 0.148
2 24 2.806 -0.002 -16.250 2.806 -9.206 -16.250
2 24 19.131 -0.002 -20.000 0.885 -0.002 -20.000
2 24 18.003 -0.448 -14.531 17.800 -1.345 -14.126
2 24 0.885 -0.002 -20.000 0.885 -0.002 0.000
2 24 4.714 -0.002 11.971 0.869 -0.002 20.000
2 24 7.797 -5.252 -4.231 7.168 -5.252 -5.112
2 24 6.964 -3.083 1.633 6.334 -2.981 3.155
2 24 5.331 -0.002 -4.462 4.024 -0.002 -5.465
2 24 6.334 -0.002 3.155 5.331 -0.002 4.462
2 24 4.931 -0.002 -7.035 2.806 -0.002 -7.847
2 24 15.300 -4.281 -14.904 15.119 -4.740 -14.577
2 24 8.714 -1.561 -3.145 8.761 -4.272 -3.331
2 24 6.334 -5.259 -3.155 5.331 -6.235 -4.462
2 24 0.885 -8.310 -8.102 0.885 -8.940 -8.107
2 24 2.806 -0.002 -5.947 2.806 -7.897 -5.947
2 24 2.806 -0.002 1.937 2.806 -6.239 1.937
2 24 0.885 -0.002 0.000 0.860 -8.208 -0.019
2 24 -15.381 -8.002 -16.250 -15.381 -12.742 -16.250
2 24 -2.928 -10.370 -3.816 -3.790 -10.598 -2.673
2 24 -19.131 -8.002 -20.000 -19.131 -15.981 -20.000
2 24 6.334 -2.981 3.155 5.331 -3.311 4.462
2 24 -3.084 -10.783 -12.042 -4.687 -11.302 -14.625
2 24 -4.596 -0.002 3.155 -5.226 -0.002 1.937
2 24 5.331 -0.002 4.462 4.024 -0.002 5.465
2 24 -5.601 -14.703 -20.000 -11.929 -15.510 -20.000
2 24 7.168 -5.252 -5.112 4.931 -6.997 -7.035
2 24 -6.166 -0.002 4.062 -7.088 -0.002 1.937
2 24 4.024 -0.002 5.465 2.502 -0.002 6.095
2 24 -2.286 -0.002 5.465 -3.593 -0.002 4.462
2 24 -2.836 -8.310 -7.183 -3.861 -8.310 -6.568
2 24 -1.871 -8.310 -4.787 -3.072 -8.310 -3.860
2 24 4.024 -7.187 -5.465 2.806 -7.897 -5.947
2 24 0.885 -0.002 0.000 -19.131 -0.002 0.000
2 24 16.875 -5.116 -13.087 16.379 -5.252 -12.618
2 24 -19.131 -0.002 0.000 -19.131 -0.002 20.000
2 24 5.331 -3.311 4.462 4.024 -4.090 5.465
2 24 -1.234 -8.310 -7.847 -2.836 -8.310 -7.183
2 24 2.806 -0.002 1.937 -5.226 -0.002 1.937
2 24 -7.088 -0.002 1.937 -15.381 -0.002 1.937
2 24 -1.764 -9.982 -4.755 -2.928 -10.370 -3.816
2 24 -4.420 -10.519 0.026 -4.506 -8.310 0.000
2 24 0.885 -8.310 -8.102 -1.234 -8.310 -7.847
2 24 -0.739 -8.310 -5.272 -1.871 -8.310 -4.787
2 24 -4.875 -12.742 -5.744 -6.122 -12.742 -4.334
2 24 4.024 -4.090 5.465 2.502 -5.178 6.095
2 24 -9.181 -12.742 -3.611 -15.381 -12.742 -3.613
2 24 -15.381 -12.742 -16.250 -15.381 -12.742 0.000
2 24 -15.381 -12.625 1.937 -15.381 -12.625 16.250
2 24 2.502 -0.002 6.095 0.869 -0.002 6.310
2 24 -4.875 -0.002 5.744 -6.166 -0.002 4.062
2 24 -4.875 -8.310 -5.744 -5.857 -8.310 -4.465
2 24 -6.107 -10.921 -4.353 -6.408 -11.078 -3.656
2 24 -6.408 -11.078 -3.656 -6.978 -11.290 -2.103
2 24 17.462 -4.821 -13.486 16.875 -5.116 -13.087
2 24 -0.644 -9.555 -5.243 -1.764 -9.982 -4.755
2 24 -15.381 -8.002 -16.250 -15.381 -8.002 0.000
2 24 -3.664 -12.742 -6.728 -4.875 -12.742 -5.744
2 24 8.993 -5.180 -3.793 8.084 -5.252 -3.679
2 24 2.502 -5.178 6.095 0.869 -6.411 6.310
2 24 -15.381 -8.002 0.000 -15.381 -12.742 0.000
2 24 -10.452 -11.994 1.937 -15.381 -12.625 1.937
2 24 0.869 -0.002 6.310 -0.758 -0.134 6.069
2 24 -11.162 -12.205 -3.610 -15.381 -12.742 -3.613
2 24 -4.506 -8.310 0.000 -7.222 -8.310 0.000
2 24 -15.381 -8.002 0.000 -19.131 -8.002 0.000
2 24 -19.131 -8.002 -20.000 -19.131 -8.002 0.000
2 24 -7.088 -0.002 1.937 -7.088 -11.076 1.937
2 24 -3.861 -8.310 -6.568 -4.875 -8.310 -5.744
2 24 0.934 -8.880 -5.376 -0.644 -9.555 -5.243
2 24 0.869 -6.411 6.310 -0.758 -7.407 6.073
2 24 -0.758 -7.407 6.073 -2.286 -8.634 5.465
2 24 -3.193 -8.847 7.035 -4.875 -9.874 5.744
2 24 -1.636 -0.002 16.250 -1.636 -4.980 16.250
2 24 -0.758 -0.134 6.069 -2.286 -0.002 5.465
2 24 0.885 -8.940 -8.107 -1.234 -9.864 -7.847
2 24 -1.234 -9.864 -7.847 -2.828 -10.415 -7.187
2 24 -6.107 -10.921 -4.353 -7.593 -11.532 -3.770
2 24 0.885 -8.310 -5.403 -0.739 -8.310 -5.272
2 24 -7.593 -11.532 -3.770 -9.223 -11.875 -3.597
2 24 -4.596 -10.032 3.155 -5.226 -10.492 1.937
2 24 -6.122 -12.742 -4.334 -7.593 -12.742 -3.770
2 24 -6.166 -10.579 4.062 -7.088 -11.076 1.937
2 24 0.857 -0.002 8.283 0.251 -0.002 8.042
2 24 -1.234 -0.002 7.847 -3.193 -0.002 7.035
2 24 -2.286 -8.634 5.465 -3.593 -9.458 4.462
2 24 1.311 -5.088 8.670 0.889 -5.750 8.280
2 24 -3.593 -0.002 4.462 -4.596 -0.002 3.155
2 24 11.854 -5.252 -16.250 2.806 -9.206 -16.250
2 24 -11.929 -15.510 -20.000 -19.131 -15.981 -20.000
2 24 -2.081 -10.722 -16.250 -7.109 -11.860 -16.250
2 24 0.885 -9.807 -16.250 -2.081 -10.722 -16.250
2 24 -3.593 -9.458 4.462 -4.596 -10.032 3.155
2 24 18.377 -0.002 -15.280 18.003 -0.448 -14.531
2 24 14.519 -5.252 -16.250 11.854 -5.252 -16.250
2 24 0.934 -8.880 -5.376 0.860 -8.208 -0.019
2 24 4.024 -0.002 -5.465 2.806 -0.002 -5.947
2 24 14.519 -0.002 -16.250 2.806 -0.002 -16.250
2 24 5.331 -6.235 -4.462 4.024 -7.187 -5.465
2 24 -15.381 -0.002 1.937 -15.381 -0.002 16.250
2 24 -7.109 -12.742 -16.250 -15.381 -12.742 -16.250
2 24 -4.181 -10.615 -1.503 -4.420 -10.519 0.026
2 24 -3.790 -10.598 -2.673 -4.181 -10.615 -1.503
2 24 6.334 -0.002 -3.155 5.331 -0.002 -4.462
2 24 0.885 -0.002 -20.000 0.885 -8.002 -20.000
2 24 9.169 -0.484 -2.785 8.473 -0.002 -3.039
2 24 5.093 -0.002 7.025 4.397 -0.002 9.780
2 24 8.084 -5.252 -3.679 7.797 -5.252 -4.231
2 24 11.554 -0.484 -1.634 11.065 -0.002 -0.655
2 24 6.964 -0.002 -1.633 6.334 -0.002 -3.155
2 24 8.766 -0.002 -2.568 8.180 -0.002 -3.510
2 24 6.964 -4.340 -1.633 6.334 -5.259 -3.155
2 24 12.099 -4.802 -2.700 10.426 -4.786 0.536
2 24 16.379 -5.252 -12.618 12.209 -5.252 -4.082
2 24 19.131 -4.802 -16.788 17.462 -4.821 -13.486
2 24 -2.681 -10.491 -9.856 -3.084 -10.783 -12.042
2 24 0.885 -8.310 -5.403 0.934 -8.880 -5.376
2 24 0.885 -8.002 -16.250 -15.381 -8.002 -16.250
2 24 -4.687 -11.302 -14.625 -7.109 -11.860 -16.250
2 24 7.179 -0.002 0.000 6.964 -0.002 -1.633
2 24 8.180 -0.002 -3.510 7.904 -0.002 -4.062
2 24 7.179 -3.573 0.000 6.964 -4.340 -1.633
2 24 0.885 -8.002 -16.250 0.885 -9.807 -16.250
2 24 11.924 -4.299 -2.374 11.861 -3.634 -2.247
2 24 1.065 -0.002 10.003 -1.636 -0.002 16.250
2 24 11.065 -0.002 -0.655 8.766 -0.002 -2.568
2 24 1.343 -0.002 9.352 1.065 -0.002 10.003
2 24 0.885 -8.310 -8.102 0.885 -8.310 -5.403
2 24 7.179 -0.002 0.000 6.964 -0.002 1.633
2 24 7.904 -0.002 -4.062 6.613 -0.002 -5.744
2 24 12.099 -4.802 -2.700 12.061 -5.128 -3.458
2 24 -9.223 -11.875 -3.597 -11.162 -12.205 -3.610
2 24 0.251 -6.302 8.042 -1.234 -7.475 7.847
2 24 0.889 -5.750 8.280 0.251 -6.302 8.042
2 24 -19.131 -0.002 0.000 -19.131 -8.002 0.000
2 24 0.869 -0.002 20.000 0.869 -4.802 20.000
2 24 0.251 -0.002 8.042 -1.234 -0.002 7.847
2 24 -7.593 -12.742 -3.770 -9.181 -12.742 -3.611
2 24 -3.193 -0.002 7.035 -4.875 -0.002 5.744
2 24 -2.828 -10.415 -7.187 -3.664 -10.541 -6.728
2 24 -1.234 -7.475 7.847 -3.193 -8.847 7.035
2 24 -4.875 -9.874 5.744 -6.166 -10.579 4.062
2 24 -7.088 -11.076 1.937 -10.452 -11.994 1.937
2 24 2.806 -6.239 1.937 -5.226 -10.492 1.937
2 24 0.885 -8.940 -8.107 0.885 -9.807 -16.250
2 24 6.880 -0.002 4.815 5.093 -0.002 7.025
2 24 10.664 -0.002 0.148 8.842 -0.002 3.736
2 24 11.861 -3.634 -2.247 11.781 -1.528 -2.087
2 24 18.377 -0.002 -15.280 15.460 0.000 -16.094
2 24 4.714 -0.002 11.971 4.397 -0.002 9.780
2 24 0.885 -8.002 -20.000 0.885 -8.002 -16.250
2 24 -9.223 -11.875 0.000 -11.162 -12.205 0.000
2 24 -11.162 -12.205 0.000 -15.381 -12.742 0.000
2 24 -8.047 -11.532 0.000 -9.223 -11.875 0.000
2 24 -7.222 -11.250 0.000 -8.047 -11.532 0.000
2 24 0.860 -8.208 -0.019 -4.420 -10.519 0.026
2 24 -6.978 -11.290 -2.103 -7.222 -11.250 0.000
2 24 -2.681 -12.742 -9.856 -3.664 -12.742 -6.728
2 24 8.842 -0.002 3.736 6.880 -0.002 4.815
2 24 4.931 -6.997 -7.035 2.806 -8.200 -7.847
2 24 -3.072 -8.310 -3.860 -3.955 -8.310 -2.722
2 24 1.274 -0.002 8.708 0.857 -0.002 8.283
2 24 -2.681 -10.491 -9.856 -3.664 -10.541 -6.728
2 24 -5.857 -8.310 -4.465 -6.318 -8.310 -3.695
2 24 -5.226 -0.002 1.937 -5.226 -10.492 1.937
2 24 -7.222 -8.310 0.000 -7.222 -11.250 0.000
2 24 2.806 -0.002 -7.847 2.806 -8.200 -7.847
2 24 0.885 -8.002 -20.000 -19.131 -8.002 -20.000
2 24 8.726 -4.528 3.976 6.461 -5.262 7.672
2 24 12.209 -5.252 -4.082 12.061 -5.128 -3.458
2 24 11.781 -1.528 -2.087 11.554 -0.484 -1.634
2 24 15.460 0.000 -16.094 14.519 -0.002 -16.250
2 24 1.343 -0.002 9.352 1.274 -0.002 8.708
2 24 2.806 -0.002 -16.250 2.806 -0.002 -7.847
2 24 2.806 -0.002 -5.947 2.806 -0.002 1.937
2 24 17.712 -3.631 -13.949 17.644 -4.322 -13.813
2 24 17.800 -1.345 -14.126 17.712 -3.631 -13.949
2 24 -6.579 -9.288 16.250 -7.871 -10.040 16.250
2 24 -9.015 -10.645 16.250 -10.506 -11.309 16.250
2 24 -5.569 -8.598 16.250 -6.579 -9.288 16.250
2 24 -7.871 -10.040 16.250 -9.015 -10.645 16.250
2 24 -2.827 -6.276 16.250 -4.286 -7.613 16.250
2 24 -4.286 -7.613 16.250 -5.569 -8.598 16.250
2 24 -10.506 -11.309 16.250 -15.381 -12.625 16.250
2 24 -1.636 -4.980 16.250 -2.827 -6.276 16.250
2 24 -11.154 -14.461 20.000 -14.541 -15.341 20.000
2 24 -3.707 -10.053 20.000 -6.236 -11.969 20.000
2 24 -14.541 -15.341 20.000 -19.131 -15.978 20.000
2 24 -19.131 -15.981 -20.000 -19.131 -15.978 20.000
2 24 -1.636 -0.002 16.250 -15.381 -0.002 16.250
2 24 -15.381 -0.002 1.937 -15.381 -12.625 1.937
2 24 0.869 -4.802 20.000 -1.488 -7.787 20.000
2 24 -1.488 -7.787 20.000 -3.707 -10.053 20.000
2 24 2.806 -8.200 -7.847 2.806 -9.206 -16.250
2 24 17.644 -4.322 -13.813 17.462 -4.821 -13.486
2 24 6.461 -5.262 7.672 4.893 -4.751 11.651
2 24 10.426 -4.786 0.536 8.726 -4.528 3.976
2 24 19.131 -4.802 -16.788 19.131 -5.695 -20.000
2 24 2.806 -6.239 1.937 2.806 -7.897 -5.947
2 24 19.131 -0.002 -20.000 19.131 -5.695 -20.000
2 24 19.131 -0.002 -20.000 19.131 -0.002 -16.788
2 24 0.869 -0.002 20.000 -19.131 -0.002 20.000
2 24 -15.381 -0.002 16.250 -15.381 -12.625 16.250
2 24 -8.528 -13.260 20.000 -11.154 -14.461 20.000
2 24 -6.236 -11.969 20.000 -8.528 -13.260 20.000
2 24 14.750 -5.165 -15.257 14.519 -5.252 -16.250
2 24 -19.131 -0.002 20.000 -19.131 -15.978 20.000
