0 FILE bl_522pb005.dat
0 Minifigure Cape Cloth, Standard - Starched Fabric - 4.0cm Height with Dark Red and Red Sides
0 Name:  bl_522pb005.dat
0 Author:  
0 BL_Item_No 522pb005
0 BFC CERTIFY CCW
1 320 0.0000 0.0000 0.0000 1.0000 0.0000 0.0000 0.0000 1.0000 0.0000 0.0000 0.0000 1.0000 s/50231s01.dat
1 4 0.0000 0.0000 0.0000 1.0000 0.0000 0.0000 0.0000 1.0000 0.0000 0.0000 0.0000 1.0000 s/50231s02.dat
1 320 0.0000 0.0000 0.0000 1.0000 0.0000 0.0000 0.0000 1.0000 0.0000 0.0000 0.0000 1.0000 s/50231s03.dat
1 320 0.0000 0.0000 0.0000 -1.0000 0.0000 0.0000 0.0000 1.0000 0.0000 0.0000 0.0000 1.0000 s/50231s03.dat
1 4 0.0000 0.0000 0.0000 1.0000 0.0000 0.0000 0.0000 1.0000 0.0000 0.0000 0.0000 1.0000 s/50231s04.dat
1 4 0.0000 0.0000 0.0000 -1.0000 0.0000 0.0000 0.0000 1.0000 0.0000 0.0000 0.0000 1.0000 s/50231s04.dat
