0 FILE bl_5093.dat
0 PLATE 2X2X2/3, HALF BOW W/ CUT, RIGHT
0 Name:  bl_5093.dat
0 Author:  
0 BFC CERTIFY CCW
3 16 6.334 -2.981 -3.155 6.964 -0.002 -1.633 6.334 -0.002 -3.155 0.822409 0.599259 0.856094 0.618244 0.856093 0.599499
3 16 6.334 -2.981 -3.155 6.964 -3.083 -1.633 6.964 -0.002 -1.633 0.822409 0.599259 0.821165 0.618551 0.856094 0.618244
3 16 6.334 -2.981 -3.155 5.331 -0.002 -4.462 5.331 -3.311 -4.462 0.822409 0.599259 0.856093 0.580404 0.818591 0.580362
3 16 6.334 -2.981 -3.155 6.334 -0.002 -3.155 5.331 -0.002 -4.462 0.822409 0.599259 0.856093 0.599499 0.856093 0.580404
3 16 5.331 -3.311 -4.462 4.024 -0.002 -5.465 4.024 -4.090 -5.465 0.818591 0.580362 0.856090 0.561462 0.809556 0.561626
3 16 5.331 -3.311 -4.462 5.331 -0.002 -4.462 4.024 -0.002 -5.465 0.818591 0.580362 0.856093 0.580404 0.856090 0.561462
3 16 4.024 -4.090 -5.465 2.502 -0.002 -6.095 2.502 -5.178 -6.095 0.809556 0.561626 0.856089 0.542886 0.796827 0.542667
3 16 4.024 -4.090 -5.465 4.024 -0.002 -5.465 2.502 -0.002 -6.095 0.809556 0.561626 0.856090 0.561462 0.856089 0.542886
3 16 2.502 -5.178 -6.095 0.869 -0.002 -6.310 0.869 -6.411 -6.310 0.796827 0.542667 0.855883 0.523774 0.782625 0.523946
3 16 2.502 -5.178 -6.095 2.502 -0.002 -6.095 0.869 -0.002 -6.310 0.796827 0.542667 0.856089 0.542886 0.855883 0.523774
3 16 0.869 -6.411 -6.310 -0.758 -0.134 -6.069 -0.758 -7.407 -6.073 0.782625 0.523946 0.854589 0.504778 0.771346 0.504868
3 16 0.869 -6.411 -6.310 0.869 -0.002 -6.310 -0.758 -0.134 -6.069 0.782625 0.523946 0.855883 0.523774 0.854589 0.504778
3 16 -0.758 -7.407 -6.073 -2.286 -0.002 -5.465 -2.286 -8.634 -5.465 0.771346 0.504868 0.855881 0.485866 0.757060 0.486079
3 16 -0.758 -7.407 -6.073 -0.758 -0.134 -6.069 -2.286 -0.002 -5.465 0.771346 0.504868 0.854589 0.504778 0.855881 0.485866
3 16 -2.286 -8.634 -5.465 -3.593 -0.002 -4.462 -3.593 -9.458 -4.462 0.757060 0.486079 0.856088 0.466917 0.747497 0.467114
3 16 -2.286 -8.634 -5.465 -2.286 -0.002 -5.465 -3.593 -0.002 -4.462 0.757060 0.486079 0.855881 0.485866 0.856088 0.466917
3 16 -3.593 -9.458 -4.462 -4.596 -0.002 -3.155 -4.596 -10.032 -3.155 0.747497 0.467114 0.856089 0.448111 0.740869 0.448120
3 16 -3.593 -9.458 -4.462 -3.593 -0.002 -4.462 -4.596 -0.002 -3.155 0.747497 0.467114 0.856088 0.466917 0.856089 0.448111
3 16 5.331 -6.235 4.462 4.024 -0.002 5.465 5.331 -0.002 4.462 0.784579 0.693926 0.856102 0.712858 0.856100 0.694136
3 16 5.331 -6.235 4.462 4.024 -7.187 5.465 4.024 -0.002 5.465 0.784579 0.693926 0.773625 0.712929 0.856102 0.712858
3 16 6.334 -5.259 3.155 5.331 -0.002 4.462 6.334 -0.002 3.155 0.795805 0.675118 0.856100 0.694136 0.856099 0.674864
3 16 6.334 -5.259 3.155 5.331 -6.235 4.462 5.331 -0.002 4.462 0.795805 0.675118 0.784579 0.693926 0.856100 0.694136
3 16 6.964 -4.340 1.633 6.334 -0.002 3.155 6.964 -0.002 1.633 0.806488 0.656172 0.856099 0.674864 0.856097 0.656267
3 16 6.964 -4.340 1.633 6.334 -5.259 3.155 6.334 -0.002 3.155 0.806488 0.656172 0.795805 0.675118 0.856099 0.674864
3 16 7.179 -3.573 0.000 6.964 -0.002 1.633 7.179 -0.002 0.000 0.815449 0.637267 0.856097 0.656267 0.856096 0.637199
3 16 7.179 -3.573 0.000 6.964 -4.340 1.633 6.964 -0.002 1.633 0.815449 0.637267 0.806488 0.656172 0.856097 0.656267
3 16 6.964 -3.083 -1.633 7.179 -0.002 0.000 6.964 -0.002 -1.633 0.821165 0.618551 0.856096 0.637199 0.856094 0.618244
3 16 6.964 -3.083 -1.633 7.179 -3.573 0.000 7.179 -0.002 0.000 0.821165 0.618551 0.815449 0.637267 0.856096 0.637199
3 16 -1.234 -0.002 -7.847 0.251 -6.302 -8.042 -1.234 -7.475 -7.847 0.053727 0.618522 0.125853 0.636246 0.139438 0.619175
3 16 -1.234 -0.002 -7.847 0.251 -0.002 -8.042 0.251 -6.302 -8.042 0.053727 0.618522 0.053596 0.635693 0.125853 0.636246
3 16 -3.193 -0.002 -7.035 -1.234 -7.475 -7.847 -3.193 -8.847 -7.035 0.053912 0.594200 0.139438 0.619175 0.155358 0.594972
3 16 -3.193 -0.002 -7.035 -1.234 -0.002 -7.847 -1.234 -7.475 -7.847 0.053912 0.594200 0.053727 0.618522 0.139438 0.619175
3 16 -4.875 -0.002 -5.744 -3.193 -8.847 -7.035 -4.875 -9.874 -5.744 0.054097 0.569878 0.155358 0.594972 0.167315 0.570740
3 16 -4.875 -0.002 -5.744 -3.193 -0.002 -7.035 -3.193 -8.847 -7.035 0.054097 0.569878 0.053912 0.594200 0.155358 0.594972
3 16 -6.166 -0.002 -4.062 -4.875 -9.874 -5.744 -6.166 -10.579 -4.062 0.054282 0.545556 0.167315 0.570740 0.175586 0.546479
3 16 -6.166 -0.002 -4.062 -4.875 -0.002 -5.744 -4.875 -9.874 -5.744 0.054282 0.545556 0.054097 0.569878 0.167315 0.570740
3 16 4.931 -1.600 7.035 6.613 -0.002 5.744 4.931 -0.002 7.035 0.311799 0.844867 0.293461 0.820430 0.293465 0.844911
3 16 4.931 -1.600 7.035 6.780 -1.586 5.554 6.613 -0.002 5.744 0.311799 0.844867 0.311664 0.817955 0.293461 0.820430
3 16 6.780 -1.586 5.554 7.904 -0.002 4.062 6.613 -0.002 5.744 0.311664 0.817955 0.293508 0.796232 0.293461 0.820430
3 16 6.780 -1.586 5.554 7.870 -1.590 4.113 7.904 -0.002 4.062 0.311664 0.817955 0.311732 0.797098 0.293508 0.796232
3 16 0.885 -9.413 12.545 0.885 -9.672 14.979 0.885 -8.002 16.250 0.088426 0.712582 0.060376 0.709679 0.045787 0.728959
3 16 -9.223 -11.875 0.000 -11.162 -12.205 2.080 -9.223 -11.875 2.080 0.280142 0.984424 0.302922 0.960752 0.280239 0.960750
3 16 -9.223 -11.875 0.000 -11.162 -12.205 0.000 -11.162 -12.205 2.080 0.280142 0.984424 0.302866 0.984446 0.302922 0.960752
3 16 -9.223 -11.875 3.597 -11.162 -12.205 2.080 -11.162 -12.205 3.610 0.280255 0.943252 0.302922 0.960752 0.302464 0.942750
3 16 -9.223 -11.875 3.597 -9.223 -11.875 2.080 -11.162 -12.205 2.080 0.280255 0.943252 0.280239 0.960750 0.302922 0.960752
3 16 -8.047 -11.532 0.000 -9.223 -11.875 2.080 -7.796 -11.532 2.081 0.266055 0.984591 0.280239 0.960750 0.263337 0.960725
3 16 -8.047 -11.532 0.000 -9.223 -11.875 0.000 -9.223 -11.875 2.080 0.266055 0.984591 0.280142 0.984424 0.280239 0.960750
3 16 -9.223 -11.875 3.597 -7.796 -11.532 2.081 -9.223 -11.875 2.080 0.280255 0.943252 0.263337 0.960725 0.280239 0.960750
3 16 -9.223 -11.875 3.597 -7.593 -11.532 3.770 -7.796 -11.532 2.081 0.280255 0.943252 0.261054 0.941348 0.263337 0.960725
3 16 -7.796 -11.532 2.081 -7.222 -11.250 0.000 -8.047 -11.532 0.000 0.263337 0.960725 0.256088 0.984760 0.266055 0.984591
3 16 -7.796 -11.532 2.081 -6.978 -11.290 2.103 -7.222 -11.250 0.000 0.263337 0.960725 0.254052 0.960499 0.256088 0.984760
3 16 -3.084 -10.783 12.042 -1.947 -10.576 14.827 -1.703 -10.311 12.226 0.361353 0.619308 0.393272 0.605986 0.363347 0.602549
3 16 -3.084 -10.783 12.042 -4.687 -11.302 14.625 -1.947 -10.576 14.827 0.361353 0.619308 0.391044 0.638506 0.393272 0.605986
3 16 -2.681 -10.491 9.856 -1.703 -10.311 12.226 -1.490 -10.080 9.966 0.336190 0.614022 0.363347 0.602549 0.337348 0.599570
3 16 -2.681 -10.491 9.856 -3.084 -10.783 12.042 -1.703 -10.311 12.226 0.336190 0.614022 0.361353 0.619308 0.363347 0.602549
3 16 -2.681 -10.491 9.856 -2.828 -10.415 7.187 -3.664 -10.541 6.728 0.336190 0.614022 0.305558 0.615577 0.300263 0.625261
3 16 -2.681 -10.491 9.856 -1.490 -10.080 9.966 -2.828 -10.415 7.187 0.336190 0.614022 0.337348 0.599570 0.305558 0.615577
3 16 0.885 -9.413 12.545 -1.947 -10.576 14.827 0.885 -9.672 14.979 0.366768 0.571090 0.393272 0.605986 0.394821 0.571849
3 16 0.885 -9.413 12.545 -1.703 -10.311 12.226 -1.947 -10.576 14.827 0.366768 0.571090 0.363347 0.602549 0.393272 0.605986
3 16 0.885 -9.169 10.256 -1.703 -10.311 12.226 0.885 -9.413 12.545 0.340384 0.570350 0.363347 0.602549 0.366768 0.571090
3 16 0.885 -9.169 10.256 -1.490 -10.080 9.966 -1.703 -10.311 12.226 0.340384 0.570350 0.337348 0.599570 0.363347 0.602549
3 16 -1.490 -10.080 9.966 0.885 -8.940 8.107 -1.234 -9.864 7.847 0.337348 0.599570 0.315609 0.569632 0.312966 0.596174
3 16 -1.490 -10.080 9.966 0.885 -9.169 10.256 0.885 -8.940 8.107 0.337348 0.599570 0.340384 0.570350 0.315609 0.569632
3 16 -15.381 -12.742 3.613 -11.162 -12.742 3.610 -11.162 -12.205 3.610 0.020429 0.141661 0.069599 0.141714 0.069599 0.135461
3 16 -9.181 -12.742 3.611 -11.162 -12.205 3.610 -11.162 -12.742 3.610 0.092691 0.141739 0.069599 0.135461 0.069599 0.141714
3 16 -9.181 -12.742 3.611 -9.223 -11.875 3.597 -11.162 -12.205 3.610 0.092691 0.141739 0.091866 0.131211 0.069599 0.135461
3 16 -6.978 -8.310 2.103 -4.506 -8.310 0.000 -7.222 -8.310 0.000 0.782780 0.932802 0.785742 0.895702 0.763737 0.917746
3 16 -6.978 -8.310 2.103 -4.309 -8.310 1.541 -4.506 -8.310 0.000 0.782780 0.932802 0.799849 0.906586 0.785742 0.895702
3 16 -0.739 -8.310 5.272 -2.836 -8.310 7.183 -1.234 -8.310 7.847 0.859053 0.907843 0.857575 0.940352 0.875953 0.932721
3 16 -0.739 -8.310 5.272 -1.871 -8.310 4.787 -2.836 -8.310 7.183 0.859053 0.907843 0.845954 0.913101 0.857575 0.940352
3 16 -2.836 -8.310 7.183 -3.664 -10.541 6.728 -2.828 -10.415 7.187 0.981472 0.370470 0.955749 0.359959 0.957334 0.370888
3 16 -2.836 -8.310 7.183 -3.861 -8.310 6.568 -3.664 -10.541 6.728 0.981472 0.370470 0.981292 0.356789 0.955749 0.359959
3 16 -6.107 -10.921 4.353 -4.875 -12.742 5.744 -4.875 -10.548 5.744 0.950655 0.320624 0.930306 0.342474 0.955468 0.342027
3 16 -6.107 -10.921 4.353 -6.122 -12.742 4.334 -4.875 -12.742 5.744 0.950655 0.320624 0.929888 0.320748 0.930306 0.342474
3 16 -9.223 -11.875 3.597 -7.593 -12.742 3.770 -7.593 -11.532 3.770 0.091866 0.131211 0.111250 0.141759 0.111156 0.127621
3 16 -9.223 -11.875 3.597 -9.181 -12.742 3.611 -7.593 -12.742 3.770 0.091866 0.131211 0.092691 0.141739 0.111250 0.141759
3 16 11.924 -4.299 2.374 12.099 -4.802 2.700 10.426 -4.786 -0.536 0.662920 0.012185 0.667352 0.006547 0.625851 0.005439
3 16 10.749 -7.642 8.975 12.209 -5.252 4.082 14.294 -5.252 8.350 0.346545 0.106942 0.287699 0.080337 0.337433 0.058244
3 16 10.749 -7.642 8.975 7.774 -7.523 1.488 12.209 -5.252 4.082 0.346545 0.106942 0.259626 0.138308 0.287699 0.080337
3 16 12.209 -5.252 4.082 7.774 -7.523 1.488 12.061 -5.128 3.458 0.287699 0.080337 0.259626 0.138308 0.280283 0.081250
3 16 10.426 -4.786 -0.536 11.781 -1.528 2.087 11.861 -3.634 2.247 0.625851 0.005439 0.658261 0.043874 0.661052 0.019770
3 16 11.781 -1.528 2.087 10.426 -4.786 -0.536 11.554 -0.484 1.634 0.658261 0.043874 0.625851 0.005439 0.652082 0.055669
3 16 17.644 -4.322 13.813 17.712 -3.631 13.949 19.131 -4.802 16.788 0.465079 0.573949 0.457009 0.575439 0.470586 0.612165
3 16 18.377 -0.002 15.280 19.131 -4.802 16.788 18.003 -0.448 14.531 0.415352 0.593536 0.470586 0.612165 0.420730 0.583475
3 16 19.131 -4.802 16.788 17.712 -3.631 13.949 17.800 -1.345 14.126 0.470586 0.612165 0.457009 0.575439 0.430782 0.578565
3 16 10.426 -4.786 -0.536 10.664 -0.002 -0.148 11.065 -0.002 0.655 0.625851 0.005439 0.629050 0.060499 0.640023 0.060543
3 16 -7.871 -10.040 -16.250 -4.875 -9.874 -5.744 -6.579 -9.288 -16.250 0.724555 0.169647 0.691111 0.048877 0.707430 0.170041
3 16 -7.871 -10.040 -16.250 -6.166 -10.579 -4.062 -4.875 -9.874 -5.744 0.724555 0.169647 0.707705 0.029366 0.691111 0.048877
3 16 -9.015 -10.645 -16.250 -10.452 -11.994 -1.937 -7.088 -11.076 -1.937 0.739375 0.169399 0.759448 0.004910 0.719467 0.004883
3 16 -9.015 -10.645 -16.250 -10.506 -11.309 -16.250 -10.452 -11.994 -1.937 0.739375 0.169399 0.758065 0.169254 0.759448 0.004910
3 16 -6.579 -9.288 -16.250 -3.193 -8.847 -7.035 -5.569 -8.598 -16.250 0.707430 0.170041 0.668830 0.064138 0.693424 0.170517
3 16 -6.579 -9.288 -16.250 -4.875 -9.874 -5.744 -3.193 -8.847 -7.035 0.707430 0.170041 0.691111 0.048877 0.668830 0.064138
3 16 -1.636 -0.002 -16.250 -2.827 -6.276 -16.250 -1.636 -4.980 -16.250 0.763737 0.732964 0.835636 0.746814 0.820904 0.732959
3 16 9.718 -5.232 5.213 11.266 -5.253 9.760 11.831 -5.242 9.485 0.896700 0.088039 0.889526 0.143825 0.896882 0.143861
3 16 9.718 -5.232 5.213 9.126 -5.252 5.494 11.266 -5.253 9.760 0.896700 0.088039 0.889054 0.088149 0.889526 0.143825
3 16 15.460 0.000 16.094 15.024 -0.001 16.166 14.639 -0.002 20.000 0.414280 0.889590 0.409213 0.890424 0.404810 0.932672
3 16 11.266 -5.253 9.760 8.818 -5.252 5.951 10.791 -5.252 9.989 0.973597 0.081306 0.967941 0.029367 0.967580 0.081203
3 16 11.266 -5.253 9.760 9.126 -5.252 5.494 8.818 -5.252 5.951 0.973597 0.081306 0.973342 0.026267 0.967941 0.029367
3 16 8.818 -5.252 5.951 7.168 -5.252 5.112 8.064 -5.252 7.242 0.967941 0.029367 0.955200 0.012225 0.953519 0.038821
3 16 8.818 -5.252 5.951 7.797 -5.252 4.231 7.168 -5.252 5.112 0.967941 0.029367 0.966226 0.006348 0.955200 0.012225
3 16 7.813 -4.225 4.198 7.168 -5.252 5.112 7.797 -5.252 4.231 0.341977 0.798324 0.353745 0.811172 0.353763 0.798765
3 16 7.813 -4.225 4.198 7.049 -4.127 5.248 7.168 -5.252 5.112 0.341977 0.798324 0.340838 0.813316 0.353745 0.811172
3 16 12.763 -5.253 14.026 11.854 -5.252 16.250 13.967 -5.252 16.250 0.967218 0.133038 0.946406 0.151341 0.968229 0.162191
3 16 12.763 -5.253 14.026 10.986 -5.252 14.187 11.854 -5.252 16.250 0.967218 0.133038 0.948035 0.125570 0.946406 0.151341
3 16 6.960 -7.305 14.545 11.854 -5.252 16.250 10.986 -5.252 14.187 0.516582 0.912374 0.566668 0.952180 0.566651 0.926485
3 16 6.960 -7.305 14.545 2.806 -9.206 16.250 11.854 -5.252 16.250 0.516582 0.912374 0.460584 0.912101 0.566668 0.952180
3 16 7.049 -4.127 5.248 7.870 -1.590 4.113 6.780 -1.586 5.554 0.340838 0.813316 0.311732 0.797098 0.311664 0.817955
3 16 7.049 -4.127 5.248 7.813 -4.225 4.198 7.870 -1.590 4.113 0.340838 0.813316 0.341977 0.798324 0.311732 0.797098
3 16 4.931 -4.158 7.035 6.780 -1.586 5.554 4.931 -1.600 7.035 0.341163 0.844852 0.311664 0.817955 0.311799 0.844867
3 16 4.931 -4.158 7.035 7.049 -4.127 5.248 6.780 -1.586 5.554 0.341163 0.844852 0.340838 0.813316 0.311664 0.817955
3 16 4.931 -4.158 7.035 2.806 -1.610 7.847 2.806 -4.439 7.847 0.341163 0.844852 0.311918 0.871125 0.344387 0.871129
3 16 4.931 -4.158 7.035 4.931 -1.600 7.035 2.806 -1.610 7.847 0.341163 0.844852 0.311799 0.844867 0.311918 0.871125
3 16 2.806 -1.603 8.506 2.806 -0.002 7.847 2.806 -9.206 16.250 0.895781 0.697487 0.877419 0.691126 0.982995 0.787495
3 16 2.806 -1.603 8.506 2.806 -1.610 7.847 2.806 -0.002 7.847 0.895781 0.697487 0.895859 0.691124 0.877419 0.691126
3 16 8.064 -5.252 7.242 7.168 -5.252 5.112 4.931 -6.997 7.035 0.566648 0.840009 0.566683 0.813494 0.528894 0.824417
3 16 4.931 -4.158 7.035 7.168 -5.252 5.112 7.049 -4.127 5.248 0.341163 0.844852 0.353745 0.811172 0.340838 0.813316
3 16 4.931 -4.158 7.035 4.931 -6.997 7.035 7.168 -5.252 5.112 0.341163 0.844852 0.373515 0.844882 0.353745 0.811172
3 16 11.065 -0.002 0.655 8.461 -0.002 1.071 8.766 -0.002 2.568 0.357933 0.707568 0.329682 0.713134 0.333675 0.730479
3 16 11.065 -0.002 0.655 10.664 -0.002 -0.148 8.461 -0.002 1.071 0.357933 0.707568 0.353034 0.698342 0.329682 0.713134
3 16 12.390 -5.226 9.213 12.209 -5.252 4.082 10.299 -5.200 4.939 0.904256 0.143882 0.926881 0.088782 0.904338 0.087653
3 16 12.390 -5.226 9.213 14.294 -5.252 8.350 12.209 -5.252 4.082 0.904256 0.143882 0.926636 0.143705 0.926881 0.088782
3 16 15.460 0.000 16.094 19.131 -0.002 16.788 18.377 -0.002 15.280 0.414280 0.889590 0.455182 0.897682 0.446935 0.880930
3 16 -4.596 -10.032 -3.155 -5.226 -10.492 -1.937 2.806 -6.239 -1.937 0.154597 0.021358 0.151471 0.004883 0.076257 0.078831
3 16 2.806 -6.239 -1.937 6.964 -3.083 -1.633 6.334 -2.981 -3.155 0.076257 0.078831 0.031551 0.118363 0.047899 0.127371
3 16 2.806 -6.239 -1.937 6.334 -2.981 -3.155 5.331 -3.311 -4.462 0.076257 0.078831 0.047899 0.127371 0.067668 0.129816
3 16 5.331 -3.311 -4.462 4.024 -4.090 -5.465 2.806 -6.239 -1.937 0.067668 0.129816 0.087966 0.125720 0.076257 0.078831
3 16 2.806 -6.239 -1.937 4.024 -4.090 -5.465 2.502 -5.178 -6.095 0.076257 0.078831 0.087966 0.125720 0.107608 0.115691
3 16 2.806 -6.239 -1.937 2.502 -5.178 -6.095 0.869 -6.411 -6.310 0.076257 0.078831 0.107608 0.115691 0.125901 0.100548
3 16 2.806 -6.239 -1.937 0.869 -6.411 -6.310 -0.758 -7.407 -6.073 0.076257 0.078831 0.125901 0.100548 0.139797 0.083281
3 16 2.806 -6.239 -1.937 -0.758 -7.407 -6.073 -2.286 -8.634 -5.465 0.076257 0.078831 0.139797 0.083281 0.150459 0.062176
3 16 4.024 -7.187 5.465 5.331 -6.235 4.462 2.806 -6.239 -1.937 0.010268 0.020469 0.005208 0.041819 0.076257 0.078831
3 16 2.806 -6.239 -1.937 6.334 -5.259 3.155 6.964 -4.340 1.633 0.076257 0.078831 0.004883 0.063841 0.009327 0.085023
3 16 2.806 -6.239 -1.937 6.964 -4.340 1.633 7.179 -3.573 0.000 0.076257 0.078831 0.009327 0.085023 0.018206 0.103536
3 16 7.179 -3.573 0.000 6.964 -3.083 -1.633 2.806 -6.239 -1.937 0.018206 0.103536 0.031551 0.118363 0.076257 0.078831
3 16 -5.226 -0.002 -1.937 2.806 -6.239 -1.937 -5.226 -10.492 -1.937 0.861889 0.686221 0.953181 0.614112 0.861873 0.565440
3 16 -5.226 -0.002 -1.937 2.806 -0.002 -1.937 2.806 -6.239 -1.937 0.861889 0.686221 0.953703 0.686209 0.953181 0.614112
3 16 6.880 -0.002 -4.815 6.334 -0.002 -3.155 8.842 -0.002 -3.736 0.307475 0.644939 0.303577 0.664442 0.330537 0.657145
3 16 6.880 -0.002 -4.815 5.331 -0.002 -4.462 6.334 -0.002 -3.155 0.307475 0.644939 0.291422 0.649465 0.303577 0.664442
3 16 2.502 -0.002 -6.095 5.093 -0.002 -7.025 2.429 -0.003 -8.299 0.257961 0.631428 0.285565 0.619467 0.255524 0.605345
3 16 2.502 -0.002 -6.095 4.024 -0.002 -5.465 5.093 -0.002 -7.025 0.257961 0.631428 0.275825 0.638179 0.285565 0.619467
3 16 2.429 -0.003 -8.299 5.093 -0.002 -7.025 4.397 -0.002 -9.780 0.255524 0.605345 0.285565 0.619467 0.275908 0.587532
3 16 5.331 -0.002 -4.462 5.093 -0.002 -7.025 4.024 -0.002 -5.465 0.291422 0.649465 0.285565 0.619467 0.275825 0.638179
3 16 5.331 -0.002 -4.462 6.880 -0.002 -4.815 5.093 -0.002 -7.025 0.291422 0.649465 0.307475 0.644939 0.285565 0.619467
3 16 -14.074 -15.382 -12.887 -11.154 -14.461 -20.000 -10.168 -14.515 -12.884 0.097336 0.407648 0.015625 0.372628 0.097320 0.361611
3 16 -14.074 -15.382 -12.887 -14.541 -15.341 -20.000 -11.154 -14.461 -20.000 0.097336 0.407648 0.015751 0.412901 0.015625 0.372628
3 16 -4.377 -12.012 -12.891 -3.707 -10.053 -20.000 -1.418 -10.019 -13.197 0.096437 0.289119 0.013027 0.273146 0.091555 0.248299
3 16 -4.377 -12.012 -12.891 -6.236 -11.969 -20.000 -3.707 -10.053 -20.000 0.096437 0.289119 0.014572 0.309393 0.013027 0.273146
3 16 -13.747 -15.409 -7.902 -10.168 -14.515 -12.884 -9.476 -14.553 -7.899 0.154507 0.404025 0.097320 0.361611 0.154563 0.353920
3 16 -13.747 -15.409 -7.902 -14.074 -15.382 -12.887 -10.168 -14.515 -12.884 0.154507 0.404025 0.097336 0.407648 0.097320 0.361611
3 16 -3.063 -12.045 -7.921 -1.418 -10.019 -13.197 0.424 -10.022 -7.953 0.153719 0.274804 0.091555 0.248299 0.152236 0.228569
3 16 -3.063 -12.045 -7.921 -4.377 -12.012 -12.891 -1.418 -10.019 -13.197 0.153719 0.274804 0.096437 0.289119 0.091555 0.248299
3 16 -14.074 -15.382 -12.887 -19.131 -15.979 -7.902 -19.131 -15.979 -12.886 0.097336 0.407648 0.154384 0.466160 0.097281 0.466092
3 16 -14.074 -15.382 -12.887 -13.747 -15.409 -7.902 -19.131 -15.979 -7.902 0.097336 0.407648 0.154507 0.404025 0.154384 0.466160
3 16 -13.747 -15.409 -7.902 -19.131 -15.980 -2.916 -19.131 -15.979 -7.902 0.154507 0.404025 0.211470 0.466314 0.154384 0.466160
3 16 -13.747 -15.409 -7.902 -13.421 -15.434 -2.916 -19.131 -15.980 -2.916 0.154507 0.404025 0.211682 0.400490 0.211470 0.466314
3 16 -9.476 -14.553 -7.899 -13.421 -15.434 -2.916 -13.747 -15.409 -7.902 0.154563 0.353920 0.211682 0.400490 0.154507 0.404025
3 16 -9.476 -14.553 -7.899 -8.783 -14.588 -2.915 -13.421 -15.434 -2.916 0.154563 0.353920 0.211796 0.346294 0.211682 0.400490
3 16 0.424 -10.022 -7.953 -1.735 -12.084 -2.911 -3.063 -12.045 -7.921 0.152236 0.228569 0.211478 0.260380 0.153719 0.274804
3 16 0.424 -10.022 -7.953 2.284 -10.079 -2.770 -1.735 -12.084 -2.911 0.152236 0.228569 0.212306 0.208890 0.211478 0.260380
3 16 -1.418 -10.019 -13.197 -1.488 -7.787 -20.000 1.307 -7.779 -13.123 0.091555 0.248299 0.010116 0.237003 0.090104 0.207839
3 16 -1.418 -10.019 -13.197 -3.707 -10.053 -20.000 -1.488 -7.787 -20.000 0.091555 0.248299 0.013027 0.273146 0.010116 0.237003
3 16 0.424 -10.022 -7.953 1.307 -7.779 -13.123 3.665 -7.621 -7.891 0.152236 0.228569 0.090104 0.207839 0.150766 0.182321
3 16 0.424 -10.022 -7.953 -1.418 -10.019 -13.197 1.307 -7.779 -13.123 0.152236 0.228569 0.091555 0.248299 0.090104 0.207839
3 16 -13.421 -15.434 -2.916 -19.131 -15.980 1.502 -19.131 -15.980 -2.916 0.211682 0.400490 0.262120 0.466521 0.211470 0.466314
3 16 -13.421 -15.434 -2.916 -13.133 -15.451 1.502 -19.131 -15.980 1.502 0.211682 0.400490 0.262354 0.397425 0.262120 0.466521
3 16 -8.783 -14.588 -2.915 -13.133 -15.451 1.502 -13.421 -15.434 -2.916 0.211796 0.346294 0.262354 0.397425 0.211682 0.400490
3 16 -8.783 -14.588 -2.915 -8.169 -14.615 1.502 -13.133 -15.451 1.502 0.211796 0.346294 0.262536 0.339586 0.262354 0.397425
3 16 2.284 -10.079 -2.770 -0.560 -12.110 1.503 -1.735 -12.084 -2.911 0.212306 0.208890 0.262342 0.247583 0.211478 0.260380
3 16 2.284 -10.079 -2.770 3.621 -10.101 1.459 -0.560 -12.110 1.503 0.212306 0.208890 0.261124 0.194388 0.262342 0.247583
3 16 -12.645 -15.476 8.993 -8.169 -14.615 1.502 -7.129 -14.652 8.995 0.348284 0.392374 0.262536 0.339586 0.348597 0.328327
3 16 -12.645 -15.476 8.993 -13.133 -15.451 1.502 -8.169 -14.615 1.502 0.348284 0.392374 0.262354 0.397425 0.262536 0.339586
3 16 1.429 -12.145 8.975 3.621 -10.101 1.459 6.079 -10.182 8.936 0.348428 0.225932 0.261124 0.194388 0.347507 0.168005
3 16 1.429 -12.145 8.975 -0.560 -12.110 1.503 3.621 -10.101 1.459 0.348428 0.225932 0.262342 0.247583 0.261124 0.194388
3 16 -19.131 -15.980 8.993 -13.133 -15.451 1.502 -12.645 -15.476 8.993 0.347922 0.467012 0.262354 0.397425 0.348284 0.392374
3 16 -19.131 -15.980 8.993 -19.131 -15.980 1.502 -13.133 -15.451 1.502 0.347922 0.467012 0.262120 0.466521 0.262354 0.397425
3 16 7.774 -7.523 1.488 6.079 -10.182 8.936 3.621 -10.101 1.459 0.259626 0.138308 0.347507 0.168005 0.261124 0.194388
3 16 7.774 -7.523 1.488 10.749 -7.642 8.975 6.079 -10.182 8.936 0.259626 0.138308 0.346545 0.106942 0.347507 0.168005
3 16 5.868 -7.521 -2.998 3.621 -10.101 1.459 2.284 -10.079 -2.770 0.207524 0.158557 0.261124 0.194388 0.212306 0.208890
3 16 5.868 -7.521 -2.998 7.774 -7.523 1.488 3.621 -10.101 1.459 0.207524 0.158557 0.259626 0.138308 0.261124 0.194388
3 16 3.665 -7.621 -7.891 2.284 -10.079 -2.770 0.424 -10.022 -7.953 0.150766 0.182321 0.212306 0.208890 0.152236 0.228569
3 16 3.665 -7.621 -7.891 5.868 -7.521 -2.998 2.284 -10.079 -2.770 0.150766 0.182321 0.207524 0.158557 0.212306 0.208890
3 16 -14.541 -15.341 -20.000 -19.131 -15.979 -12.886 -19.131 -15.978 -20.000 0.015751 0.412901 0.097281 0.466092 0.015720 0.466078
3 16 -14.541 -15.341 -20.000 -14.074 -15.382 -12.887 -19.131 -15.979 -12.886 0.015751 0.412901 0.097336 0.407648 0.097281 0.466092
3 16 -11.929 -15.510 20.000 -6.089 -14.689 16.489 -5.601 -14.703 20.000 0.474564 0.384970 0.434658 0.317067 0.474949 0.311797
3 16 -11.929 -15.510 20.000 -12.157 -15.500 16.483 -6.089 -14.689 16.489 0.474564 0.384970 0.434213 0.387323 0.434658 0.317067
3 16 4.346 -12.182 20.000 8.537 -10.262 16.414 9.640 -10.270 20.000 0.475292 0.194145 0.433890 0.141623 0.475193 0.129657
3 16 4.346 -12.182 20.000 3.417 -12.180 16.447 8.537 -10.262 16.414 0.475292 0.194145 0.434515 0.204282 0.433890 0.141623
3 16 9.640 -10.270 20.000 13.724 -7.761 16.462 14.772 -7.955 20.000 0.475193 0.129657 0.433464 0.075577 0.474443 0.065125
3 16 9.640 -10.270 20.000 8.537 -10.262 16.414 13.724 -7.761 16.462 0.475193 0.129657 0.433890 0.141623 0.433464 0.075577
3 16 0.885 -0.002 20.000 9.640 -10.270 20.000 14.772 -7.955 20.000 0.480989 0.214615 0.599612 0.115393 0.574228 0.059422
3 16 0.885 -0.002 20.000 0.885 -8.002 20.000 9.640 -10.270 20.000 0.480989 0.214615 0.573772 0.214615 0.599612 0.115393
3 16 14.772 -7.955 20.000 19.131 -4.802 16.788 19.131 -5.695 20.000 0.474443 0.065125 0.435452 0.004883 0.473455 0.008815
3 16 14.772 -7.955 20.000 13.724 -7.761 16.462 19.131 -4.802 16.788 0.474443 0.065125 0.433464 0.075577 0.435452 0.004883
3 16 17.462 -4.821 13.486 13.724 -7.761 16.462 16.875 -5.116 13.087 0.396854 0.022592 0.433464 0.075577 0.392576 0.030288
3 16 13.724 -7.761 16.462 17.462 -4.821 13.486 19.131 -4.802 16.788 0.433464 0.075577 0.396854 0.022592 0.435452 0.004883
3 16 19.131 -0.002 20.000 19.131 -4.802 16.788 19.131 -0.002 16.788 0.280836 0.040556 0.337656 0.004883 0.280830 0.004893
3 16 19.131 -0.002 20.000 19.131 -5.695 20.000 19.131 -4.802 16.788 0.280836 0.040556 0.348228 0.040545 0.337656 0.004883
3 16 0.885 -8.002 20.000 -5.601 -14.703 20.000 -0.367 -13.503 20.000 0.573772 0.214615 0.648314 0.290429 0.635925 0.229604
3 16 0.885 -8.002 20.000 -19.131 -8.002 20.000 -5.601 -14.703 20.000 0.573772 0.214615 0.573772 0.444445 0.648314 0.290429
3 16 -12.157 -15.500 16.483 -19.131 -15.981 20.000 -19.131 -15.981 16.484 0.434213 0.387323 0.474081 0.467746 0.433723 0.467502
3 16 -12.157 -15.500 16.483 -11.929 -15.510 20.000 -19.131 -15.981 20.000 0.434213 0.387323 0.474564 0.384970 0.474081 0.467746
3 16 -19.131 -15.978 -20.000 -19.131 -15.979 -12.886 -19.131 -8.002 0.000 0.741650 0.472916 0.661875 0.472920 0.513194 0.564701
3 16 -19.131 -15.979 -12.886 -19.131 -15.979 -7.902 -19.131 -8.002 0.000 0.661875 0.472920 0.604358 0.472922 0.513194 0.564701
3 16 -19.131 -8.002 0.000 -19.131 -15.979 -7.902 -19.131 -15.980 -2.916 0.513194 0.564701 0.604358 0.472922 0.546832 0.472925
3 16 0.885 -9.169 10.256 0.885 -8.310 8.102 0.885 -8.940 8.107 0.114809 0.715313 0.139659 0.725139 0.139583 0.717877
3 16 0.885 -9.169 10.256 0.885 -0.002 20.000 0.885 -8.310 8.102 0.114809 0.715313 0.005153 0.821257 0.139659 0.725139
3 16 0.885 -8.002 16.250 0.885 -0.002 20.000 0.885 -9.169 10.256 0.045787 0.728959 0.005153 0.821257 0.114809 0.715313
3 16 0.885 -8.310 5.403 0.860 -8.208 0.019 0.934 -8.880 5.376 0.170761 0.725049 0.232794 0.726029 0.171048 0.718454
3 16 0.860 -8.208 0.019 0.885 -8.310 5.403 0.885 -0.002 0.000 0.232794 0.726029 0.170761 0.725049 0.233292 0.820591
3 16 -19.131 -8.002 0.000 -15.381 -8.002 0.000 -19.131 -0.002 0.000 0.588692 0.716415 0.547813 0.716495 0.588872 0.808536
3 16 -15.381 -8.002 0.000 -15.381 -12.742 3.613 -15.381 -12.742 2.080 0.914342 0.792411 0.968709 0.833841 0.968708 0.816259
3 16 -7.109 -11.860 16.250 0.885 -8.002 16.250 -2.081 -10.722 16.250 0.525296 0.314517 0.480988 0.406324 0.511891 0.372172
3 16 -7.109 -11.860 16.250 -15.381 -8.002 16.250 0.885 -8.002 16.250 0.525296 0.314517 0.480989 0.219522 0.480988 0.406324
3 16 -19.131 -8.002 0.000 -15.381 -8.002 16.250 -15.381 -8.002 0.000 0.644225 0.237777 0.836601 0.197159 0.644518 0.195815
3 16 -19.131 -8.002 0.000 -19.131 -8.002 20.000 -15.381 -8.002 16.250 0.644225 0.237777 0.878270 0.239416 0.836601 0.197159
3 16 0.885 -0.002 20.000 0.885 -8.002 16.250 0.885 -8.002 20.000 0.005153 0.821257 0.045787 0.728959 0.004883 0.729079
3 16 0.885 -9.807 16.250 -1.947 -10.576 14.827 -2.081 -10.722 16.250 0.409475 0.572242 0.393272 0.605986 0.409645 0.607856
3 16 0.885 -9.807 16.250 0.885 -9.672 14.979 -1.947 -10.576 14.827 0.409475 0.572242 0.394821 0.571849 0.393272 0.605986
3 16 0.885 -9.672 14.979 0.885 -9.807 16.250 0.885 -8.002 16.250 0.060376 0.709679 0.045726 0.708162 0.045787 0.728959
3 16 0.885 -9.169 10.256 0.885 -9.413 12.545 0.885 -8.002 16.250 0.114809 0.715313 0.088426 0.712582 0.045787 0.728959
3 16 -2.836 -8.310 7.183 -1.234 -9.864 7.847 -1.234 -8.310 7.847 0.981472 0.370470 0.963918 0.390604 0.981744 0.390355
3 16 -2.836 -8.310 7.183 -2.828 -10.415 7.187 -1.234 -9.864 7.847 0.981472 0.370470 0.957334 0.370888 0.963918 0.390604
3 16 -7.222 -11.250 0.000 -6.978 -8.310 2.103 -7.222 -8.310 0.000 0.948411 0.268634 0.981536 0.293656 0.982128 0.269420
3 16 -7.222 -11.250 0.000 -6.978 -11.290 2.103 -6.978 -8.310 2.103 0.948411 0.268634 0.947396 0.292920 0.981536 0.293656
3 16 -15.381 -12.742 2.080 -11.162 -12.205 0.000 -15.381 -12.742 0.000 0.351953 0.960757 0.302866 0.984446 0.351951 0.984726
3 16 -15.381 -12.742 2.080 -11.162 -12.205 2.080 -11.162 -12.205 0.000 0.351953 0.960757 0.302922 0.960752 0.302866 0.984446
3 16 -7.109 -11.860 16.250 -4.687 -12.742 14.625 -7.109 -12.742 16.250 0.551344 0.351482 0.541641 0.317909 0.541230 0.351358
3 16 -7.109 -11.860 16.250 -4.687 -11.302 14.625 -4.687 -12.742 14.625 0.551344 0.351482 0.558158 0.318111 0.541641 0.317909
3 16 -3.084 -12.742 12.042 -4.687 -11.302 14.625 -3.084 -10.783 12.042 0.542069 0.283048 0.558158 0.318111 0.564534 0.283324
3 16 -3.084 -12.742 12.042 -4.687 -12.742 14.625 -4.687 -11.302 14.625 0.542069 0.283048 0.541641 0.317909 0.558158 0.318111
3 16 -3.084 -10.783 12.042 -2.681 -12.742 9.856 -3.084 -12.742 12.042 0.564534 0.283324 0.542382 0.257548 0.542069 0.283048
3 16 -3.084 -10.783 12.042 -2.681 -10.491 9.856 -2.681 -12.742 9.856 0.564534 0.283324 0.568197 0.257865 0.542382 0.257548
3 16 -3.664 -12.742 6.728 -4.875 -10.548 5.744 -4.875 -12.742 5.744 0.930593 0.360353 0.955468 0.342027 0.930306 0.342474
3 16 -3.664 -12.742 6.728 -3.664 -10.541 6.728 -4.875 -10.548 5.744 0.930593 0.360353 0.955749 0.359959 0.955468 0.342027
3 16 -7.593 -11.532 3.770 -6.122 -12.742 4.334 -6.107 -10.921 4.353 0.111156 0.127621 0.128207 0.141778 0.128228 0.122758
3 16 -7.593 -11.532 3.770 -7.593 -12.742 3.770 -6.122 -12.742 4.334 0.111156 0.127621 0.111250 0.141759 0.128207 0.141778
3 16 -3.664 -10.541 6.728 -2.681 -12.742 9.856 -2.681 -10.491 9.856 0.568102 0.219846 0.542382 0.257548 0.568197 0.257865
3 16 -3.664 -10.541 6.728 -3.664 -12.742 6.728 -2.681 -12.742 9.856 0.568102 0.219846 0.542858 0.219522 0.542382 0.257548
3 16 -4.687 -11.302 14.625 -2.081 -10.722 16.250 -1.947 -10.576 14.827 0.391044 0.638506 0.409645 0.607856 0.393272 0.605986
3 16 -4.687 -11.302 14.625 -7.109 -11.860 16.250 -2.081 -10.722 16.250 0.391044 0.638506 0.409734 0.666976 0.409645 0.607856
3 16 -15.381 -12.742 2.080 -11.162 -12.205 3.610 -11.162 -12.205 2.080 0.351953 0.960757 0.302464 0.942750 0.302922 0.960752
3 16 -15.381 -12.742 2.080 -15.381 -12.742 3.613 -11.162 -12.205 3.610 0.351953 0.960757 0.351955 0.943088 0.302464 0.942750
3 16 -5.857 -8.310 4.465 -3.072 -8.310 3.860 -3.955 -8.310 2.722 0.811036 0.942846 0.828689 0.915340 0.812307 0.913285
3 16 -5.857 -8.310 4.465 -4.875 -8.310 5.744 -3.072 -8.310 3.860 0.811036 0.942846 0.829377 0.945244 0.828689 0.915340
3 16 -3.072 -8.310 3.860 -3.861 -8.310 6.568 -1.871 -8.310 4.787 0.828689 0.915340 0.844281 0.943686 0.845954 0.913101
3 16 -3.072 -8.310 3.860 -4.875 -8.310 5.744 -3.861 -8.310 6.568 0.828689 0.915340 0.829377 0.945244 0.844281 0.943686
3 16 -3.861 -8.310 6.568 -2.836 -8.310 7.183 -1.871 -8.310 4.787 0.844281 0.943686 0.857575 0.940352 0.845954 0.913101
3 16 -3.955 -8.310 2.722 -6.318 -8.310 3.695 -5.857 -8.310 4.465 0.812307 0.913285 0.801046 0.940350 0.811036 0.942846
3 16 -4.309 -8.310 1.541 -6.318 -8.310 3.695 -3.955 -8.310 2.722 0.799849 0.906586 0.801046 0.940350 0.812307 0.913285
3 16 -4.309 -8.310 1.541 -6.978 -8.310 2.103 -6.318 -8.310 3.695 0.799849 0.906586 0.782780 0.932802 0.801046 0.940350
3 16 0.860 -8.208 0.019 -4.506 -8.310 0.000 -4.420 -10.519 -0.026 0.360790 0.714482 0.422580 0.713197 0.421544 0.687759
3 16 0.860 -8.208 0.019 0.885 -0.002 0.000 -4.506 -8.310 0.000 0.360790 0.714482 0.360684 0.808981 0.422580 0.713197
3 16 -7.222 -8.310 0.000 0.885 -0.002 0.000 -19.131 -0.002 0.000 0.453851 0.713136 0.360684 0.808981 0.588872 0.808536
3 16 -7.222 -8.310 0.000 -4.506 -8.310 0.000 0.885 -0.002 0.000 0.453851 0.713136 0.422580 0.713197 0.360684 0.808981
3 16 2.806 -0.002 5.947 2.806 -6.239 -1.937 2.806 -0.002 -1.937 0.144800 0.916195 0.216537 0.825929 0.145003 0.825768
3 16 2.806 -0.002 5.947 2.806 -7.897 5.947 2.806 -6.239 -1.937 0.144800 0.916195 0.235354 0.916399 0.216537 0.825929
3 16 2.429 -0.003 -8.299 0.869 -0.002 -6.310 2.502 -0.002 -6.095 0.255524 0.605345 0.239113 0.629467 0.257961 0.631428
3 16 0.857 -0.002 -8.283 2.429 -0.003 -8.299 1.274 -0.002 -8.708 0.236829 0.605578 0.255524 0.605345 0.241657 0.600631
3 16 0.857 -0.002 -8.283 0.869 -0.002 -6.310 2.429 -0.003 -8.299 0.236829 0.605578 0.239113 0.629467 0.255524 0.605345
3 16 0.251 -0.002 -8.042 -0.758 -0.134 -6.069 0.869 -0.002 -6.310 0.229637 0.608370 0.220555 0.633105 0.239113 0.629467
3 16 0.251 -0.002 -8.042 -1.234 -0.002 -7.847 -0.758 -0.134 -6.069 0.229637 0.608370 0.213531 0.615237 0.220555 0.633105
3 16 -1.234 -0.002 -7.847 -2.286 -0.002 -5.465 -0.758 -0.134 -6.069 0.213531 0.615237 0.203448 0.640461 0.220555 0.633105
3 16 -1.234 -0.002 -7.847 -3.193 -0.002 -7.035 -2.286 -0.002 -5.465 0.213531 0.615237 0.188760 0.620063 0.203448 0.640461
3 16 -3.193 -0.002 -7.035 -3.593 -0.002 -4.462 -2.286 -0.002 -5.465 0.188760 0.620063 0.189585 0.653045 0.203448 0.640461
3 16 -3.193 -0.002 -7.035 -4.875 -0.002 -5.744 -3.593 -0.002 -4.462 0.188760 0.620063 0.178329 0.642107 0.189585 0.653045
3 16 -4.875 -0.002 -5.744 -4.596 -0.002 -3.155 -3.593 -0.002 -4.462 0.178329 0.642107 0.178012 0.668666 0.189585 0.653045
3 16 -4.875 -0.002 -5.744 -6.166 -0.002 -4.062 -4.596 -0.002 -3.155 0.178329 0.642107 0.164195 0.661386 0.178012 0.668666
3 16 -6.166 -0.002 -4.062 -5.226 -0.002 -1.937 -4.596 -0.002 -3.155 0.164195 0.661386 0.170336 0.682657 0.178012 0.668666
3 16 -6.166 -0.002 -4.062 -7.088 -0.002 -1.937 -5.226 -0.002 -1.937 0.164195 0.661386 0.144858 0.679535 0.170336 0.682657
3 16 2.806 -0.002 5.947 4.931 -0.002 7.035 4.024 -0.002 5.465 0.265390 0.771673 0.290368 0.783707 0.279397 0.765687
3 16 2.806 -0.002 5.947 2.806 -0.002 7.847 4.931 -0.002 7.035 0.265390 0.771673 0.265799 0.793796 0.290368 0.783707
3 16 4.931 -0.002 7.035 5.331 -0.002 4.462 4.024 -0.002 5.465 0.290368 0.783707 0.294297 0.753600 0.279397 0.765687
3 16 4.931 -0.002 7.035 6.613 -0.002 5.744 5.331 -0.002 4.462 0.290368 0.783707 0.309573 0.768146 0.294297 0.753600
3 16 6.613 -0.002 5.744 6.334 -0.002 3.155 5.331 -0.002 4.462 0.309573 0.768146 0.305572 0.738064 0.294297 0.753600
3 16 6.613 -0.002 5.744 7.904 -0.002 4.062 6.334 -0.002 3.155 0.309573 0.768146 0.324094 0.748152 0.305572 0.738064
3 16 8.180 -0.002 3.510 6.334 -0.002 3.155 7.904 -0.002 4.062 0.327138 0.741637 0.305572 0.738064 0.324094 0.748152
3 16 8.180 -0.002 3.510 6.964 -0.002 1.633 6.334 -0.002 3.155 0.327138 0.741637 0.312454 0.720136 0.305572 0.738064
3 16 6.964 -0.002 1.633 8.461 -0.002 1.071 7.179 -0.002 0.000 0.312454 0.720136 0.329682 0.713134 0.314470 0.701038
3 16 8.473 -0.002 3.039 6.964 -0.002 1.633 8.180 -0.002 3.510 0.330408 0.736058 0.312454 0.720136 0.327138 0.741637
3 16 8.473 -0.002 3.039 8.461 -0.002 1.071 6.964 -0.002 1.633 0.330408 0.736058 0.329682 0.713134 0.312454 0.720136
3 16 8.461 -0.002 1.071 6.964 -0.002 -1.633 7.179 -0.002 0.000 0.329682 0.713134 0.311432 0.682033 0.314470 0.701038
3 16 8.461 -0.002 1.071 8.842 -0.002 -3.736 6.964 -0.002 -1.633 0.329682 0.713134 0.330537 0.657145 0.311432 0.682033
3 16 -4.596 -10.032 -3.155 -5.226 -0.002 -1.937 -5.226 -10.492 -1.937 0.740869 0.448120 0.856089 0.432343 0.735559 0.432340
3 16 -4.596 -10.032 -3.155 -4.596 -0.002 -3.155 -5.226 -0.002 -1.937 0.740869 0.448120 0.856089 0.448111 0.856089 0.432343
3 16 4.024 -7.187 5.465 2.806 -0.002 5.947 4.024 -0.002 5.465 0.773625 0.712929 0.856103 0.728050 0.856102 0.712858
3 16 4.024 -7.187 5.465 2.806 -7.897 5.947 2.806 -0.002 5.947 0.773625 0.712929 0.765388 0.728057 0.856103 0.728050
3 16 4.931 -6.997 7.035 2.806 -4.439 7.847 2.806 -8.200 7.847 0.373515 0.844882 0.344387 0.871129 0.387557 0.871144
3 16 4.931 -6.997 7.035 4.931 -4.158 7.035 2.806 -4.439 7.847 0.373515 0.844882 0.341163 0.844852 0.344387 0.871129
3 16 0.885 -0.002 0.000 -7.088 -0.002 -1.937 -19.131 -0.002 0.000 0.241320 0.703394 0.144858 0.679535 0.007030 0.703618
3 16 0.885 -0.002 0.000 -5.226 -0.002 -1.937 -7.088 -0.002 -1.937 0.241320 0.703394 0.170336 0.682657 0.144858 0.679535
3 16 0.869 -0.002 -20.000 -15.381 -0.002 -16.250 -1.636 -0.002 -16.250 0.233670 0.471600 0.046553 0.514115 0.206631 0.513012
3 16 0.869 -0.002 -20.000 -19.131 -0.002 -20.000 -15.381 -0.002 -16.250 0.233670 0.471600 0.004883 0.473151 0.046553 0.514115
3 16 -10.452 -11.994 -1.937 -15.381 -12.625 -1.937 -15.381 -0.002 -1.937 0.900708 0.568722 0.957147 0.576740 0.957117 0.431763
3 16 2.806 -0.002 7.847 4.931 -1.600 7.035 4.931 -0.002 7.035 0.293465 0.871124 0.311799 0.844867 0.293465 0.844911
3 16 2.806 -0.002 7.847 2.806 -1.610 7.847 4.931 -1.600 7.035 0.293465 0.871124 0.311918 0.871125 0.311799 0.844867
3 16 2.806 -0.002 -1.937 0.885 -0.002 0.000 2.806 -0.002 5.947 0.263038 0.679974 0.241320 0.703394 0.265390 0.771673
3 16 11.854 -5.252 16.250 2.806 -0.002 16.250 13.970 -0.002 16.250 0.108825 0.871561 0.004903 0.931890 0.133147 0.931866
3 16 11.854 -5.252 16.250 2.806 -9.206 16.250 2.806 -0.002 16.250 0.108825 0.871561 0.004883 0.826161 0.004903 0.931890
3 16 14.639 -0.002 20.000 2.806 -0.002 16.250 0.885 -0.002 20.000 0.404810 0.932672 0.267076 0.891630 0.244848 0.933011
3 16 14.639 -0.002 20.000 13.970 -0.002 16.250 2.806 -0.002 16.250 0.404810 0.932672 0.396965 0.891394 0.267076 0.891630
3 16 2.806 -9.206 16.250 2.806 -0.002 7.847 2.806 -0.002 16.250 0.982995 0.787495 0.877419 0.691126 0.877431 0.787508
3 16 2.806 -1.603 8.506 2.806 -4.439 7.847 2.806 -1.610 7.847 0.895781 0.697487 0.928308 0.691120 0.895859 0.691124
3 16 2.806 -1.603 8.506 2.806 -9.206 16.250 2.806 -4.439 7.847 0.895781 0.697487 0.982995 0.787495 0.928308 0.691120
3 16 2.806 -8.703 12.048 2.806 -4.439 7.847 2.806 -9.206 16.250 0.977221 0.739305 0.928308 0.691120 0.982995 0.787495
3 16 11.854 -5.252 16.250 13.966 -3.636 16.250 13.967 -5.252 16.250 0.108825 0.871561 0.133096 0.890124 0.133094 0.871557
3 16 14.519 -0.002 16.250 13.970 -0.002 16.250 14.639 -0.002 20.000 0.403350 0.891392 0.396965 0.891394 0.404810 0.932672
3 16 13.970 -0.002 16.250 13.968 -1.697 16.250 11.854 -5.252 16.250 0.133147 0.931866 0.133124 0.912391 0.108825 0.871561
3 16 13.968 -1.697 16.250 13.966 -3.636 16.250 11.854 -5.252 16.250 0.133124 0.912391 0.133096 0.890124 0.108825 0.871561
3 16 5.945 -7.151 10.790 8.064 -5.252 7.242 4.931 -6.997 7.035 0.522738 0.868395 0.566648 0.840009 0.528894 0.824417
3 16 5.945 -7.151 10.790 9.525 -5.252 10.714 8.064 -5.252 7.242 0.522738 0.868395 0.566649 0.883247 0.566648 0.840009
3 16 5.945 -7.151 10.790 2.806 -8.200 7.847 2.806 -8.703 12.048 0.522738 0.868395 0.499216 0.822960 0.479900 0.867530
3 16 5.945 -7.151 10.790 4.931 -6.997 7.035 2.806 -8.200 7.847 0.522738 0.868395 0.528894 0.824417 0.499216 0.822960
3 16 10.791 -5.252 9.989 8.064 -5.252 7.242 9.525 -5.252 10.714 0.967580 0.081203 0.953519 0.038821 0.950777 0.082195
3 16 10.791 -5.252 9.989 8.818 -5.252 5.951 8.064 -5.252 7.242 0.967580 0.081203 0.967941 0.029367 0.953519 0.038821
3 16 8.842 -0.002 -3.736 8.461 -0.002 1.071 10.664 -0.002 -0.148 0.330537 0.657145 0.329682 0.713134 0.353034 0.698342
3 16 18.377 -0.002 15.280 19.131 -0.002 16.788 19.131 -4.802 16.788 0.415352 0.593536 0.414917 0.612161 0.470586 0.612165
3 16 6.334 -0.002 -3.155 6.964 -0.002 -1.633 8.842 -0.002 -3.736 0.303577 0.664442 0.311432 0.682033 0.330537 0.657145
3 16 -2.827 -6.276 -16.250 -1.234 -7.475 -7.847 0.251 -6.302 -8.042 0.652249 0.172796 0.641710 0.074300 0.620149 0.077516
3 16 -2.827 -6.276 -16.250 -4.286 -7.613 -16.250 -1.234 -7.475 -7.847 0.652249 0.172796 0.674898 0.171331 0.641710 0.074300
3 16 -4.286 -7.613 -16.250 -3.193 -8.847 -7.035 -1.234 -7.475 -7.847 0.674898 0.171331 0.668830 0.064138 0.641710 0.074300
3 16 -4.286 -7.613 -16.250 -5.569 -8.598 -16.250 -3.193 -8.847 -7.035 0.674898 0.171331 0.693424 0.170517 0.668830 0.064138
3 16 -6.166 -10.579 -4.062 -9.015 -10.645 -16.250 -7.088 -11.076 -1.937 0.707705 0.029366 0.739375 0.169399 0.719467 0.004883
3 16 -6.166 -10.579 -4.062 -7.871 -10.040 -16.250 -9.015 -10.645 -16.250 0.707705 0.029366 0.724555 0.169647 0.739375 0.169399
3 16 -7.088 -0.002 -1.937 -7.088 -11.076 -1.937 -10.452 -11.994 -1.937 0.861873 0.431784 0.861899 0.558972 0.900708 0.568722
3 16 -15.381 -12.625 -16.250 -10.452 -11.994 -1.937 -10.506 -11.309 -16.250 0.815971 0.169385 0.759448 0.004910 0.758065 0.169254
3 16 -15.381 -12.625 -16.250 -15.381 -12.625 -1.937 -10.452 -11.994 -1.937 0.815971 0.169385 0.816436 0.005235 0.759448 0.004910
3 16 -7.088 -0.002 -1.937 -6.166 -10.579 -4.062 -7.088 -11.076 -1.937 0.054484 0.518996 0.175586 0.546479 0.181494 0.519962
3 16 -7.088 -0.002 -1.937 -6.166 -0.002 -4.062 -6.166 -10.579 -4.062 0.054484 0.518996 0.054282 0.545556 0.175586 0.546479
3 16 -7.088 -0.002 -1.937 -10.452 -11.994 -1.937 -15.381 -0.002 -1.937 0.861873 0.431784 0.900708 0.568722 0.957117 0.431763
3 16 -15.381 -0.002 -16.250 -15.381 -12.625 -1.937 -15.381 -12.625 -16.250 0.594696 0.806694 0.758827 0.661888 0.594671 0.661917
3 16 -15.381 -0.002 -16.250 -15.381 -0.002 -1.937 -15.381 -12.625 -1.937 0.594696 0.806694 0.758853 0.806666 0.758827 0.661888
3 16 -10.506 -11.309 -16.250 -15.381 -0.002 -16.250 -15.381 -12.625 -16.250 0.892923 0.835044 0.763751 0.890800 0.908703 0.890786
3 16 -15.381 -0.002 -16.250 -10.506 -11.309 -16.250 -9.015 -10.645 -16.250 0.763751 0.890800 0.892923 0.835044 0.885828 0.817762
3 16 -15.381 -0.002 -16.250 -9.015 -10.645 -16.250 -7.871 -10.040 -16.250 0.763751 0.890800 0.885828 0.817762 0.878938 0.804595
3 16 -1.636 -0.002 -16.250 -5.569 -8.598 -16.250 -4.286 -7.613 -16.250 0.763737 0.732964 0.862357 0.778187 0.850937 0.763507
3 16 -1.636 -0.002 -16.250 -4.286 -7.613 -16.250 -2.827 -6.276 -16.250 0.763737 0.732964 0.850937 0.763507 0.835636 0.746814
3 16 -5.569 -8.598 -16.250 -15.381 -0.002 -16.250 -6.579 -9.288 -16.250 0.862357 0.778187 0.763751 0.890800 0.870251 0.789792
3 16 -5.569 -8.598 -16.250 -1.636 -0.002 -16.250 -15.381 -0.002 -16.250 0.862357 0.778187 0.763737 0.732964 0.763751 0.890800
3 16 19.131 -0.002 20.000 15.460 0.000 16.094 14.639 -0.002 20.000 0.455140 0.932675 0.414280 0.889590 0.404810 0.932672
3 16 19.131 -0.002 20.000 19.131 -0.002 16.788 15.460 0.000 16.094 0.455140 0.932675 0.455182 0.897682 0.414280 0.889590
3 16 14.772 -7.955 20.000 14.639 -0.002 20.000 0.885 -0.002 20.000 0.574228 0.059422 0.480989 0.055101 0.480989 0.214615
3 16 14.772 -7.955 20.000 19.131 -5.695 20.000 14.639 -0.002 20.000 0.574228 0.059422 0.547010 0.004884 0.480989 0.055101
3 16 -7.871 -10.040 -16.250 -6.579 -9.288 -16.250 -15.381 -0.002 -16.250 0.878938 0.804595 0.870251 0.789792 0.763751 0.890800
3 16 0.885 -8.310 5.403 -1.234 -8.310 7.847 0.885 -8.310 8.102 0.873283 0.895716 0.875953 0.932721 0.895195 0.917590
3 16 0.885 -8.310 5.403 -0.739 -8.310 5.272 -1.234 -8.310 7.847 0.873283 0.895716 0.859053 0.907843 0.875953 0.932721
3 16 -15.381 -12.742 16.250 -7.109 -11.860 16.250 -7.109 -12.742 16.250 0.535423 0.219522 0.525296 0.314517 0.535423 0.314517
3 16 -15.381 -12.742 16.250 -15.381 -8.002 16.250 -7.109 -11.860 16.250 0.535423 0.219522 0.480989 0.219522 0.525296 0.314517
3 16 -1.234 -8.310 7.847 0.885 -8.940 8.107 0.885 -8.310 8.102 0.981744 0.390355 0.974871 0.414941 0.982100 0.414827
3 16 -1.234 -8.310 7.847 -1.234 -9.864 7.847 0.885 -8.940 8.107 0.981744 0.390355 0.963918 0.390604 0.974871 0.414941
3 16 7.813 -4.225 4.198 8.084 -5.252 3.679 8.103 -4.221 3.645 0.341977 0.798324 0.353768 0.791659 0.341937 0.791203
3 16 7.813 -4.225 4.198 7.797 -5.252 4.231 8.084 -5.252 3.679 0.341977 0.798324 0.353763 0.798765 0.353768 0.791659
3 16 8.103 -4.221 3.645 7.870 -1.590 4.113 7.813 -4.225 4.198 0.341937 0.791203 0.311732 0.797098 0.341977 0.798324
3 16 8.103 -4.221 3.645 8.151 -1.595 3.561 7.870 -1.590 4.113 0.341937 0.791203 0.311893 0.790054 0.311732 0.797098
3 16 7.904 -0.002 4.062 8.151 -1.595 3.561 8.180 -0.002 3.510 0.293508 0.796232 0.311893 0.790054 0.293523 0.789357
3 16 7.904 -0.002 4.062 7.870 -1.590 4.113 8.151 -1.595 3.561 0.293508 0.796232 0.311732 0.797098 0.311893 0.790054
3 16 9.714 -4.847 3.852 11.924 -4.299 2.374 9.539 -4.322 3.525 0.904286 0.071564 0.934960 0.068054 0.905616 0.063238
3 16 9.714 -4.847 3.852 12.099 -4.802 2.700 11.924 -4.299 2.374 0.904286 0.071564 0.933919 0.074871 0.934960 0.068054
3 16 9.475 -3.634 3.398 11.924 -4.299 2.374 11.861 -3.634 2.247 0.907792 0.054592 0.934960 0.068054 0.936531 0.060672
3 16 9.475 -3.634 3.398 9.539 -4.322 3.525 11.924 -4.299 2.374 0.907792 0.054592 0.905616 0.063238 0.934960 0.068054
3 16 9.475 -3.634 3.398 11.781 -1.528 2.087 9.395 -1.528 3.238 0.907792 0.054592 0.942301 0.036906 0.913980 0.030455
3 16 9.475 -3.634 3.398 11.861 -3.634 2.247 11.781 -1.528 2.087 0.907792 0.054592 0.936531 0.060672 0.942301 0.036906
3 16 9.395 -1.528 3.238 11.554 -0.484 1.634 9.169 -0.484 2.785 0.913980 0.030455 0.945374 0.023729 0.916583 0.017347
3 16 9.395 -1.528 3.238 11.781 -1.528 2.087 11.554 -0.484 1.634 0.913980 0.030455 0.942301 0.036906 0.945374 0.023729
3 16 9.169 -0.484 2.785 11.065 -0.002 0.655 8.766 -0.002 2.568 0.916583 0.017347 0.948595 0.010905 0.914904 0.009841
3 16 9.169 -0.484 2.785 11.554 -0.484 1.634 11.065 -0.002 0.655 0.916583 0.017347 0.945374 0.023729 0.948595 0.010905
3 16 15.300 -4.281 14.904 17.462 -4.821 13.486 15.119 -4.740 14.577 0.907845 0.224949 0.934555 0.211421 0.906117 0.217290
3 16 15.300 -4.281 14.904 17.644 -4.322 13.813 17.462 -4.821 13.486 0.907845 0.224949 0.936320 0.217948 0.934555 0.211421
3 16 15.300 -4.281 14.904 17.712 -3.631 13.949 17.644 -4.322 13.813 0.907845 0.224949 0.938249 0.225364 0.936320 0.217948
3 16 15.300 -4.281 14.904 15.368 -3.631 15.040 17.712 -3.631 13.949 0.907845 0.224949 0.910630 0.233156 0.938249 0.225364
3 16 15.456 -1.345 15.217 17.712 -3.631 13.949 15.368 -3.631 15.040 0.919615 0.258832 0.938249 0.225364 0.910630 0.233156
3 16 15.456 -1.345 15.217 17.800 -1.345 14.126 17.712 -3.631 13.949 0.919615 0.258832 0.946453 0.250396 0.938249 0.225364
3 16 15.659 -0.447 15.622 17.800 -1.345 14.126 15.456 -1.345 15.217 0.922544 0.269969 0.946453 0.250396 0.919615 0.258832
3 16 15.659 -0.447 15.622 18.003 -0.448 14.531 17.800 -1.345 14.126 0.922544 0.269969 0.950022 0.261643 0.946453 0.250396
3 16 15.659 -0.447 15.622 18.377 -0.002 15.280 18.003 -0.448 14.531 0.416144 0.881976 0.446935 0.880930 0.441810 0.870265
3 16 15.659 -0.447 15.622 15.460 0.000 16.094 18.377 -0.002 15.280 0.416144 0.881976 0.414280 0.889590 0.446935 0.880930
3 16 16.379 -5.252 12.618 14.790 -5.077 14.037 16.875 -5.116 13.087 0.926390 0.198628 0.904587 0.208148 0.929520 0.205039
3 16 16.379 -5.252 12.618 14.481 -5.253 13.488 14.790 -5.077 14.037 0.926390 0.198628 0.904173 0.200111 0.904587 0.208148
3 16 15.119 -4.740 14.577 16.875 -5.116 13.087 14.790 -5.077 14.037 0.906117 0.217290 0.929520 0.205039 0.904587 0.208148
3 16 15.119 -4.740 14.577 17.462 -4.821 13.486 16.875 -5.116 13.087 0.906117 0.217290 0.934555 0.211421 0.929520 0.205039
3 16 10.042 -5.108 4.427 12.209 -5.252 4.082 12.061 -5.128 3.458 0.904216 0.080597 0.926881 0.088782 0.928779 0.082186
3 16 10.042 -5.108 4.427 10.299 -5.200 4.939 12.209 -5.252 4.082 0.904216 0.080597 0.904338 0.087653 0.926881 0.088782
3 16 9.714 -4.847 3.852 12.061 -5.128 3.458 12.099 -4.802 2.700 0.904286 0.071564 0.928779 0.082186 0.933919 0.074871
3 16 9.714 -4.847 3.852 10.042 -5.108 4.427 12.061 -5.128 3.458 0.904286 0.071564 0.904216 0.080597 0.928779 0.082186
3 16 13.968 -1.697 16.250 14.519 -0.002 16.250 14.519 -1.703 16.250 0.133124 0.912391 0.139387 0.931865 0.139341 0.912164
3 16 13.968 -1.697 16.250 13.970 -0.002 16.250 14.519 -0.002 16.250 0.133124 0.912391 0.133147 0.931866 0.139387 0.931865
3 16 14.519 -5.252 16.250 13.966 -3.636 16.250 14.519 -3.630 16.250 0.138638 0.871555 0.133096 0.890124 0.139336 0.890008
3 16 14.519 -5.252 16.250 13.967 -5.252 16.250 13.966 -3.636 16.250 0.138638 0.871555 0.133094 0.871557 0.133096 0.890124
3 16 14.519 -3.630 16.250 13.968 -1.697 16.250 14.519 -1.703 16.250 0.139336 0.890008 0.133124 0.912391 0.139341 0.912164
3 16 14.519 -3.630 16.250 13.966 -3.636 16.250 13.968 -1.697 16.250 0.139336 0.890008 0.133096 0.890124 0.133124 0.912391
3 16 8.180 -0.002 3.510 8.714 -1.561 3.145 8.473 -0.002 3.039 0.902378 0.008346 0.906418 0.027924 0.908711 0.009300
3 16 8.180 -0.002 3.510 8.151 -1.595 3.561 8.714 -1.561 3.145 0.902378 0.008346 0.898371 0.026322 0.906418 0.027924
3 16 8.761 -4.272 3.331 8.151 -1.595 3.561 8.103 -4.221 3.645 0.897407 0.058191 0.898371 0.026322 0.889433 0.054979
3 16 8.761 -4.272 3.331 8.714 -1.561 3.145 8.151 -1.595 3.561 0.897407 0.058191 0.906418 0.027924 0.898371 0.026322
3 16 8.761 -4.272 3.331 8.084 -5.252 3.679 8.993 -5.180 3.793 0.897407 0.058191 0.885192 0.065483 0.895075 0.069651
3 16 8.761 -4.272 3.331 8.103 -4.221 3.645 8.084 -5.252 3.679 0.897407 0.058191 0.889433 0.054979 0.885192 0.065483
3 16 9.169 -0.484 2.785 8.473 -0.002 3.039 8.714 -1.561 3.145 0.916583 0.017347 0.908711 0.009300 0.906418 0.027924
3 16 9.169 -0.484 2.785 8.766 -0.002 2.568 8.473 -0.002 3.039 0.916583 0.017347 0.914904 0.009841 0.908711 0.009300
3 16 9.475 -3.634 3.398 8.714 -1.561 3.145 8.761 -4.272 3.331 0.907792 0.054592 0.906418 0.027924 0.897407 0.058191
3 16 9.475 -3.634 3.398 9.395 -1.528 3.238 8.714 -1.561 3.145 0.907792 0.054592 0.913980 0.030455 0.906418 0.027924
3 16 9.539 -4.322 3.525 9.475 -3.634 3.398 8.761 -4.272 3.331 0.905616 0.063238 0.907792 0.054592 0.897407 0.058191
3 16 8.993 -5.180 3.793 9.539 -4.322 3.525 8.761 -4.272 3.331 0.895075 0.069651 0.905616 0.063238 0.897407 0.058191
3 16 9.714 -4.847 3.852 8.993 -5.180 3.793 10.042 -5.108 4.427 0.904286 0.071564 0.895075 0.069651 0.904216 0.080597
3 16 9.714 -4.847 3.852 9.539 -4.322 3.525 8.993 -5.180 3.793 0.904286 0.071564 0.905616 0.063238 0.895075 0.069651
3 16 8.766 -0.002 2.568 8.461 -0.002 1.071 8.473 -0.002 3.039 0.333675 0.730479 0.329682 0.713134 0.330408 0.736058
3 16 15.659 -0.447 15.622 15.456 -1.345 15.217 15.083 -1.524 15.847 0.922544 0.269969 0.919615 0.258832 0.911153 0.260563
3 16 15.083 -1.524 15.847 15.368 -3.631 15.040 15.039 -3.630 15.758 0.911153 0.260563 0.910630 0.233156 0.902307 0.237467
3 16 15.083 -1.524 15.847 15.456 -1.345 15.217 15.368 -3.631 15.040 0.911153 0.260563 0.919615 0.258832 0.910630 0.233156
3 16 15.039 -3.630 15.758 15.300 -4.281 14.904 14.750 -5.165 15.257 0.902307 0.237467 0.907845 0.224949 0.895885 0.219512
3 16 15.039 -3.630 15.758 15.368 -3.631 15.040 15.300 -4.281 14.904 0.902307 0.237467 0.910630 0.233156 0.907845 0.224949
3 16 14.750 -5.165 15.257 15.300 -4.281 14.904 15.119 -4.740 14.577 0.895885 0.219512 0.907845 0.224949 0.906117 0.217290
3 16 14.750 -5.165 15.257 15.119 -4.740 14.577 14.790 -5.077 14.037 0.895885 0.219512 0.906117 0.217290 0.904587 0.208148
3 16 15.083 -1.524 15.847 14.519 -0.002 16.250 15.024 -0.001 16.166 0.911153 0.260563 0.909447 0.280327 0.915123 0.278574
3 16 15.083 -1.524 15.847 14.519 -1.703 16.250 14.519 -0.002 16.250 0.911153 0.260563 0.902877 0.261582 0.909447 0.280327
3 16 14.519 -1.703 16.250 15.039 -3.630 15.758 14.519 -3.630 16.250 0.902877 0.261582 0.902307 0.237467 0.894701 0.240996
3 16 14.519 -1.703 16.250 15.083 -1.524 15.847 15.039 -3.630 15.758 0.902877 0.261582 0.911153 0.260563 0.902307 0.237467
3 16 14.519 -5.252 16.250 15.039 -3.630 15.758 14.750 -5.165 15.257 0.886030 0.226061 0.902307 0.237467 0.895885 0.219512
3 16 14.519 -5.252 16.250 14.519 -3.630 16.250 15.039 -3.630 15.758 0.886030 0.226061 0.894701 0.240996 0.902307 0.237467
3 16 14.639 -0.002 20.000 15.024 -0.001 16.166 14.519 -0.002 16.250 0.404810 0.932672 0.409213 0.890424 0.403350 0.891392
3 16 7.797 -5.252 4.231 9.126 -5.252 5.494 8.084 -5.252 3.679 0.966226 0.006348 0.973342 0.026267 0.972164 0.004883
3 16 7.797 -5.252 4.231 8.818 -5.252 5.951 9.126 -5.252 5.494 0.966226 0.006348 0.967941 0.029367 0.973342 0.026267
3 16 13.407 -5.253 14.026 13.967 -5.252 16.250 14.519 -5.252 16.250 0.973853 0.136345 0.968229 0.162191 0.973686 0.162806
3 16 13.407 -5.253 14.026 12.763 -5.253 14.026 13.967 -5.252 16.250 0.973853 0.136345 0.967218 0.133038 0.968229 0.162191
3 16 13.944 -5.253 13.757 14.790 -5.077 14.037 14.481 -5.253 13.488 0.897064 0.199683 0.904587 0.208148 0.904173 0.200111
3 16 13.944 -5.253 13.757 14.750 -5.165 15.257 14.790 -5.077 14.037 0.897064 0.199683 0.895885 0.219512 0.904587 0.208148
3 16 10.299 -5.200 4.939 11.831 -5.242 9.485 12.390 -5.226 9.213 0.904338 0.087653 0.896882 0.143861 0.904256 0.143882
3 16 10.299 -5.200 4.939 9.718 -5.232 5.213 11.831 -5.242 9.485 0.904338 0.087653 0.896700 0.088039 0.896882 0.143861
3 16 13.407 -5.253 14.026 14.750 -5.165 15.257 13.944 -5.253 13.757 0.889998 0.199502 0.895885 0.219512 0.897064 0.199683
3 16 13.407 -5.253 14.026 14.519 -5.252 16.250 14.750 -5.165 15.257 0.889998 0.199502 0.886030 0.226061 0.895885 0.219512
3 16 -6.318 -8.310 3.695 -6.107 -10.921 4.353 -5.857 -8.310 4.465 0.981143 0.313324 0.950655 0.320624 0.981055 0.323507
3 16 -6.318 -8.310 3.695 -6.408 -11.078 3.656 -6.107 -10.921 4.353 0.981143 0.313324 0.949392 0.311946 0.950655 0.320624
3 16 -6.978 -8.310 2.103 -6.408 -11.078 3.656 -6.318 -8.310 3.695 0.981536 0.293656 0.949392 0.311946 0.981143 0.313324
3 16 -6.978 -8.310 2.103 -6.978 -11.290 2.103 -6.408 -11.078 3.656 0.981536 0.293656 0.947396 0.292920 0.949392 0.311946
3 16 -6.978 -11.290 2.103 -7.796 -11.532 2.081 -6.408 -11.078 3.656 0.254052 0.960499 0.263337 0.960725 0.246853 0.942588
3 16 -4.420 -10.519 -0.026 -4.309 -8.310 1.541 -4.181 -10.615 1.503 0.547261 0.356388 0.521797 0.374232 0.548279 0.374152
3 16 -4.420 -10.519 -0.026 -4.506 -8.310 0.000 -4.309 -8.310 1.541 0.547261 0.356388 0.521905 0.356391 0.521797 0.374232
3 16 -4.309 -8.310 1.541 -3.790 -10.598 2.673 -4.181 -10.615 1.503 0.521797 0.374232 0.548150 0.388305 0.548279 0.374152
3 16 -4.309 -8.310 1.541 -3.955 -8.310 2.722 -3.790 -10.598 2.673 0.521797 0.374232 0.521836 0.388377 0.548150 0.388305
3 16 -3.955 -8.310 2.722 -2.928 -10.370 3.816 -3.790 -10.598 2.673 0.521836 0.388377 0.546013 0.404801 0.548150 0.388305
3 16 -3.955 -8.310 2.722 -3.072 -8.310 3.860 -2.928 -10.370 3.816 0.521836 0.388377 0.522326 0.404879 0.546013 0.404801
3 16 -3.072 -8.310 3.860 -1.764 -9.982 4.755 -2.928 -10.370 3.816 0.522326 0.404879 0.542350 0.422134 0.546013 0.404801
3 16 -3.072 -8.310 3.860 -1.871 -8.310 4.787 -1.764 -9.982 4.755 0.522326 0.404879 0.523125 0.422270 0.542350 0.422134
3 16 -0.739 -8.310 5.272 0.934 -8.880 5.376 -0.644 -9.555 5.243 0.523946 0.436362 0.531885 0.455256 0.538274 0.436407
3 16 -0.739 -8.310 5.272 0.885 -8.310 5.403 0.934 -8.880 5.376 0.523946 0.436362 0.525313 0.455204 0.531885 0.455256
3 16 -1.871 -8.310 4.787 -0.644 -9.555 5.243 -1.764 -9.982 4.755 0.523125 0.422270 0.538274 0.436407 0.542350 0.422134
3 16 -1.871 -8.310 4.787 -0.739 -8.310 5.272 -0.644 -9.555 5.243 0.523125 0.422270 0.523946 0.436362 0.538274 0.436407
3 16 -0.644 -9.555 5.243 0.934 -8.880 5.376 0.860 -8.208 0.019 0.858665 0.304998 0.878359 0.306441 0.880370 0.244545
3 16 -3.790 -10.598 2.673 -2.928 -10.370 3.816 0.860 -8.208 0.019 0.820666 0.275497 0.830843 0.288655 0.880370 0.244545
3 16 -4.420 -10.519 -0.026 -4.181 -10.615 1.503 0.860 -8.208 0.019 0.814262 0.244351 0.816422 0.261995 0.880370 0.244545
3 16 -2.928 -10.370 3.816 -1.764 -9.982 4.755 0.860 -8.208 0.019 0.830843 0.288655 0.844905 0.299430 0.880370 0.244545
3 16 -1.764 -9.982 4.755 -0.644 -9.555 5.243 0.860 -8.208 0.019 0.844905 0.299430 0.858665 0.304998 0.880370 0.244545
3 16 -4.181 -10.615 1.503 -3.790 -10.598 2.673 0.860 -8.208 0.019 0.816422 0.261995 0.820666 0.275497 0.880370 0.244545
3 16 4.714 -2.161 -11.946 4.397 -0.002 -9.780 4.939 -3.192 -10.281 0.161259 0.044506 0.185145 0.070604 0.180482 0.032934
3 16 4.714 -2.161 -11.946 4.714 -0.002 -11.971 4.397 -0.002 -9.780 0.161259 0.044506 0.160065 0.069518 0.185145 0.070604
3 16 4.893 -4.751 -11.651 3.665 -7.621 -7.891 1.307 -7.779 -13.123 0.103049 0.152958 0.150766 0.182321 0.090104 0.207839
3 16 4.893 -4.751 -11.651 6.461 -5.262 -7.672 3.665 -7.621 -7.891 0.103049 0.152958 0.150541 0.140302 0.150766 0.182321
3 16 8.726 -4.528 -3.976 8.842 -2.164 -3.736 10.426 -4.786 -0.536 0.582688 0.009467 0.583631 0.034196 0.625851 0.005439
3 16 5.868 -7.521 -2.998 6.461 -5.262 -7.672 8.726 -4.528 -3.976 0.207524 0.158557 0.150541 0.140302 0.193196 0.113936
3 16 5.868 -7.521 -2.998 3.665 -7.621 -7.891 6.461 -5.262 -7.672 0.207524 0.158557 0.150766 0.182321 0.150541 0.140302
3 16 4.714 -2.161 -11.946 0.869 -4.802 -20.000 0.869 -0.002 -20.000 0.234716 0.967593 0.133490 0.936773 0.133446 0.992449
3 16 4.714 -2.161 -11.946 4.893 -4.751 -11.651 0.869 -4.802 -20.000 0.234716 0.967593 0.238234 0.937781 0.133490 0.936773
3 16 4.714 -2.161 -11.946 4.939 -3.192 -10.281 4.893 -4.751 -11.651 0.161259 0.044506 0.180482 0.032934 0.165980 0.014290
3 16 6.880 -0.002 -4.815 8.842 -2.164 -3.736 7.844 -3.109 -4.707 0.251935 0.067883 0.274710 0.039683 0.257376 0.030433
3 16 6.880 -0.002 -4.815 8.842 -0.002 -3.736 8.842 -2.164 -3.736 0.251935 0.067883 0.277676 0.064625 0.274710 0.039683
3 16 8.842 -2.164 -3.736 10.664 -0.002 -0.148 10.426 -4.786 -0.536 0.583631 0.034196 0.629050 0.060499 0.625851 0.005439
3 16 8.842 -2.164 -3.736 8.842 -0.002 -3.736 10.664 -0.002 -0.148 0.583631 0.034196 0.582860 0.059074 0.629050 0.060499
3 16 10.426 -4.786 -0.536 5.868 -7.521 -2.998 8.726 -4.528 -3.976 0.233080 0.096369 0.207524 0.158557 0.193196 0.113936
3 16 10.426 -4.786 -0.536 7.774 -7.523 1.488 5.868 -7.521 -2.998 0.233080 0.096369 0.259626 0.138308 0.207524 0.158557
3 16 8.842 -2.164 -3.736 8.726 -4.528 -3.976 7.844 -3.109 -4.707 0.274710 0.039683 0.268512 0.014609 0.257376 0.030433
3 16 0.251 -0.002 -8.042 0.869 -0.002 -6.310 0.857 -0.002 -8.283 0.229637 0.608370 0.239113 0.629467 0.236829 0.605578
3 16 1.388 -4.750 -9.338 1.274 -0.002 -8.708 1.343 -0.002 -9.352 0.040791 0.940634 0.033696 0.995117 0.041117 0.995086
3 16 1.388 -4.750 -9.338 1.311 -5.088 -8.670 1.274 -0.002 -8.708 0.040791 0.940634 0.033060 0.936790 0.033696 0.995117
3 16 1.311 -5.088 -8.670 0.857 -0.002 -8.283 1.274 -0.002 -8.708 0.111811 0.650647 0.053538 0.643168 0.053465 0.649997
3 16 1.311 -5.088 -8.670 0.889 -5.750 -8.280 0.857 -0.002 -8.283 0.111811 0.650647 0.119454 0.644037 0.053538 0.643168
3 16 -1.636 -0.002 -16.250 1.105 -4.771 -9.990 1.065 -0.002 -10.003 0.127311 0.995103 0.048940 0.940397 0.049239 0.995088
3 16 -1.636 -0.002 -16.250 -1.636 -4.980 -16.250 1.105 -4.771 -9.990 0.127311 0.995103 0.127322 0.938004 0.048940 0.940397
3 16 0.251 -0.002 -8.042 0.889 -5.750 -8.280 0.251 -6.302 -8.042 0.053596 0.635693 0.119454 0.644037 0.125853 0.636246
3 16 0.251 -0.002 -8.042 0.857 -0.002 -8.283 0.889 -5.750 -8.280 0.053596 0.635693 0.053538 0.643168 0.119454 0.644037
3 16 2.429 -0.003 -8.299 1.343 -0.002 -9.352 1.274 -0.002 -8.708 0.255524 0.605345 0.242307 0.593140 0.241657 0.600631
3 16 2.429 -0.003 -8.299 4.397 -0.002 -9.780 1.343 -0.002 -9.352 0.255524 0.605345 0.275908 0.587532 0.242307 0.593140
3 16 1.065 -0.002 -10.003 1.388 -4.750 -9.338 1.343 -0.002 -9.352 0.049239 0.995088 0.040791 0.940634 0.041117 0.995086
3 16 1.065 -0.002 -10.003 1.105 -4.771 -9.990 1.388 -4.750 -9.338 0.049239 0.995088 0.048940 0.940397 0.040791 0.940634
3 16 1.065 -0.002 -10.003 1.343 -0.002 -9.352 4.397 -0.002 -9.780 0.238873 0.585563 0.242307 0.593140 0.275908 0.587532
3 16 0.885 -0.002 0.000 0.885 -8.310 8.102 0.885 -0.002 20.000 0.233292 0.820591 0.139659 0.725139 0.005153 0.821257
3 16 0.885 -8.310 5.403 0.885 -8.310 8.102 0.885 -0.002 0.000 0.170761 0.725049 0.139659 0.725139 0.233292 0.820591
3 16 -15.381 -8.002 16.250 0.885 -8.002 20.000 0.885 -8.002 16.250 0.836601 0.197159 0.879910 0.005177 0.837947 0.004883
3 16 -15.381 -8.002 16.250 -19.131 -8.002 20.000 0.885 -8.002 20.000 0.836601 0.197159 0.878270 0.239416 0.879910 0.005177
3 16 -19.131 -0.002 0.000 -7.088 -0.002 -1.937 -15.381 -0.002 -1.937 0.007030 0.703618 0.144858 0.679535 0.048171 0.680724
3 16 -19.131 -0.002 -20.000 -19.131 -8.002 0.000 -19.131 -0.002 0.000 0.741672 0.656984 0.513194 0.564701 0.513205 0.657011
3 16 -19.131 -0.002 -20.000 -19.131 -15.978 -20.000 -19.131 -8.002 0.000 0.741672 0.656984 0.741650 0.472916 0.513194 0.564701
3 16 15.024 -0.001 16.166 15.659 -0.447 15.622 15.083 -1.524 15.847 0.915123 0.278574 0.922544 0.269969 0.911153 0.260563
3 16 15.024 -0.001 16.166 15.460 0.000 16.094 15.659 -0.447 15.622 0.915123 0.278574 0.920009 0.277305 0.922544 0.269969
3 16 8.714 -1.561 3.145 9.395 -1.528 3.238 9.169 -0.484 2.785 0.906418 0.027924 0.913980 0.030455 0.916583 0.017347
3 16 19.131 -4.802 16.788 17.800 -1.345 14.126 18.003 -0.448 14.531 0.470586 0.612165 0.430782 0.578565 0.420730 0.583475
3 16 17.462 -4.821 13.486 17.644 -4.322 13.813 19.131 -4.802 16.788 0.470588 0.569611 0.465079 0.573949 0.470586 0.612165
3 16 16.379 -5.252 12.618 16.875 -5.116 13.087 13.724 -7.761 16.462 0.387167 0.036151 0.392576 0.030288 0.433464 0.075577
3 16 7.774 -7.523 1.488 12.099 -4.802 2.700 12.061 -5.128 3.458 0.259626 0.138308 0.271131 0.079285 0.280283 0.081250
3 16 7.774 -7.523 1.488 10.426 -4.786 -0.536 12.099 -4.802 2.700 0.259626 0.138308 0.233080 0.096369 0.271131 0.079285
3 16 11.861 -3.634 2.247 11.924 -4.299 2.374 10.426 -4.786 -0.536 0.661052 0.019770 0.662920 0.012185 0.625851 0.005439
3 16 10.426 -4.786 -0.536 11.065 -0.002 0.655 11.554 -0.484 1.634 0.625851 0.005439 0.640023 0.060543 0.652082 0.055669
3 16 0.869 -4.802 -20.000 1.307 -7.779 -13.123 -1.488 -7.787 -20.000 0.005210 0.194047 0.090104 0.207839 0.010116 0.237003
3 16 0.869 -4.802 -20.000 4.893 -4.751 -11.651 1.307 -7.779 -13.123 0.005210 0.194047 0.103049 0.152958 0.090104 0.207839
3 16 0.885 -0.002 0.000 2.806 -0.002 -1.937 -5.226 -0.002 -1.937 0.241320 0.703394 0.263038 0.679974 0.170336 0.682657
3 16 2.806 -0.002 7.847 0.885 -0.002 0.000 0.885 -0.002 20.000 0.265799 0.793796 0.241320 0.703394 0.244848 0.933011
3 16 2.806 -0.002 5.947 0.885 -0.002 0.000 2.806 -0.002 7.847 0.265390 0.771673 0.241320 0.703394 0.265799 0.793796
3 16 2.806 -0.002 7.847 0.885 -0.002 20.000 2.806 -0.002 16.250 0.265799 0.793796 0.244848 0.933011 0.267076 0.891630
3 16 -1.490 -10.080 9.966 -1.234 -9.864 7.847 -2.828 -10.415 7.187 0.337348 0.599570 0.312966 0.596174 0.305558 0.615577
3 16 -7.593 -11.532 3.770 -6.408 -11.078 3.656 -7.796 -11.532 2.081 0.261054 0.941348 0.246853 0.942588 0.263337 0.960725
3 16 -7.593 -11.532 3.770 -6.107 -10.921 4.353 -6.408 -11.078 3.656 0.261054 0.941348 0.243907 0.937916 0.246853 0.942588
3 16 -5.857 -8.310 4.465 -4.875 -10.548 5.744 -4.875 -8.310 5.744 0.981055 0.323507 0.955468 0.342027 0.981116 0.341869
3 16 -5.857 -8.310 4.465 -6.107 -10.921 4.353 -4.875 -10.548 5.744 0.981055 0.323507 0.950655 0.320624 0.955468 0.342027
3 16 -4.875 -10.548 5.744 -3.861 -8.310 6.568 -4.875 -8.310 5.744 0.955468 0.342027 0.981292 0.356789 0.981116 0.341869
3 16 -4.875 -10.548 5.744 -3.664 -10.541 6.728 -3.861 -8.310 6.568 0.955468 0.342027 0.955749 0.359959 0.981292 0.356789
3 16 -15.381 -8.002 16.250 -15.381 -12.742 3.613 -15.381 -8.002 0.000 0.914352 0.978789 0.968709 0.833841 0.914342 0.792411
3 16 -15.381 -8.002 16.250 -15.381 -12.742 16.250 -15.381 -12.742 3.613 0.914352 0.978789 0.968717 0.978786 0.968709 0.833841
3 16 -15.381 -12.742 0.000 -15.381 -8.002 0.000 -15.381 -12.742 2.080 0.968706 0.792408 0.914342 0.792411 0.968708 0.816259
3 16 0.885 -8.002 16.250 0.885 -9.807 16.250 -2.081 -10.722 16.250 0.480988 0.406324 0.501716 0.406324 0.511891 0.372172
3 16 9.640 -10.270 20.000 0.885 -8.002 20.000 4.346 -12.182 20.000 0.599612 0.115393 0.573772 0.214615 0.619876 0.175268
3 16 -19.131 -15.981 20.000 -11.929 -15.510 20.000 -19.131 -8.002 20.000 0.666036 0.444445 0.659423 0.361977 0.573772 0.444445
3 16 19.131 -5.695 20.000 19.131 -0.002 20.000 14.639 -0.002 20.000 0.547010 0.004884 0.480988 0.004883 0.480989 0.055101
3 16 8.993 -5.180 3.793 9.126 -5.252 5.494 9.718 -5.232 5.213 0.895075 0.069651 0.889054 0.088149 0.896700 0.088039
3 16 8.993 -5.180 3.793 8.084 -5.252 3.679 9.126 -5.252 5.494 0.895075 0.069651 0.885192 0.065483 0.889054 0.088149
3 16 9.718 -5.232 5.213 10.042 -5.108 4.427 8.993 -5.180 3.793 0.896700 0.088039 0.904216 0.080597 0.895075 0.069651
3 16 9.718 -5.232 5.213 10.299 -5.200 4.939 10.042 -5.108 4.427 0.896700 0.088039 0.904338 0.087653 0.904216 0.080597
3 16 2.806 -7.897 5.947 4.024 -7.187 5.465 2.806 -6.239 -1.937 0.017662 0.004887 0.010268 0.020469 0.076257 0.078831
3 16 5.331 -6.235 4.462 6.334 -5.259 3.155 2.806 -6.239 -1.937 0.005208 0.041819 0.004883 0.063841 0.076257 0.078831
3 16 -2.286 -8.634 -5.465 -3.593 -9.458 -4.462 2.806 -6.239 -1.937 0.150459 0.062176 0.155166 0.041506 0.076257 0.078831
3 16 -3.593 -9.458 -4.462 -4.596 -10.032 -3.155 2.806 -6.239 -1.937 0.155166 0.041506 0.154597 0.021358 0.076257 0.078831
3 16 -15.381 -0.002 -16.250 -19.131 -0.002 0.000 -15.381 -0.002 -1.937 0.046553 0.514115 0.007030 0.703618 0.048171 0.680724
3 16 -15.381 -0.002 -16.250 -19.131 -0.002 -20.000 -19.131 -0.002 0.000 0.046553 0.514115 0.004883 0.473151 0.007030 0.703618
3 16 -2.827 -6.276 -16.250 1.105 -4.771 -9.990 -1.636 -4.980 -16.250 0.652249 0.172796 0.602581 0.101948 0.632152 0.174570
3 16 -2.681 -12.742 9.856 -4.875 -12.742 5.744 -3.084 -12.742 12.042 0.613132 0.884920 0.638296 0.932081 0.617763 0.859842
3 16 -2.681 -12.742 9.856 -3.664 -12.742 6.728 -4.875 -12.742 5.744 0.613132 0.884920 0.624405 0.920796 0.638296 0.932081
3 16 -7.593 -12.742 3.770 -4.687 -12.742 14.625 -6.122 -12.742 4.334 0.669459 0.954726 0.636156 0.830225 0.652595 0.948255
3 16 -7.593 -12.742 3.770 -7.109 -12.742 16.250 -4.687 -12.742 14.625 0.669459 0.954726 0.663935 0.811589 0.636156 0.830225
3 16 -6.122 -12.742 4.334 -3.084 -12.742 12.042 -4.875 -12.742 5.744 0.652595 0.948255 0.617763 0.859842 0.638296 0.932081
3 16 -6.122 -12.742 4.334 -4.687 -12.742 14.625 -3.084 -12.742 12.042 0.652595 0.948255 0.636156 0.830225 0.617763 0.859842
3 16 -15.381 -12.742 3.613 -15.381 -12.742 16.250 -11.162 -12.742 3.610 0.758788 0.956549 0.758811 0.811604 0.710393 0.956566
3 16 -9.181 -12.742 3.611 -7.109 -12.742 16.250 -7.593 -12.742 3.770 0.687678 0.956556 0.663935 0.811589 0.669459 0.954726
3 16 -9.181 -12.742 3.611 -15.381 -12.742 16.250 -7.109 -12.742 16.250 0.687678 0.956556 0.758811 0.811604 0.663935 0.811589
3 16 -11.162 -12.742 3.610 -15.381 -12.742 16.250 -9.181 -12.742 3.611 0.710393 0.956566 0.758811 0.811604 0.687678 0.956556
3 16 1.311 -5.088 -8.670 1.388 -4.750 -9.338 -2.827 -6.276 -16.250 0.602245 0.086205 0.599529 0.094389 0.652249 0.172796
3 16 1.388 -4.750 -9.338 1.105 -4.771 -9.990 -2.827 -6.276 -16.250 0.599529 0.094389 0.602581 0.101948 0.652249 0.172796
3 16 0.251 -6.302 -8.042 0.889 -5.750 -8.280 -2.827 -6.276 -16.250 0.620149 0.077516 0.610616 0.080666 0.652249 0.172796
3 16 0.889 -5.750 -8.280 1.311 -5.088 -8.670 -2.827 -6.276 -16.250 0.610616 0.080666 0.602245 0.086205 0.652249 0.172796
3 16 -1.636 -0.002 -16.250 4.714 -0.002 -11.971 0.869 -0.002 -20.000 0.206631 0.513012 0.278394 0.562486 0.233670 0.471600
3 16 1.065 -0.002 -10.003 4.714 -0.002 -11.971 -1.636 -0.002 -16.250 0.238873 0.585563 0.278394 0.562486 0.206631 0.513012
3 16 1.065 -0.002 -10.003 4.397 -0.002 -9.780 4.714 -0.002 -11.971 0.238873 0.585563 0.275908 0.587532 0.278394 0.562486
3 16 6.461 -5.262 -7.672 4.939 -3.192 -10.281 5.719 -3.365 -7.330 0.216351 0.004883 0.180482 0.032934 0.217833 0.031046
3 16 6.461 -5.262 -7.672 4.893 -4.751 -11.651 4.939 -3.192 -10.281 0.216351 0.004883 0.165980 0.014290 0.180482 0.032934
3 16 4.397 -0.002 -9.780 5.719 -3.365 -7.330 4.939 -3.192 -10.281 0.185145 0.070604 0.217833 0.031046 0.180482 0.032934
3 16 4.397 -0.002 -9.780 5.093 -0.002 -7.025 5.719 -3.365 -7.330 0.185145 0.070604 0.218576 0.070608 0.217833 0.031046
3 16 5.719 -3.365 -7.330 6.880 -0.002 -4.815 7.844 -3.109 -4.707 0.217833 0.031046 0.251935 0.067883 0.257376 0.030433
3 16 5.719 -3.365 -7.330 5.093 -0.002 -7.025 6.880 -0.002 -4.815 0.217833 0.031046 0.218576 0.070608 0.251935 0.067883
3 16 7.844 -3.109 -4.707 6.461 -5.262 -7.672 5.719 -3.365 -7.330 0.257376 0.030433 0.216351 0.004883 0.217833 0.031046
3 16 7.844 -3.109 -4.707 8.726 -4.528 -3.976 6.461 -5.262 -7.672 0.257376 0.030433 0.268512 0.014609 0.216351 0.004883
3 16 -5.601 -14.703 20.000 -1.067 -13.486 16.478 -0.367 -13.503 20.000 0.474949 0.311797 0.434752 0.257890 0.475249 0.250272
3 16 -5.601 -14.703 20.000 -6.089 -14.689 16.489 -1.067 -13.486 16.478 0.474949 0.311797 0.434658 0.317067 0.434752 0.257890
3 16 -7.129 -14.652 8.995 -4.144 -13.412 1.502 -2.605 -13.449 8.990 0.348597 0.328327 0.262540 0.291411 0.348646 0.274651
3 16 -7.129 -14.652 8.995 -8.169 -14.615 1.502 -4.144 -13.412 1.502 0.348597 0.328327 0.262536 0.339586 0.262540 0.291411
3 16 -5.052 -13.385 -2.917 -8.169 -14.615 1.502 -8.783 -14.588 -2.915 0.211715 0.301339 0.262536 0.339586 0.211796 0.346294
3 16 -5.052 -13.385 -2.917 -4.144 -13.412 1.502 -8.169 -14.615 1.502 0.211715 0.301339 0.262540 0.291411 0.262536 0.339586
3 16 -6.077 -13.350 -7.904 -8.783 -14.588 -2.915 -9.476 -14.553 -7.899 0.154349 0.312573 0.211796 0.346294 0.154563 0.353920
3 16 -6.077 -13.350 -7.904 -5.052 -13.385 -2.917 -8.783 -14.588 -2.915 0.154349 0.312573 0.211715 0.301339 0.211796 0.346294
3 16 -9.476 -14.553 -7.899 -7.101 -13.315 -12.893 -6.077 -13.350 -7.904 0.154563 0.353920 0.096971 0.323855 0.154349 0.312573
3 16 -9.476 -14.553 -7.899 -10.168 -14.515 -12.884 -7.101 -13.315 -12.893 0.154563 0.353920 0.097320 0.361611 0.096971 0.323855
3 16 -10.168 -14.515 -12.884 -8.528 -13.260 -20.000 -7.101 -13.315 -12.893 0.097320 0.361611 0.015324 0.339530 0.096971 0.323855
3 16 -10.168 -14.515 -12.884 -11.154 -14.461 -20.000 -8.528 -13.260 -20.000 0.097320 0.361611 0.015625 0.372628 0.015324 0.339530
3 16 -7.101 -13.315 -12.893 -6.236 -11.969 -20.000 -4.377 -12.012 -12.891 0.096971 0.323855 0.014572 0.309393 0.096437 0.289119
3 16 -7.101 -13.315 -12.893 -8.528 -13.260 -20.000 -6.236 -11.969 -20.000 0.096971 0.323855 0.015324 0.339530 0.014572 0.309393
3 16 -6.077 -13.350 -7.904 -4.377 -12.012 -12.891 -3.063 -12.045 -7.921 0.154349 0.312573 0.096437 0.289119 0.153719 0.274804
3 16 -6.077 -13.350 -7.904 -7.101 -13.315 -12.893 -4.377 -12.012 -12.891 0.154349 0.312573 0.096971 0.323855 0.096437 0.289119
3 16 -3.063 -12.045 -7.921 -5.052 -13.385 -2.917 -6.077 -13.350 -7.904 0.153719 0.274804 0.211715 0.301339 0.154349 0.312573
3 16 -3.063 -12.045 -7.921 -1.735 -12.084 -2.911 -5.052 -13.385 -2.917 0.153719 0.274804 0.211478 0.260380 0.211715 0.301339
3 16 -1.735 -12.084 -2.911 -4.144 -13.412 1.502 -5.052 -13.385 -2.917 0.211478 0.260380 0.262540 0.291411 0.211715 0.301339
3 16 -1.735 -12.084 -2.911 -0.560 -12.110 1.503 -4.144 -13.412 1.502 0.211478 0.260380 0.262342 0.247583 0.262540 0.291411
3 16 -2.605 -13.449 8.990 -0.560 -12.110 1.503 1.429 -12.145 8.975 0.348646 0.274651 0.262342 0.247583 0.348428 0.225932
3 16 -2.605 -13.449 8.990 -4.144 -13.412 1.502 -0.560 -12.110 1.503 0.348646 0.274651 0.262540 0.291411 0.262342 0.247583
3 16 -0.367 -13.503 20.000 3.417 -12.180 16.447 4.346 -12.182 20.000 0.475249 0.250272 0.434515 0.204282 0.475292 0.194145
3 16 -0.367 -13.503 20.000 -1.067 -13.486 16.478 3.417 -12.180 16.447 0.475249 0.250272 0.434752 0.257890 0.434515 0.204282
3 16 -11.929 -15.510 20.000 -5.601 -14.703 20.000 -19.131 -8.002 20.000 0.659423 0.361977 0.648314 0.290429 0.573772 0.444445
3 16 4.346 -12.182 20.000 0.885 -8.002 20.000 -0.367 -13.503 20.000 0.619876 0.175268 0.573772 0.214615 0.635925 0.229604
3 16 -19.131 -15.978 -20.000 -19.131 -0.002 -20.000 -14.541 -15.341 -20.000 0.670460 0.243183 0.671273 0.427695 0.721886 0.250136
3 16 -19.131 -0.002 -20.000 -8.528 -13.260 -20.000 -11.154 -14.461 -20.000 0.671273 0.427695 0.790926 0.273817 0.760121 0.260972
3 16 -14.541 -15.341 -20.000 -19.131 -0.002 -20.000 -11.154 -14.461 -20.000 0.721886 0.250136 0.671273 0.427695 0.760121 0.260972
3 16 -3.707 -10.053 -20.000 -6.236 -11.969 -20.000 -19.131 -0.002 -20.000 0.845168 0.309677 0.816946 0.289416 0.671273 0.427695
3 16 -6.236 -11.969 -20.000 -8.528 -13.260 -20.000 -19.131 -0.002 -20.000 0.816946 0.289416 0.790926 0.273817 0.671273 0.427695
3 16 0.869 -4.802 -20.000 -1.488 -7.787 -20.000 -19.131 -0.002 -20.000 0.898170 0.371175 0.867747 0.333413 0.671273 0.427695
3 16 -1.488 -7.787 -20.000 -3.707 -10.053 -20.000 -19.131 -0.002 -20.000 0.867747 0.333413 0.845168 0.309677 0.671273 0.427695
3 16 0.869 -0.002 -20.000 0.869 -4.802 -20.000 -19.131 -0.002 -20.000 0.898417 0.426695 0.898170 0.371175 0.671273 0.427695
3 16 -19.131 -15.981 20.000 -19.131 -8.002 20.000 -19.131 -15.981 16.484 0.284716 0.472936 0.284727 0.564729 0.322983 0.472934
3 16 -19.131 -15.980 8.993 -19.131 -8.002 20.000 -19.131 -15.980 1.502 0.409418 0.472930 0.284727 0.564729 0.495852 0.472927
3 16 -19.131 -8.002 0.000 -19.131 -15.980 1.502 -19.131 -8.002 20.000 0.513194 0.564701 0.495852 0.472927 0.284727 0.564729
3 16 -19.131 -8.002 0.000 -19.131 -15.980 -2.916 -19.131 -15.980 1.502 0.513194 0.564701 0.546832 0.472925 0.495852 0.472927
3 16 4.714 -0.002 -11.971 4.714 -2.161 -11.946 0.869 -0.002 -20.000 0.234445 0.992463 0.234716 0.967593 0.133446 0.992449
3 16 -11.162 -12.205 0.000 -9.223 -11.875 0.000 -15.381 -8.002 0.000 0.499131 0.668188 0.476818 0.672039 0.547813 0.716495
3 16 -15.381 -12.742 0.000 -11.162 -12.205 0.000 -15.381 -8.002 0.000 0.547707 0.661913 0.499131 0.668188 0.547813 0.716495
3 16 -19.131 -0.002 0.000 -8.047 -11.532 0.000 -7.222 -11.250 0.000 0.588872 0.808536 0.463280 0.676016 0.453785 0.679277
3 16 -15.381 -8.002 0.000 -8.047 -11.532 0.000 -19.131 -0.002 0.000 0.547813 0.716495 0.463280 0.676016 0.588872 0.808536
3 16 -15.381 -8.002 0.000 -9.223 -11.875 0.000 -8.047 -11.532 0.000 0.547813 0.716495 0.476818 0.672039 0.463280 0.676016
3 16 -7.222 -8.310 0.000 -19.131 -0.002 0.000 -7.222 -11.250 0.000 0.453851 0.713136 0.588872 0.808536 0.453785 0.679277
3 16 2.806 -8.703 12.048 6.960 -7.305 14.545 5.945 -7.151 10.790 0.479900 0.867530 0.516582 0.912374 0.522738 0.868395
3 16 2.806 -8.703 12.048 2.806 -9.206 16.250 6.960 -7.305 14.545 0.479900 0.867530 0.460584 0.912101 0.516582 0.912374
3 16 6.960 -7.305 14.545 9.525 -5.252 10.714 5.945 -7.151 10.790 0.516582 0.912374 0.566649 0.883247 0.522738 0.868395
3 16 6.960 -7.305 14.545 10.986 -5.252 14.187 9.525 -5.252 10.714 0.516582 0.912374 0.566651 0.926485 0.566649 0.883247
3 16 10.986 -5.252 14.187 10.791 -5.252 9.989 9.525 -5.252 10.714 0.948035 0.125570 0.967580 0.081203 0.950777 0.082195
3 16 10.986 -5.252 14.187 12.763 -5.253 14.026 10.791 -5.252 9.989 0.948035 0.125570 0.967218 0.133038 0.967580 0.081203
3 16 11.266 -5.253 9.760 12.763 -5.253 14.026 13.407 -5.253 14.026 0.973597 0.081306 0.967218 0.133038 0.973853 0.136345
3 16 11.266 -5.253 9.760 10.791 -5.252 9.989 12.763 -5.253 14.026 0.973597 0.081306 0.967580 0.081203 0.967218 0.133038
3 16 11.831 -5.242 9.485 13.407 -5.253 14.026 13.944 -5.253 13.757 0.896882 0.143861 0.889998 0.199502 0.897064 0.199683
3 16 11.831 -5.242 9.485 11.266 -5.253 9.760 13.407 -5.253 14.026 0.896882 0.143861 0.889526 0.143825 0.889998 0.199502
3 16 14.481 -5.253 13.488 11.831 -5.242 9.485 13.944 -5.253 13.757 0.904173 0.200111 0.896882 0.143861 0.897064 0.199683
3 16 14.481 -5.253 13.488 12.390 -5.226 9.213 11.831 -5.242 9.485 0.904173 0.200111 0.904256 0.143882 0.896882 0.143861
3 16 14.481 -5.253 13.488 14.294 -5.252 8.350 12.390 -5.226 9.213 0.904173 0.200111 0.926636 0.143705 0.904256 0.143882
3 16 14.481 -5.253 13.488 16.379 -5.252 12.618 14.294 -5.252 8.350 0.904173 0.200111 0.926390 0.198628 0.926636 0.143705
3 16 10.749 -7.642 8.975 16.379 -5.252 12.618 13.724 -7.761 16.462 0.346545 0.106942 0.387167 0.036151 0.433464 0.075577
3 16 10.749 -7.642 8.975 14.294 -5.252 8.350 16.379 -5.252 12.618 0.346545 0.106942 0.337433 0.058244 0.387167 0.036151
3 16 10.749 -7.642 8.975 8.537 -10.262 16.414 6.079 -10.182 8.936 0.346545 0.106942 0.433890 0.141623 0.347507 0.168005
3 16 10.749 -7.642 8.975 13.724 -7.761 16.462 8.537 -10.262 16.414 0.346545 0.106942 0.433464 0.075577 0.433890 0.141623
3 16 6.079 -10.182 8.936 3.417 -12.180 16.447 1.429 -12.145 8.975 0.347507 0.168005 0.434515 0.204282 0.348428 0.225932
3 16 6.079 -10.182 8.936 8.537 -10.262 16.414 3.417 -12.180 16.447 0.347507 0.168005 0.433890 0.141623 0.434515 0.204282
3 16 -1.067 -13.486 16.478 1.429 -12.145 8.975 3.417 -12.180 16.447 0.434752 0.257890 0.348428 0.225932 0.434515 0.204282
3 16 -1.067 -13.486 16.478 -2.605 -13.449 8.990 1.429 -12.145 8.975 0.434752 0.257890 0.348646 0.274651 0.348428 0.225932
3 16 -2.605 -13.449 8.990 -6.089 -14.689 16.489 -7.129 -14.652 8.995 0.348646 0.274651 0.434658 0.317067 0.348597 0.328327
3 16 -2.605 -13.449 8.990 -1.067 -13.486 16.478 -6.089 -14.689 16.489 0.348646 0.274651 0.434752 0.257890 0.434658 0.317067
3 16 -12.157 -15.500 16.483 -7.129 -14.652 8.995 -6.089 -14.689 16.489 0.434213 0.387323 0.348597 0.328327 0.434658 0.317067
3 16 -12.157 -15.500 16.483 -12.645 -15.476 8.993 -7.129 -14.652 8.995 0.434213 0.387323 0.348284 0.392374 0.348597 0.328327
3 16 -12.645 -15.476 8.993 -19.131 -15.981 16.484 -19.131 -15.980 8.993 0.348284 0.392374 0.433723 0.467502 0.347922 0.467012
3 16 -12.645 -15.476 8.993 -12.157 -15.500 16.483 -19.131 -15.981 16.484 0.348284 0.392374 0.434213 0.387323 0.433723 0.467502
3 16 -19.131 -15.980 8.993 -19.131 -15.981 16.484 -19.131 -8.002 20.000 0.409418 0.472930 0.322983 0.472934 0.284727 0.564729
3 16 2.806 -8.703 12.048 2.806 -8.200 7.847 2.806 -4.439 7.847 0.977221 0.739305 0.971446 0.691115 0.928308 0.691120
2 24 6.964 -0.002 -1.633 6.334 -0.002 -3.155
2 24 6.334 -2.981 -3.155 5.331 -3.311 -4.462
2 24 12.099 -4.802 2.700 10.426 -4.786 -0.536
2 24 4.024 -0.002 -5.465 2.502 -0.002 -6.095
2 24 12.099 -4.802 2.700 11.924 -4.299 2.374
2 24 16.379 -5.252 12.618 12.209 -5.252 4.082
2 24 -1.636 -0.002 -16.250 -1.636 -4.980 -16.250
2 24 -3.707 -10.053 -20.000 -6.236 -11.969 -20.000
2 24 2.502 -0.002 -6.095 0.869 -0.002 -6.310
2 24 -8.528 -13.260 -20.000 -11.154 -14.461 -20.000
2 24 -6.236 -11.969 -20.000 -8.528 -13.260 -20.000
2 24 6.964 -3.083 -1.633 6.334 -2.981 -3.155
2 24 5.331 -3.311 -4.462 4.024 -4.090 -5.465
2 24 5.093 -0.002 -7.025 4.397 -0.002 -9.780
2 24 19.131 -4.802 16.788 19.131 -5.695 20.000
2 24 11.924 -4.299 2.374 11.861 -3.634 2.247
2 24 12.209 -5.252 4.082 12.061 -5.128 3.458
2 24 11.861 -3.634 2.247 11.781 -1.528 2.087
2 24 0.869 -4.802 -20.000 -1.488 -7.787 -20.000
2 24 19.131 -4.802 16.788 17.462 -4.821 13.486
2 24 -1.636 -0.002 -16.250 -15.381 -0.002 -16.250
2 24 10.426 -4.786 -0.536 8.726 -4.528 -3.976
2 24 6.334 -0.002 -3.155 5.331 -0.002 -4.462
2 24 5.331 -0.002 -4.462 4.024 -0.002 -5.465
2 24 11.554 -0.484 1.634 11.065 -0.002 0.655
2 24 0.869 -0.002 -20.000 -19.131 -0.002 -20.000
2 24 8.842 -0.002 -3.736 6.880 -0.002 -4.815
2 24 4.024 -4.090 -5.465 2.502 -5.178 -6.095
2 24 -6.579 -9.288 -16.250 -7.871 -10.040 -16.250
2 24 -9.015 -10.645 -16.250 -10.506 -11.309 -16.250
2 24 -5.569 -8.598 -16.250 -6.579 -9.288 -16.250
2 24 -7.871 -10.040 -16.250 -9.015 -10.645 -16.250
2 24 -11.154 -14.461 -20.000 -14.541 -15.341 -20.000
2 24 -2.827 -6.276 -16.250 -4.286 -7.613 -16.250
2 24 -4.286 -7.613 -16.250 -5.569 -8.598 -16.250
2 24 -1.636 -4.980 -16.250 -2.827 -6.276 -16.250
2 24 11.781 -1.528 2.087 11.554 -0.484 1.634
2 24 1.065 -0.002 -10.003 -1.636 -0.002 -16.250
2 24 1.343 -0.002 -9.352 1.065 -0.002 -10.003
2 24 2.502 -5.178 -6.095 0.869 -6.411 -6.310
2 24 0.869 -0.002 -6.310 -0.758 -0.134 -6.069
2 24 19.131 -0.002 20.000 19.131 -5.695 20.000
2 24 0.885 -0.002 0.000 0.885 -0.002 20.000
2 24 -14.541 -15.341 -20.000 -19.131 -15.978 -20.000
2 24 -10.506 -11.309 -16.250 -15.381 -12.625 -16.250
2 24 8.714 -1.561 3.145 8.761 -4.272 3.331
2 24 6.461 -5.262 -7.672 4.893 -4.751 -11.651
2 24 0.869 -6.411 -6.310 -0.758 -7.407 -6.073
2 24 -0.739 -8.310 5.272 -1.871 -8.310 4.787
2 24 0.885 -8.002 16.250 0.885 -8.002 20.000
2 24 -3.955 -8.310 2.722 -4.309 -8.310 1.541
2 24 -1.764 -9.982 4.755 -2.928 -10.370 3.816
2 24 0.934 -8.880 5.376 0.860 -8.208 0.019
2 24 2.806 -6.239 -1.937 2.806 -7.897 5.947
2 24 8.766 -0.002 2.568 8.180 -0.002 3.510
2 24 8.993 -5.180 3.793 8.084 -5.252 3.679
2 24 -2.928 -10.370 3.816 -3.790 -10.598 2.673
2 24 0.251 -0.002 -8.042 -1.234 -0.002 -7.847
2 24 -0.758 -7.407 -6.073 -2.286 -8.634 -5.465
2 24 -1.234 -7.475 -7.847 -3.193 -8.847 -7.035
2 24 -6.107 -10.921 4.353 -7.593 -11.532 3.770
2 24 -6.166 -0.002 -4.062 -7.088 -0.002 -1.937
2 24 -15.381 -0.002 -1.937 -15.381 -12.625 -1.937
2 24 2.806 -0.002 16.250 2.806 -9.206 16.250
2 24 0.885 -8.310 5.403 -0.739 -8.310 5.272
2 24 -6.107 -10.921 4.353 -6.408 -11.078 3.656
2 24 -4.181 -10.615 1.503 -4.420 -10.519 -0.026
2 24 -0.758 -0.134 -6.069 -2.286 -0.002 -5.465
2 24 2.806 -0.002 -1.937 -5.226 -0.002 -1.937
2 24 -7.088 -0.002 -1.937 -15.381 -0.002 -1.937
2 24 0.885 -0.002 0.000 0.860 -8.208 0.019
2 24 2.806 -0.002 -1.937 2.806 -0.002 5.947
2 24 2.806 -0.002 7.847 2.806 -0.002 16.250
2 24 -15.381 -0.002 -16.250 -15.381 -12.625 -16.250
2 24 17.644 -4.322 13.813 17.462 -4.821 13.486
2 24 -19.131 -0.002 -20.000 -19.131 -15.978 -20.000
2 24 -2.286 -8.634 -5.465 -3.593 -9.458 -4.462
2 24 -3.193 -8.847 -7.035 -4.875 -9.874 -5.744
2 24 -3.084 -10.783 12.042 -4.687 -11.302 14.625
2 24 18.377 -0.002 15.280 15.460 0.000 16.094
2 24 -2.286 -0.002 -5.465 -3.593 -0.002 -4.462
2 24 6.334 -0.002 3.155 5.331 -0.002 4.462
2 24 0.885 -8.940 8.107 0.885 -9.807 16.250
2 24 -4.875 -8.310 5.744 -5.857 -8.310 4.465
2 24 -3.861 -8.310 6.568 -4.875 -8.310 5.744
2 24 -5.857 -8.310 4.465 -6.318 -8.310 3.695
2 24 -10.452 -11.994 -1.937 -15.381 -12.625 -1.937
2 24 -3.193 -0.002 -7.035 -4.875 -0.002 -5.744
2 24 7.904 -0.002 4.062 6.613 -0.002 5.744
2 24 -4.506 -8.310 0.000 -7.222 -8.310 0.000
2 24 -7.088 -11.076 -1.937 -10.452 -11.994 -1.937
2 24 0.885 -8.310 5.403 0.885 -8.310 8.102
2 24 0.885 -0.002 0.000 -19.131 -0.002 0.000
2 24 7.179 -3.573 0.000 6.964 -3.083 -1.633
2 24 -3.593 -9.458 -4.462 -4.596 -10.032 -3.155
2 24 -4.596 -10.032 -3.155 -5.226 -10.492 -1.937
2 24 -4.687 -11.302 14.625 -7.109 -11.860 16.250
2 24 -3.593 -0.002 -4.462 -4.596 -0.002 -3.155
2 24 5.331 -0.002 4.462 4.024 -0.002 5.465
2 24 -9.223 -11.875 0.000 -11.162 -12.205 0.000
2 24 -8.047 -11.532 0.000 -9.223 -11.875 0.000
2 24 -2.681 -10.491 9.856 -3.664 -10.541 6.728
2 24 -1.234 -8.310 7.847 -2.836 -8.310 7.183
2 24 11.065 -0.002 0.655 8.766 -0.002 2.568
2 24 -4.596 -0.002 -3.155 -5.226 -0.002 -1.937
2 24 5.331 -6.235 4.462 4.024 -7.187 5.465
2 24 7.168 -5.252 5.112 4.931 -6.997 7.035
2 24 4.024 -7.187 5.465 2.806 -7.897 5.947
2 24 19.131 -0.002 20.000 0.885 -0.002 20.000
2 24 -19.131 -0.002 -20.000 -19.131 -0.002 0.000
2 24 6.334 -5.259 3.155 5.331 -6.235 4.462
2 24 15.460 0.000 16.094 14.519 -0.002 16.250
2 24 0.885 -0.002 20.000 0.885 -8.002 20.000
2 24 -19.131 -0.002 0.000 -19.131 -8.002 0.000
2 24 -2.681 -12.742 9.856 -3.084 -12.742 12.042
2 24 0.885 -8.940 8.107 -1.234 -9.864 7.847
2 24 6.964 -0.002 1.633 6.334 -0.002 3.155
2 24 2.806 -0.002 7.847 2.806 -8.200 7.847
2 24 -7.088 -0.002 -1.937 -7.088 -11.076 -1.937
2 24 6.964 -4.340 1.633 6.334 -5.259 3.155
2 24 -2.828 -10.415 7.187 -3.664 -10.541 6.728
2 24 -6.978 -8.310 2.103 -7.222 -8.310 0.000
2 24 -4.875 -12.742 5.744 -6.122 -12.742 4.334
2 24 7.797 -5.252 4.231 7.168 -5.252 5.112
2 24 -3.664 -12.742 6.728 -4.875 -12.742 5.744
2 24 -2.681 -12.742 9.856 -3.664 -12.742 6.728
2 24 -6.408 -11.078 3.656 -6.978 -11.290 2.103
2 24 1.311 -5.088 -8.670 0.889 -5.750 -8.280
2 24 7.179 -0.002 0.000 6.964 -0.002 1.633
2 24 17.712 -3.631 13.949 17.644 -4.322 13.813
2 24 14.750 -5.165 15.257 14.519 -5.252 16.250
2 24 18.003 -0.448 14.531 17.800 -1.345 14.126
2 24 7.179 -3.573 0.000 6.964 -4.340 1.633
2 24 17.462 -4.821 13.486 16.875 -5.116 13.087
2 24 0.885 -8.310 8.102 0.885 -8.940 8.107
2 24 -7.222 -8.310 0.000 -7.222 -11.250 0.000
2 24 7.179 -0.002 0.000 6.964 -0.002 -1.633
2 24 18.377 -0.002 15.280 18.003 -0.448 14.531
2 24 -1.488 -7.787 -20.000 -3.707 -10.053 -20.000
2 24 0.251 -6.302 -8.042 -1.234 -7.475 -7.847
2 24 8.180 -0.002 3.510 7.904 -0.002 4.062
2 24 17.800 -1.345 14.126 17.712 -3.631 13.949
2 24 16.875 -5.116 13.087 16.379 -5.252 12.618
2 24 -1.234 -0.002 -7.847 -3.193 -0.002 -7.035
2 24 0.857 -0.002 -8.283 0.251 -0.002 -8.042
2 24 9.169 -0.484 2.785 8.473 -0.002 3.039
2 24 -4.875 -9.874 -5.744 -6.166 -10.579 -4.062
2 24 -4.420 -10.519 -0.026 -4.506 -8.310 0.000
2 24 15.300 -4.281 14.904 15.119 -4.740 14.577
2 24 4.714 -0.002 -11.971 4.397 -0.002 -9.780
2 24 -4.875 -0.002 -5.744 -6.166 -0.002 -4.062
2 24 6.613 -0.002 5.744 4.931 -0.002 7.035
2 24 -11.162 -12.205 0.000 -15.381 -12.742 0.000
2 24 4.931 -0.002 7.035 2.806 -0.002 7.847
2 24 -6.978 -11.290 2.103 -7.222 -11.250 0.000
2 24 -9.181 -12.742 3.611 -15.381 -12.742 3.613
2 24 14.519 -0.002 16.250 2.806 -0.002 16.250
2 24 -15.381 -0.002 -16.250 -15.381 -0.002 -1.937
2 24 -4.309 -8.310 1.541 -4.506 -8.310 0.000
2 24 -2.836 -8.310 7.183 -3.861 -8.310 6.568
2 24 -6.318 -8.310 3.695 -6.978 -8.310 2.103
2 24 0.860 -8.208 0.019 -4.420 -10.519 -0.026
2 24 1.274 -0.002 -8.708 0.857 -0.002 -8.283
2 24 8.084 -5.252 3.679 7.797 -5.252 4.231
2 24 -0.644 -9.555 5.243 -1.764 -9.982 4.755
2 24 0.889 -5.750 -8.280 0.251 -6.302 -8.042
2 24 -3.790 -10.598 2.673 -4.181 -10.615 1.503
2 24 -7.593 -11.532 3.770 -9.223 -11.875 3.597
2 24 0.885 -8.002 16.250 0.885 -9.807 16.250
2 24 -1.234 -9.864 7.847 -2.828 -10.415 7.187
2 24 -6.122 -12.742 4.334 -7.593 -12.742 3.770
2 24 -15.381 -8.002 0.000 -15.381 -12.742 0.000
2 24 1.388 -4.750 -9.338 1.311 -5.088 -8.670
2 24 14.519 -5.252 16.250 11.854 -5.252 16.250
2 24 4.931 -6.997 7.035 2.806 -8.200 7.847
2 24 0.885 -8.002 16.250 -15.381 -8.002 16.250
2 24 -15.381 -8.002 0.000 -15.381 -8.002 16.250
2 24 -6.166 -10.579 -4.062 -7.088 -11.076 -1.937
2 24 -9.223 -11.875 3.597 -11.162 -12.205 3.610
2 24 -2.681 -10.491 9.856 -3.084 -10.783 12.042
2 24 -11.162 -12.205 3.610 -15.381 -12.742 3.613
2 24 0.885 -8.310 8.102 -1.234 -8.310 7.847
2 24 0.934 -8.880 5.376 -0.644 -9.555 5.243
2 24 -7.222 -11.250 0.000 -8.047 -11.532 0.000
2 24 4.024 -0.002 5.465 2.806 -0.002 5.947
2 24 -7.593 -12.742 3.770 -9.181 -12.742 3.611
2 24 -3.084 -12.742 12.042 -4.687 -12.742 14.625
2 24 2.806 -6.239 -1.937 -5.226 -10.492 -1.937
2 24 -15.381 -8.002 0.000 -19.131 -8.002 0.000
2 24 2.806 -8.200 7.847 2.806 -9.206 16.250
2 24 12.099 -4.802 2.700 12.061 -5.128 3.458
2 24 4.714 -0.002 -11.971 0.869 -0.002 -20.000
2 24 19.131 -0.002 16.788 18.377 -0.002 15.280
2 24 11.065 -0.002 0.655 10.664 -0.002 -0.148
2 24 10.664 -0.002 -0.148 8.842 -0.002 -3.736
2 24 -4.687 -12.742 14.625 -7.109 -12.742 16.250
2 24 -1.871 -8.310 4.787 -3.072 -8.310 3.860
2 24 -3.072 -8.310 3.860 -3.955 -8.310 2.722
2 24 -5.226 -0.002 -1.937 -5.226 -10.492 -1.937
2 24 0.885 -8.310 5.403 0.934 -8.880 5.376
2 24 2.806 -0.002 5.947 2.806 -7.897 5.947
2 24 11.854 -5.252 16.250 2.806 -9.206 16.250
2 24 -2.081 -10.722 16.250 -7.109 -11.860 16.250
2 24 0.885 -9.807 16.250 -2.081 -10.722 16.250
2 24 1.343 -0.002 -9.352 1.274 -0.002 -8.708
2 24 2.806 -0.002 -1.937 2.806 -6.239 -1.937
2 24 19.131 -0.002 16.788 19.131 -0.002 20.000
2 24 8.726 -4.528 -3.976 6.461 -5.262 -7.672
2 24 6.880 -0.002 -4.815 5.093 -0.002 -7.025
2 24 0.869 -0.002 -20.000 0.869 -4.802 -20.000
2 24 9.640 -10.270 20.000 4.346 -12.182 20.000
2 24 -0.367 -13.503 20.000 -5.601 -14.703 20.000
2 24 4.346 -12.182 20.000 -0.367 -13.503 20.000
2 24 -15.381 -12.742 0.000 -15.381 -12.742 16.250
2 24 -15.381 -12.625 -16.250 -15.381 -12.625 -1.937
2 24 -7.109 -12.742 16.250 -15.381 -12.742 16.250
2 24 -19.131 -15.978 -20.000 -19.131 -15.981 20.000
2 24 -5.601 -14.703 20.000 -11.929 -15.510 20.000
2 24 -11.929 -15.510 20.000 -19.131 -15.981 20.000
2 24 -15.381 -8.002 16.250 -15.381 -12.742 16.250
2 24 14.772 -7.955 20.000 9.640 -10.270 20.000
2 24 19.131 -5.695 20.000 14.772 -7.955 20.000
2 24 0.885 -8.002 20.000 -19.131 -8.002 20.000
2 24 -19.131 -8.002 0.000 -19.131 -8.002 20.000
2 24 -19.131 -8.002 20.000 -19.131 -15.981 20.000
