0 FILE bl_78169.dat
0 KEY W/ 3.2 SHAFT NO. 2
0 Name:  bl_78169.dat
0 Author:  
0 BFC CERTIFY CCW
3 16 -5.579 -11.482 -1.964 -5.717 -19.752 0.000 -5.579 -11.482 0.000 0.702112 0.266390 0.718202 0.189955 0.718208 0.269595
3 16 -5.579 -11.482 -1.964 -5.717 -19.752 -1.964 -5.717 -19.752 0.000 0.702112 0.266390 0.702435 0.191946 0.718202 0.189955
3 16 -1.985 -44.848 -3.555 0.000 -47.662 -3.516 -4.090 -47.942 -2.714 0.524891 0.419379 0.545345 0.447237 0.502754 0.450561
3 16 -1.985 -44.848 -3.555 0.000 -44.848 -4.085 0.000 -47.662 -3.516 0.524891 0.419379 0.545290 0.418812 0.545345 0.447237
3 16 0.000 -92.389 -2.376 -20.226 -81.661 -3.007 -20.323 -81.118 -2.376 0.036154 0.892482 0.027750 0.673092 0.035107 0.669120
3 16 0.000 -92.389 -2.376 0.000 -92.686 -3.007 -20.226 -81.661 -3.007 0.036154 0.892482 0.034471 0.893101 0.027750 0.673092
3 16 -20.323 -81.118 -2.376 -22.088 -80.133 -3.007 -21.751 -79.760 -2.376 0.035107 0.669120 0.026299 0.650564 0.033866 0.648772
3 16 -20.323 -81.118 -2.376 -20.226 -81.661 -3.007 -22.088 -80.133 -3.007 0.035107 0.669120 0.027750 0.673092 0.026299 0.650564
3 16 -21.751 -79.760 -2.376 -21.932 -78.337 -3.007 -21.537 -78.465 -2.376 0.033866 0.648772 0.027085 0.636038 0.034535 0.635156
3 16 -21.751 -79.760 -2.376 -22.088 -80.133 -3.007 -21.932 -78.337 -3.007 0.033866 0.648772 0.026299 0.650564 0.027085 0.636038
3 16 -21.537 -78.465 -2.376 -2.072 -50.152 -3.007 -1.826 -50.302 -2.376 0.034535 0.635156 0.026816 0.284411 0.033721 0.283701
3 16 -21.537 -78.465 -2.376 -21.932 -78.337 -3.007 -2.072 -50.152 -3.007 0.034535 0.635156 0.027085 0.636038 0.026816 0.284411
3 16 0.000 -49.242 -2.376 -2.072 -50.152 -3.007 0.000 -48.926 -2.956 0.029149 0.270560 0.026816 0.284411 0.026824 0.271424
3 16 0.000 -49.242 -2.376 -1.826 -50.302 -2.376 -2.072 -50.152 -3.007 0.029149 0.270560 0.033721 0.283701 0.026816 0.284411
3 16 -24.455 -82.570 -2.877 -25.895 -80.682 2.876 -25.895 -80.682 -2.876 0.102570 0.714515 0.045204 0.690109 0.102338 0.690109
3 16 -24.455 -82.570 -2.877 -24.455 -82.570 2.877 -25.895 -80.682 2.876 0.102570 0.714515 0.044971 0.714516 0.045204 0.690109
3 16 -25.895 -80.682 -2.876 -25.490 -78.400 2.874 -25.490 -78.400 -2.874 0.102338 0.690109 0.044956 0.666263 0.102586 0.666264
3 16 -25.895 -80.682 -2.876 -25.895 -80.682 2.876 -25.490 -78.400 2.874 0.102338 0.690109 0.045204 0.690109 0.044956 0.666263
3 16 0.000 -95.692 -2.875 -24.455 -82.570 2.877 -24.455 -82.570 -2.877 0.102621 0.992418 0.044971 0.714516 0.102570 0.714515
3 16 0.000 -95.692 -2.875 0.000 -95.692 2.875 -24.455 -82.570 2.877 0.102621 0.992418 0.044948 0.992419 0.044971 0.714516
3 16 -20.226 -81.661 -3.007 0.000 -95.692 -2.875 -24.455 -82.570 -2.877 0.343343 0.788373 0.545592 0.928874 0.300762 0.797742
3 16 -20.226 -81.661 -3.007 0.000 -92.686 -3.007 0.000 -95.692 -2.875 0.343343 0.788373 0.545486 0.898548 0.545592 0.928874
3 16 -22.088 -80.133 -3.007 -24.455 -82.570 -2.877 -25.895 -80.682 -2.876 0.324821 0.773078 0.300762 0.797742 0.286455 0.778678
3 16 -22.088 -80.133 -3.007 -20.226 -81.661 -3.007 -24.455 -82.570 -2.877 0.324821 0.773078 0.343343 0.788373 0.300762 0.797742
3 16 -22.088 -80.133 -3.007 -25.490 -78.400 -2.874 -21.932 -78.337 -3.007 0.324821 0.773078 0.290283 0.755745 0.326322 0.755208
3 16 -22.088 -80.133 -3.007 -25.895 -80.682 -2.876 -25.490 -78.400 -2.874 0.324821 0.773078 0.286455 0.778678 0.290283 0.755745
3 16 0.000 -47.662 -3.516 -2.072 -50.152 -3.007 -4.090 -47.942 -2.714 0.545345 0.447237 0.524576 0.473174 0.502754 0.450561
3 16 0.000 -47.662 -3.516 0.000 -48.926 -2.956 -2.072 -50.152 -3.007 0.545345 0.447237 0.545372 0.460706 0.524576 0.473174
3 16 0.000 -62.154 -2.376 -1.826 -50.302 -2.376 0.000 -49.242 -2.376 0.727378 0.352878 0.745026 0.469761 0.727378 0.481211
3 16 0.000 -62.154 -2.376 -0.898 -62.501 -2.376 -1.826 -50.302 -2.376 0.727378 0.352878 0.736351 0.349405 0.745026 0.469761
3 16 -10.587 -77.515 -2.376 -21.537 -78.465 -2.376 -10.751 -76.684 -2.376 0.833165 0.199387 0.940950 0.189804 0.834808 0.207684
3 16 -10.587 -77.515 -2.376 -21.751 -79.760 -2.376 -21.537 -78.465 -2.376 0.833165 0.199387 0.943197 0.177313 0.940950 0.189804
3 16 -10.587 -77.515 -2.376 -20.323 -81.118 -2.376 -21.751 -79.760 -2.376 0.833165 0.199387 0.929010 0.164158 0.943197 0.177313
3 16 -10.587 -77.515 -2.376 -9.864 -78.253 -2.376 -20.323 -81.118 -2.376 0.833165 0.199387 0.825939 0.192011 0.929010 0.164158
3 16 -9.864 -78.253 -2.376 0.000 -92.389 -2.376 -20.323 -81.118 -2.376 0.825939 0.192011 0.727378 0.053698 0.929010 0.164158
3 16 -9.864 -78.253 -2.376 0.000 -83.520 -2.376 0.000 -92.389 -2.376 0.825939 0.192011 0.727378 0.139381 0.727378 0.053698
3 16 -21.932 -78.337 -3.007 -4.090 -47.942 -2.714 -2.072 -50.152 -3.007 0.326322 0.755208 0.502754 0.450561 0.524576 0.473174
3 16 -21.932 -78.337 -3.007 -25.490 -78.400 -2.874 -4.090 -47.942 -2.714 0.326322 0.755208 0.290283 0.755745 0.502754 0.450561
3 16 -0.898 -62.501 -2.376 -21.537 -78.465 -2.376 -1.826 -50.302 -2.376 0.736351 0.349405 0.940950 0.189804 0.745026 0.469761
3 16 -0.898 -62.501 -2.376 -10.751 -76.684 -2.376 -21.537 -78.465 -2.376 0.736351 0.349405 0.834808 0.207684 0.940950 0.189804
3 16 -3.625 -19.783 -2.024 -2.745 -12.984 -2.929 -2.079 -19.099 -3.594 0.370305 0.029341 0.356518 0.097201 0.349039 0.034100
3 16 -3.625 -19.783 -2.024 -3.625 -11.453 -2.024 -2.745 -12.984 -2.929 0.370305 0.029341 0.369009 0.111758 0.356518 0.097201
3 16 -3.625 -11.453 -2.024 -3.859 -4.329 -1.402 -2.745 -12.984 -2.929 0.369009 0.111758 0.376974 0.183654 0.356518 0.097201
3 16 -2.745 -12.984 -2.929 -1.244 -18.177 -3.832 -2.079 -19.099 -3.594 0.356518 0.097201 0.338974 0.041810 0.349039 0.034100
3 16 -3.859 -4.329 -1.402 -4.035 -11.453 0.000 -4.004 -4.328 0.000 0.376974 0.183654 0.389445 0.112748 0.390940 0.182966
3 16 -3.859 -4.329 -1.402 -3.625 -11.453 -2.024 -4.035 -11.453 0.000 0.376974 0.183654 0.369009 0.111758 0.389445 0.112748
3 16 -1.985 -44.848 -3.555 0.000 -19.158 -4.096 0.000 -44.848 -4.085 0.118144 0.244479 0.138197 0.024141 0.138318 0.244197
3 16 -1.985 -44.848 -3.555 -2.079 -19.099 -3.594 0.000 -19.158 -4.096 0.118144 0.244479 0.116702 0.023744 0.138197 0.024141
3 16 -3.598 -44.848 -2.075 -4.154 -19.783 0.000 -3.625 -19.783 -2.024 0.095426 0.262813 0.073776 0.013023 0.094786 0.013022
3 16 -3.598 -44.848 -2.075 -4.154 -44.848 0.000 -4.154 -19.783 0.000 0.095426 0.262813 0.073777 0.263022 0.073776 0.013023
3 16 -1.985 -44.848 -3.555 -4.090 -47.942 -2.714 -3.598 -44.848 -2.075 0.118144 0.244479 0.101075 0.294377 0.095426 0.262813
3 16 -1.985 -44.848 -3.555 -3.625 -19.783 -2.024 -2.079 -19.099 -3.594 0.118144 0.244479 0.094786 0.013022 0.116702 0.023744
3 16 -1.985 -44.848 -3.555 -3.598 -44.848 -2.075 -3.625 -19.783 -2.024 0.118144 0.244479 0.095426 0.262813 0.094786 0.013022
3 16 -10.751 -76.684 -2.376 -10.587 -77.515 2.376 -10.587 -77.515 -2.376 0.273012 0.206385 0.320752 0.215187 0.273034 0.214883
3 16 -10.751 -76.684 -2.376 -10.751 -76.684 2.376 -10.587 -77.515 2.376 0.273012 0.206385 0.320887 0.206704 0.320752 0.215187
3 16 -10.587 -77.515 -2.376 -9.864 -78.253 2.376 -9.864 -78.253 -2.376 0.273034 0.214883 0.320637 0.225540 0.273023 0.225258
3 16 -10.587 -77.515 -2.376 -10.587 -77.515 2.376 -9.864 -78.253 2.376 0.273034 0.214883 0.320752 0.215187 0.320637 0.225540
3 16 -9.864 -78.253 -2.376 0.000 -83.520 2.376 0.000 -83.520 -2.376 0.273023 0.225258 0.319601 0.337626 0.271841 0.337280
3 16 -9.864 -78.253 -2.376 -9.864 -78.253 2.376 0.000 -83.520 2.376 0.273023 0.225258 0.320637 0.225540 0.319601 0.337626
3 16 0.000 -62.154 -2.376 -0.898 -62.501 2.376 -0.898 -62.501 -2.376 0.280135 0.021810 0.320173 0.032026 0.276493 0.031317
3 16 0.000 -62.154 -2.376 0.000 -62.154 2.376 -0.898 -62.501 2.376 0.280135 0.021810 0.316774 0.022418 0.320173 0.032026
3 16 -0.898 -62.501 -2.376 -10.751 -76.684 2.376 -10.751 -76.684 -2.376 0.276493 0.031317 0.320887 0.206704 0.273012 0.206385
3 16 -0.898 -62.501 -2.376 -0.898 -62.501 2.376 -10.751 -76.684 2.376 0.276493 0.031317 0.320173 0.032026 0.320887 0.206704
3 16 -25.490 -78.400 -2.874 -4.090 -47.942 2.714 -4.090 -47.942 -2.714 0.102586 0.666264 0.046477 0.294377 0.101075 0.294377
3 16 -25.490 -78.400 -2.874 -25.490 -78.400 2.874 -4.090 -47.942 2.714 0.102586 0.666264 0.044956 0.666263 0.046477 0.294377
3 16 -3.946 0.000 -0.622 -4.004 -4.328 0.000 -3.940 0.000 0.000 0.385138 0.226474 0.390940 0.182966 0.386458 0.226336
3 16 -3.946 0.000 -0.622 -3.859 -4.329 -1.402 -4.004 -4.328 0.000 0.385138 0.226474 0.376974 0.183654 0.390940 0.182966
3 16 -3.625 -19.783 -2.024 -5.579 -11.482 -1.964 -3.625 -11.453 -2.024 0.754279 0.185913 0.770525 0.263180 0.755040 0.264029
3 16 -3.625 -19.783 -2.024 -5.717 -19.752 -1.964 -5.579 -11.482 -1.964 0.754279 0.185913 0.773444 0.187785 0.770525 0.263180
3 16 -5.717 -19.752 -1.964 -4.154 -19.783 0.000 -5.717 -19.752 0.000 0.534783 0.607702 0.550911 0.622848 0.534574 0.622925
3 16 -5.717 -19.752 -1.964 -3.625 -19.783 -2.024 -4.154 -19.783 0.000 0.534783 0.607702 0.551549 0.604285 0.550911 0.622848
3 16 -5.579 -11.482 -1.964 -4.035 -11.453 0.000 -3.625 -11.453 -2.024 0.633585 0.719319 0.619162 0.736093 0.616881 0.718304
3 16 -5.579 -11.482 -1.964 -5.579 -11.482 0.000 -4.035 -11.453 0.000 0.633585 0.719319 0.634789 0.735514 0.619162 0.736093
3 16 5.717 -19.752 0.000 5.579 -11.482 -1.964 5.579 -11.482 0.000 0.596609 0.770113 0.580511 0.693651 0.596620 0.690475
3 16 5.717 -19.752 0.000 5.717 -19.752 -1.964 5.579 -11.482 -1.964 0.596609 0.770113 0.580840 0.768117 0.580511 0.693651
3 16 1.985 -44.848 -3.555 0.000 -47.662 -3.516 0.000 -44.848 -4.085 0.565692 0.419283 0.545345 0.447237 0.545290 0.418812
3 16 1.985 -44.848 -3.555 4.090 -47.942 -2.714 0.000 -47.662 -3.516 0.565692 0.419283 0.587974 0.450422 0.545345 0.447237
3 16 0.000 -92.389 -2.376 20.226 -81.661 -3.007 0.000 -92.686 -3.007 0.137074 0.277695 0.132161 0.497146 0.135382 0.277104
3 16 0.000 -92.389 -2.376 20.323 -81.118 -2.376 20.226 -81.661 -3.007 0.137074 0.277695 0.139579 0.501000 0.132161 0.497146
3 16 20.323 -81.118 -2.376 22.088 -80.133 -3.007 20.226 -81.661 -3.007 0.139579 0.501000 0.131068 0.519690 0.132161 0.497146
3 16 20.323 -81.118 -2.376 21.751 -79.760 -2.376 22.088 -80.133 -3.007 0.139579 0.501000 0.138662 0.521361 0.131068 0.519690
3 16 21.932 -78.337 -3.007 21.751 -79.760 -2.376 21.537 -78.465 -2.376 0.132085 0.534199 0.138662 0.521361 0.139547 0.534962
3 16 21.932 -78.337 -3.007 22.088 -80.133 -3.007 21.751 -79.760 -2.376 0.132085 0.534199 0.131068 0.519690 0.138662 0.521361
3 16 21.537 -78.465 -2.376 2.072 -50.152 -3.007 21.932 -78.337 -3.007 0.139547 0.534962 0.137407 0.885609 0.132085 0.534199
3 16 21.537 -78.465 -2.376 1.826 -50.302 -2.376 2.072 -50.152 -3.007 0.139547 0.534962 0.144269 0.886383 0.137407 0.885609
3 16 2.072 -50.152 -3.007 0.000 -49.242 -2.376 0.000 -48.926 -2.956 0.137407 0.885609 0.142527 0.899402 0.136671 0.898201
3 16 2.072 -50.152 -3.007 1.826 -50.302 -2.376 0.000 -49.242 -2.376 0.137407 0.885609 0.144269 0.886383 0.142527 0.899402
3 16 0.000 -95.692 -2.875 20.226 -81.661 -3.007 24.455 -82.570 -2.877 0.545592 0.928874 0.747066 0.788404 0.789591 0.797817
3 16 0.000 -95.692 -2.875 0.000 -92.686 -3.007 20.226 -81.661 -3.007 0.545592 0.928874 0.545486 0.898548 0.747066 0.788404
3 16 24.455 -82.570 -2.877 22.088 -80.133 -3.007 25.895 -80.682 -2.876 0.789591 0.797817 0.765556 0.773169 0.803884 0.778765
3 16 24.455 -82.570 -2.877 20.226 -81.661 -3.007 22.088 -80.133 -3.007 0.789591 0.797817 0.747066 0.788404 0.765556 0.773169
3 16 25.490 -78.400 -2.874 22.088 -80.133 -3.007 21.932 -78.337 -3.007 0.800038 0.755850 0.765556 0.773169 0.763984 0.755236
3 16 25.490 -78.400 -2.874 25.895 -80.682 -2.876 22.088 -80.133 -3.007 0.800038 0.755850 0.803884 0.778765 0.765556 0.773169
3 16 2.072 -50.152 -3.007 0.000 -47.662 -3.516 4.090 -47.942 -2.714 0.566158 0.473024 0.545345 0.447237 0.587974 0.450422
3 16 2.072 -50.152 -3.007 0.000 -48.926 -2.956 0.000 -47.662 -3.516 0.566158 0.473024 0.545372 0.460706 0.545345 0.447237
3 16 1.826 -50.302 -2.376 0.000 -62.154 -2.376 0.000 -49.242 -2.376 0.709729 0.469761 0.727378 0.352878 0.727378 0.481211
3 16 1.826 -50.302 -2.376 0.898 -62.501 -2.376 0.000 -62.154 -2.376 0.709729 0.469761 0.718405 0.349405 0.727378 0.352878
3 16 21.537 -78.465 -2.376 10.587 -77.515 -2.376 10.751 -76.684 -2.376 0.513805 0.189804 0.621590 0.199387 0.619948 0.207684
3 16 21.537 -78.465 -2.376 21.751 -79.760 -2.376 10.587 -77.515 -2.376 0.513805 0.189804 0.511558 0.177313 0.621590 0.199387
3 16 20.323 -81.118 -2.376 10.587 -77.515 -2.376 21.751 -79.760 -2.376 0.525745 0.164158 0.621590 0.199387 0.511558 0.177313
3 16 20.323 -81.118 -2.376 9.864 -78.253 -2.376 10.587 -77.515 -2.376 0.525745 0.164158 0.628816 0.192011 0.621590 0.199387
3 16 0.000 -92.389 -2.376 9.864 -78.253 -2.376 20.323 -81.118 -2.376 0.727378 0.053698 0.628816 0.192011 0.525745 0.164158
3 16 0.000 -92.389 -2.376 0.000 -83.520 -2.376 9.864 -78.253 -2.376 0.727378 0.053698 0.727378 0.139381 0.628816 0.192011
3 16 21.932 -78.337 -3.007 4.090 -47.942 -2.714 25.490 -78.400 -2.874 0.763984 0.755236 0.587974 0.450422 0.800038 0.755850
3 16 21.932 -78.337 -3.007 2.072 -50.152 -3.007 4.090 -47.942 -2.714 0.763984 0.755236 0.566158 0.473024 0.587974 0.450422
3 16 21.537 -78.465 -2.376 0.898 -62.501 -2.376 1.826 -50.302 -2.376 0.513805 0.189804 0.718405 0.349405 0.709729 0.469761
3 16 21.537 -78.465 -2.376 10.751 -76.684 -2.376 0.898 -62.501 -2.376 0.513805 0.189804 0.619948 0.207684 0.718405 0.349405
3 16 2.745 -12.984 -2.929 3.625 -19.783 -2.024 2.079 -19.099 -3.594 0.787038 0.590057 0.800582 0.659792 0.778764 0.653778
3 16 2.745 -12.984 -2.929 3.625 -11.453 -2.024 3.625 -19.783 -2.024 0.787038 0.590057 0.799682 0.576345 0.800582 0.659792
3 16 3.859 -4.329 -1.402 -2.745 -12.984 -2.929 -3.859 -4.329 -1.402 0.407816 0.282131 0.341832 0.369947 0.330757 0.282132
3 16 3.859 -4.329 -1.402 2.745 -12.984 -2.929 -2.745 -12.984 -2.929 0.407816 0.282131 0.396742 0.369947 0.341832 0.369947
3 16 3.859 -4.329 -1.402 3.625 -11.453 -2.024 2.745 -12.984 -2.929 0.804964 0.506185 0.799682 0.576345 0.787038 0.590057
3 16 1.244 -18.177 -3.832 2.745 -12.984 -2.929 2.079 -19.099 -3.594 0.768800 0.645930 0.787038 0.590057 0.778764 0.653778
3 16 0.000 -19.158 -4.096 1.985 -44.848 -3.555 0.000 -44.848 -4.085 0.139754 0.024474 0.159812 0.244811 0.139639 0.244530
3 16 0.000 -19.158 -4.096 2.079 -19.099 -3.594 1.985 -44.848 -3.555 0.139754 0.024474 0.161250 0.024077 0.159812 0.244811
3 16 4.035 -11.453 0.000 3.859 -4.329 -1.402 4.004 -4.328 0.000 0.820457 0.574569 0.804964 0.506185 0.819418 0.504382
3 16 4.035 -11.453 0.000 3.625 -11.453 -2.024 3.859 -4.329 -1.402 0.820457 0.574569 0.799682 0.576345 0.804964 0.506185
3 16 1.244 -18.177 -3.832 0.000 -19.158 -4.096 -1.244 -18.177 -3.832 0.381737 0.422599 0.369290 0.432752 0.356836 0.422599
3 16 4.154 -19.783 0.000 3.598 -44.848 -2.075 3.625 -19.783 -2.024 0.204175 0.013354 0.182531 0.263146 0.183165 0.013354
3 16 4.154 -19.783 0.000 4.154 -44.848 0.000 3.598 -44.848 -2.075 0.204175 0.013354 0.204180 0.263354 0.182531 0.263146
3 16 4.090 -47.942 -2.714 1.985 -44.848 -3.555 3.598 -44.848 -2.075 0.176881 0.294709 0.159812 0.244811 0.182531 0.263146
3 16 3.625 -19.783 -2.024 1.985 -44.848 -3.555 2.079 -19.099 -3.594 0.183165 0.013354 0.159812 0.244811 0.161250 0.024077
3 16 3.625 -19.783 -2.024 3.598 -44.848 -2.075 1.985 -44.848 -3.555 0.183165 0.013354 0.182531 0.263146 0.159812 0.244811
3 16 3.946 0.000 -0.622 -3.859 -4.329 -1.402 -3.946 0.000 -0.622 0.408855 0.238323 0.330757 0.282132 0.329718 0.238323
3 16 3.946 0.000 -0.622 3.859 -4.329 -1.402 -3.859 -4.329 -1.402 0.408855 0.238323 0.407816 0.282131 0.330757 0.282132
3 16 4.004 -4.328 0.000 3.946 0.000 -0.622 3.940 0.000 0.000 0.819418 0.504382 0.813642 0.460915 0.819760 0.460911
3 16 4.004 -4.328 0.000 3.859 -4.329 -1.402 3.946 0.000 -0.622 0.819418 0.504382 0.804964 0.506185 0.813642 0.460915
3 16 3.946 0.000 -0.622 -3.940 0.000 0.000 3.940 0.000 0.000 0.572960 0.629816 0.566744 0.708619 0.566744 0.629877
3 16 3.946 0.000 -0.622 -3.946 0.000 -0.622 -3.940 0.000 0.000 0.572960 0.629816 0.572961 0.708680 0.566744 0.708619
3 16 5.579 -11.482 -1.964 3.625 -19.783 -2.024 3.625 -11.453 -2.024 0.568939 0.714486 0.553893 0.791761 0.553373 0.714201
3 16 5.579 -11.482 -1.964 5.717 -19.752 -1.964 3.625 -19.783 -2.024 0.568939 0.714486 0.571393 0.790518 0.553893 0.791761
3 16 4.154 -19.783 0.000 5.717 -19.752 -1.964 5.717 -19.752 0.000 0.520754 0.763188 0.504371 0.778289 0.504417 0.763266
3 16 4.154 -19.783 0.000 3.625 -19.783 -2.024 5.717 -19.752 -1.964 0.520754 0.763188 0.521544 0.781890 0.504371 0.778289
3 16 4.035 -11.453 0.000 5.579 -11.482 -1.964 3.625 -11.453 -2.024 0.458796 0.738970 0.473258 0.754811 0.456287 0.755477
3 16 4.035 -11.453 0.000 5.579 -11.482 0.000 5.579 -11.482 -1.964 0.458796 0.738970 0.474304 0.738672 0.473258 0.754811
3 16 3.598 -44.848 -2.075 4.154 -44.848 0.000 4.090 -47.942 -2.714 0.182531 0.263146 0.204180 0.263354 0.176881 0.294709
3 16 -5.717 -19.752 0.000 -5.579 -11.482 1.964 -5.579 -11.482 0.000 0.718202 0.189955 0.734306 0.266467 0.718208 0.269595
3 16 -5.717 -19.752 0.000 -5.717 -19.752 1.964 -5.579 -11.482 1.964 0.718202 0.189955 0.733979 0.191929 0.734306 0.266467
3 16 -1.985 -44.848 3.555 0.000 -47.662 3.516 0.000 -44.848 4.085 0.707882 0.527685 0.728228 0.499729 0.728285 0.528154
3 16 -1.985 -44.848 3.555 -4.090 -47.942 2.714 0.000 -47.662 3.516 0.707882 0.527685 0.685600 0.496546 0.728228 0.499729
3 16 0.000 -92.389 2.376 -20.226 -81.661 3.006 0.000 -92.686 3.006 0.160175 0.898678 0.164676 0.680239 0.162490 0.898992
3 16 0.000 -92.389 2.376 -20.323 -81.118 2.376 -20.226 -81.661 3.006 0.160175 0.898678 0.157338 0.676364 0.164676 0.680239
3 16 -20.323 -81.118 2.376 -22.088 -80.133 3.006 -20.226 -81.661 3.006 0.157338 0.676364 0.166012 0.657868 0.164676 0.680239
3 16 -20.323 -81.118 2.376 -21.751 -79.760 2.376 -22.088 -80.133 3.006 0.157338 0.676364 0.158469 0.656188 0.166012 0.657868
3 16 -21.932 -78.337 3.006 -21.751 -79.760 2.376 -21.537 -78.465 2.376 0.164889 0.643382 0.158469 0.656188 0.157478 0.642676
3 16 -21.932 -78.337 3.006 -22.088 -80.133 3.006 -21.751 -79.760 2.376 0.164889 0.643382 0.166012 0.657868 0.158469 0.656188
3 16 -21.537 -78.465 2.376 -2.072 -50.152 3.006 -21.932 -78.337 3.006 0.157478 0.642676 0.160145 0.294744 0.164889 0.643382
3 16 -21.537 -78.465 2.376 -1.826 -50.302 2.376 -2.072 -50.152 3.006 0.157478 0.642676 0.153246 0.293835 0.160145 0.294744
3 16 -2.072 -50.152 3.006 0.000 -49.242 2.376 0.000 -48.926 2.956 0.160145 0.294744 0.157243 0.280467 0.159823 0.280889
3 16 -2.072 -50.152 3.006 -1.826 -50.302 2.376 0.000 -49.242 2.376 0.160145 0.294744 0.153246 0.293835 0.157243 0.280467
3 16 0.000 -95.692 2.875 -20.226 -81.661 3.006 -24.455 -82.570 2.877 0.727982 0.018094 0.526505 0.158561 0.483980 0.149143
3 16 0.000 -95.692 2.875 0.000 -92.686 3.006 -20.226 -81.661 3.006 0.727982 0.018094 0.728088 0.048420 0.526505 0.158561
3 16 -24.455 -82.570 2.877 -22.088 -80.133 3.006 -25.895 -80.682 2.876 0.483980 0.149143 0.508014 0.173795 0.469686 0.168195
3 16 -24.455 -82.570 2.877 -20.226 -81.661 3.006 -22.088 -80.133 3.006 0.483980 0.149143 0.526505 0.158561 0.508014 0.173795
3 16 -25.490 -78.400 2.874 -22.088 -80.133 3.006 -21.932 -78.337 3.006 0.473530 0.191112 0.508014 0.173795 0.509584 0.191730
3 16 -25.490 -78.400 2.874 -25.895 -80.682 2.876 -22.088 -80.133 3.006 0.473530 0.191112 0.469686 0.168195 0.508014 0.173795
3 16 -2.072 -50.152 3.006 0.000 -47.662 3.516 -4.090 -47.942 2.714 0.707414 0.473943 0.728228 0.499729 0.685600 0.496546
3 16 -2.072 -50.152 3.006 0.000 -48.926 2.956 0.000 -47.662 3.516 0.707414 0.473943 0.728201 0.486261 0.728228 0.499729
3 16 -1.826 -50.302 2.376 0.000 -62.154 2.376 0.000 -49.242 2.376 0.563134 0.477476 0.545485 0.594359 0.545486 0.466026
3 16 -1.826 -50.302 2.376 -0.898 -62.501 2.376 0.000 -62.154 2.376 0.563134 0.477476 0.554459 0.597832 0.545485 0.594359
3 16 -21.537 -78.465 2.376 -10.587 -77.515 2.376 -10.751 -76.684 2.376 0.759058 0.757433 0.651273 0.747850 0.652915 0.739553
3 16 -21.537 -78.465 2.376 -21.751 -79.760 2.376 -10.587 -77.515 2.376 0.759058 0.757433 0.761305 0.769924 0.651273 0.747850
3 16 -20.323 -81.118 2.376 -10.587 -77.515 2.376 -21.751 -79.760 2.376 0.747118 0.783079 0.651273 0.747850 0.761305 0.769924
3 16 -20.323 -81.118 2.376 -9.864 -78.253 2.376 -10.587 -77.515 2.376 0.747118 0.783079 0.644047 0.755227 0.651273 0.747850
3 16 0.000 -92.389 2.376 -9.864 -78.253 2.376 -20.323 -81.118 2.376 0.545485 0.893539 0.644047 0.755227 0.747118 0.783079
3 16 0.000 -92.389 2.376 0.000 -83.520 2.376 -9.864 -78.253 2.376 0.545485 0.893539 0.545485 0.807856 0.644047 0.755227
3 16 -21.932 -78.337 3.006 -4.090 -47.942 2.714 -25.490 -78.400 2.874 0.509584 0.191730 0.685600 0.496546 0.473530 0.191112
3 16 -21.932 -78.337 3.006 -2.072 -50.152 3.006 -4.090 -47.942 2.714 0.509584 0.191730 0.707414 0.473943 0.685600 0.496546
3 16 -21.537 -78.465 2.376 -0.898 -62.501 2.376 -1.826 -50.302 2.376 0.759058 0.757433 0.554459 0.597832 0.563134 0.477476
3 16 -21.537 -78.465 2.376 -10.751 -76.684 2.376 -0.898 -62.501 2.376 0.759058 0.757433 0.652915 0.739553 0.554459 0.597832
3 16 -2.745 -12.984 2.929 -3.625 -19.783 2.024 -2.079 -19.099 3.594 0.422772 0.097076 0.408921 0.027330 0.430803 0.033384
3 16 -2.745 -12.984 2.929 -3.625 -11.453 2.024 -3.625 -19.783 2.024 0.422772 0.097076 0.410165 0.110817 0.408921 0.027330
3 16 -2.745 -12.984 2.929 3.859 -4.329 1.402 -3.859 -4.329 1.402 0.429015 0.286567 0.495000 0.374382 0.417940 0.374383
3 16 -2.745 -12.984 2.929 2.745 -12.984 2.929 3.859 -4.329 1.402 0.429015 0.286567 0.483925 0.286567 0.495000 0.374382
3 16 -3.859 -4.329 1.402 -3.625 -11.453 2.024 -2.745 -12.984 2.929 0.405371 0.180910 0.410165 0.110817 0.422772 0.097076
3 16 -1.244 -18.177 3.831 -2.745 -12.984 2.929 -2.079 -19.099 3.594 0.440740 0.041325 0.422772 0.097076 0.430803 0.033384
3 16 -1.985 -44.848 3.555 0.000 -19.128 4.096 -2.079 -19.099 3.594 0.029409 0.244478 0.009356 0.024141 0.030850 0.023744
3 16 -1.985 -44.848 3.555 0.000 -44.848 4.085 0.000 -19.128 4.096 0.029409 0.244478 0.009236 0.244197 0.009356 0.024141
3 16 -4.035 -11.453 0.000 -3.859 -4.329 1.402 -4.004 -4.328 0.000 0.389445 0.112748 0.405371 0.180910 0.390940 0.182966
3 16 -4.035 -11.453 0.000 -3.625 -11.453 2.024 -3.859 -4.329 1.402 0.389445 0.112748 0.410165 0.110817 0.405371 0.180910
3 16 -1.244 -18.177 3.831 0.000 -19.128 4.096 1.244 -18.177 3.831 0.444020 0.233915 0.456470 0.224060 0.468921 0.233915
3 16 -4.154 -19.783 0.000 -3.598 -44.848 2.075 -3.625 -19.783 2.024 0.073776 0.013023 0.052127 0.262813 0.052767 0.013022
3 16 -4.154 -19.783 0.000 -4.154 -44.848 0.000 -3.598 -44.848 2.075 0.073776 0.013023 0.073777 0.263022 0.052127 0.262813
3 16 -4.090 -47.942 2.714 -1.985 -44.848 3.555 -3.598 -44.848 2.075 0.046477 0.294377 0.029409 0.244478 0.052127 0.262813
3 16 -3.625 -19.783 2.024 -1.985 -44.848 3.555 -2.079 -19.099 3.594 0.052767 0.013022 0.029409 0.244478 0.030850 0.023744
3 16 -3.625 -19.783 2.024 -3.598 -44.848 2.075 -1.985 -44.848 3.555 0.052767 0.013022 0.052127 0.262813 0.029409 0.244478
3 16 -3.859 -4.329 1.402 3.946 0.000 0.622 -3.946 0.000 0.622 0.417940 0.374383 0.496039 0.418191 0.416901 0.418191
3 16 -3.859 -4.329 1.402 3.859 -4.329 1.402 3.946 0.000 0.622 0.417940 0.374383 0.495000 0.374382 0.496039 0.418191
3 16 -4.004 -4.328 0.000 -3.946 0.000 0.622 -3.940 0.000 0.000 0.390940 0.182966 0.397546 0.225890 0.386458 0.226336
3 16 -4.004 -4.328 0.000 -3.859 -4.329 1.402 -3.946 0.000 0.622 0.390940 0.182966 0.405371 0.180910 0.397546 0.225890
3 16 -3.940 0.000 0.000 3.946 0.000 0.622 3.940 0.000 0.000 0.566744 0.708619 0.560527 0.629816 0.566744 0.629877
3 16 -3.940 0.000 0.000 -3.946 0.000 0.622 3.946 0.000 0.622 0.566744 0.708619 0.560527 0.708680 0.560527 0.629816
3 16 -5.579 -11.482 1.964 -3.625 -19.783 2.024 -3.625 -11.453 2.024 0.666431 0.260268 0.682877 0.183880 0.681458 0.262137
3 16 -5.579 -11.482 1.964 -5.717 -19.752 1.964 -3.625 -19.783 2.024 0.666431 0.260268 0.663617 0.184741 0.682877 0.183880
3 16 -4.154 -19.783 0.000 -5.717 -19.752 1.964 -5.717 -19.752 0.000 0.550911 0.622848 0.534527 0.637948 0.534574 0.622925
3 16 -4.154 -19.783 0.000 -3.625 -19.783 2.024 -5.717 -19.752 1.964 0.550911 0.622848 0.551700 0.641549 0.534527 0.637948
3 16 -4.035 -11.453 0.000 -5.579 -11.482 1.964 -3.625 -11.453 2.024 0.619162 0.736093 0.633671 0.751816 0.616708 0.752106
3 16 -4.035 -11.453 0.000 -5.579 -11.482 0.000 -5.579 -11.482 1.964 0.619162 0.736093 0.634789 0.735514 0.633671 0.751816
3 16 -4.090 -47.942 2.714 -3.598 -44.848 2.075 -4.154 -44.848 0.000 0.046477 0.294377 0.052127 0.262813 0.073777 0.263022
3 16 5.579 -11.482 1.964 5.717 -19.752 0.000 5.579 -11.482 0.000 0.612707 0.693628 0.596609 0.770113 0.596620 0.690475
3 16 5.579 -11.482 1.964 5.717 -19.752 1.964 5.717 -19.752 0.000 0.612707 0.693628 0.612385 0.768146 0.596609 0.770113
3 16 1.985 -44.848 3.555 0.000 -47.662 3.516 4.090 -47.942 2.714 0.748684 0.527587 0.728228 0.499729 0.770820 0.496404
3 16 1.985 -44.848 3.555 0.000 -44.848 4.085 0.000 -47.662 3.516 0.748684 0.527587 0.728285 0.528154 0.728228 0.499729
3 16 0.000 -92.389 2.376 20.226 -81.661 3.006 20.323 -81.118 2.376 0.019737 0.896930 0.010520 0.677769 0.017856 0.673772
3 16 0.000 -92.389 2.376 0.000 -92.686 3.006 20.226 -81.661 3.006 0.019737 0.896930 0.018054 0.897555 0.010520 0.677769
3 16 20.323 -81.118 2.376 22.088 -80.133 3.006 21.751 -79.760 2.376 0.017856 0.673772 0.008986 0.655267 0.016540 0.653448
3 16 20.323 -81.118 2.376 20.226 -81.661 3.006 22.088 -80.133 3.006 0.017856 0.673772 0.010520 0.677769 0.008986 0.655267
3 16 21.751 -79.760 2.376 21.932 -78.337 3.006 21.537 -78.465 2.376 0.016540 0.653448 0.009718 0.640751 0.017158 0.639842
3 16 21.751 -79.760 2.376 22.088 -80.133 3.006 21.932 -78.337 3.006 0.016540 0.653448 0.008986 0.655267 0.009718 0.640751
3 16 21.537 -78.465 2.376 2.072 -50.152 3.006 1.826 -50.302 2.376 0.017158 0.639842 0.008600 0.289308 0.015611 0.289013
3 16 21.537 -78.465 2.376 21.932 -78.337 3.006 2.072 -50.152 3.006 0.017158 0.639842 0.009718 0.640751 0.008600 0.289308
3 16 0.000 -49.242 2.376 2.072 -50.152 3.006 0.000 -48.926 2.956 0.014213 0.274598 0.008600 0.289308 0.011903 0.275133
3 16 0.000 -49.242 2.376 1.826 -50.302 2.376 2.072 -50.152 3.006 0.014213 0.274598 0.015611 0.289013 0.008600 0.289308
3 16 25.895 -80.682 2.876 24.455 -82.570 -2.877 25.895 -80.682 -2.876 0.232750 0.690441 0.175383 0.714846 0.175616 0.690440
3 16 25.895 -80.682 2.876 24.455 -82.570 2.877 24.455 -82.570 -2.877 0.232750 0.690441 0.232983 0.714848 0.175383 0.714846
3 16 25.490 -78.400 2.874 25.895 -80.682 -2.876 25.490 -78.400 -2.874 0.232998 0.666595 0.175616 0.690440 0.175368 0.666596
3 16 25.490 -78.400 2.874 25.895 -80.682 2.876 25.895 -80.682 -2.876 0.232998 0.666595 0.232750 0.690441 0.175616 0.690440
3 16 24.455 -82.570 2.877 0.000 -95.692 -2.875 24.455 -82.570 -2.877 0.232983 0.714848 0.175331 0.992750 0.175383 0.714846
3 16 24.455 -82.570 2.877 0.000 -95.692 2.875 0.000 -95.692 -2.875 0.232983 0.714848 0.233003 0.992751 0.175331 0.992750
3 16 20.226 -81.661 3.006 0.000 -95.692 2.875 24.455 -82.570 2.877 0.930225 0.158596 0.727982 0.018094 0.972805 0.149222
3 16 20.226 -81.661 3.006 0.000 -92.686 3.006 0.000 -95.692 2.875 0.930225 0.158596 0.728088 0.048420 0.727982 0.018094
3 16 22.088 -80.133 3.006 24.455 -82.570 2.877 25.895 -80.682 2.876 0.948748 0.173890 0.972805 0.149222 0.987114 0.168286
3 16 22.088 -80.133 3.006 20.226 -81.661 3.006 24.455 -82.570 2.877 0.948748 0.173890 0.930225 0.158596 0.972805 0.149222
3 16 22.088 -80.133 3.006 25.490 -78.400 2.874 21.932 -78.337 3.006 0.948748 0.173890 0.983287 0.191221 0.947247 0.191760
3 16 22.088 -80.133 3.006 25.895 -80.682 2.876 25.490 -78.400 2.874 0.948748 0.173890 0.987114 0.168286 0.983287 0.191221
3 16 0.000 -47.662 3.516 2.072 -50.152 3.006 4.090 -47.942 2.714 0.728228 0.499729 0.748997 0.473792 0.770820 0.496404
3 16 0.000 -47.662 3.516 0.000 -48.926 2.956 2.072 -50.152 3.006 0.728228 0.499729 0.728201 0.486261 0.748997 0.473792
3 16 0.000 -62.154 2.376 1.826 -50.302 2.376 0.000 -49.242 2.376 0.545485 0.594359 0.527837 0.477476 0.545486 0.466026
3 16 0.000 -62.154 2.376 0.898 -62.501 2.376 1.826 -50.302 2.376 0.545485 0.594359 0.536512 0.597832 0.527837 0.477476
3 16 10.587 -77.515 2.376 21.537 -78.465 2.376 10.751 -76.684 2.376 0.439699 0.747850 0.331913 0.757433 0.438055 0.739553
3 16 10.587 -77.515 2.376 21.751 -79.760 2.376 21.537 -78.465 2.376 0.439699 0.747850 0.329666 0.769924 0.331913 0.757433
3 16 10.587 -77.515 2.376 20.323 -81.118 2.376 21.751 -79.760 2.376 0.439699 0.747850 0.343853 0.783079 0.329666 0.769924
3 16 10.587 -77.515 2.376 9.864 -78.253 2.376 20.323 -81.118 2.376 0.439699 0.747850 0.446924 0.755227 0.343853 0.783079
3 16 9.864 -78.253 2.376 0.000 -92.389 2.376 20.323 -81.118 2.376 0.446924 0.755227 0.545485 0.893539 0.343853 0.783079
3 16 9.864 -78.253 2.376 0.000 -83.520 2.376 0.000 -92.389 2.376 0.446924 0.755227 0.545485 0.807856 0.545485 0.893539
3 16 21.932 -78.337 3.006 4.090 -47.942 2.714 2.072 -50.152 3.006 0.947247 0.191760 0.770820 0.496404 0.748997 0.473792
3 16 21.932 -78.337 3.006 25.490 -78.400 2.874 4.090 -47.942 2.714 0.947247 0.191760 0.983287 0.191221 0.770820 0.496404
3 16 0.898 -62.501 2.376 21.537 -78.465 2.376 1.826 -50.302 2.376 0.536512 0.597832 0.331913 0.757433 0.527837 0.477476
3 16 0.898 -62.501 2.376 10.751 -76.684 2.376 21.537 -78.465 2.376 0.536512 0.597832 0.438055 0.739553 0.331913 0.757433
3 16 3.625 -19.783 2.024 2.745 -12.984 2.929 2.079 -19.099 3.594 0.838860 0.657873 0.854717 0.595244 0.860094 0.653716
3 16 3.625 -19.783 2.024 3.625 -11.453 2.024 2.745 -12.984 2.929 0.838860 0.657873 0.840961 0.575695 0.854717 0.595244
3 16 3.625 -11.453 2.024 3.859 -4.329 1.402 2.745 -12.984 2.929 0.840961 0.575695 0.833939 0.506185 0.854717 0.595244
3 16 2.745 -12.984 2.929 1.244 -18.177 3.831 2.079 -19.099 3.594 0.854717 0.595244 0.870452 0.646448 0.860094 0.653716
3 16 3.859 -4.329 1.402 4.035 -11.453 0.000 4.004 -4.328 0.000 0.833939 0.506185 0.820457 0.574569 0.819418 0.504382
3 16 3.859 -4.329 1.402 3.625 -11.453 2.024 4.035 -11.453 0.000 0.833939 0.506185 0.840961 0.575695 0.820457 0.574569
3 16 0.000 -19.128 4.096 1.985 -44.848 3.555 2.079 -19.099 3.594 0.268595 0.024472 0.248547 0.244810 0.247101 0.024075
3 16 0.000 -19.128 4.096 0.000 -44.848 4.085 1.985 -44.848 3.555 0.268595 0.024472 0.268721 0.244528 0.248547 0.244810
3 16 3.598 -44.848 2.075 4.154 -19.783 0.000 3.625 -19.783 2.024 0.225829 0.263145 0.204175 0.013354 0.225184 0.013353
3 16 3.598 -44.848 2.075 4.154 -44.848 0.000 4.154 -19.783 0.000 0.225829 0.263145 0.204180 0.263354 0.204175 0.013354
3 16 1.985 -44.848 3.555 4.090 -47.942 2.714 3.598 -44.848 2.075 0.248547 0.244810 0.231479 0.294709 0.225829 0.263145
3 16 1.985 -44.848 3.555 3.625 -19.783 2.024 2.079 -19.099 3.594 0.248547 0.244810 0.225184 0.013353 0.247101 0.024075
3 16 1.985 -44.848 3.555 3.598 -44.848 2.075 3.625 -19.783 2.024 0.248547 0.244810 0.225829 0.263145 0.225184 0.013353
3 16 10.587 -77.515 2.376 10.751 -76.684 -2.376 10.587 -77.515 -2.376 0.318978 0.460069 0.271116 0.468178 0.271260 0.459682
3 16 10.587 -77.515 2.376 10.751 -76.684 2.376 10.751 -76.684 -2.376 0.318978 0.460069 0.318991 0.468553 0.271116 0.468178
3 16 9.864 -78.253 2.376 10.587 -77.515 -2.376 9.864 -78.253 -2.376 0.319013 0.449715 0.271260 0.459682 0.271400 0.449307
3 16 9.864 -78.253 2.376 10.587 -77.515 2.376 10.587 -77.515 -2.376 0.319013 0.449715 0.318978 0.460069 0.271260 0.459682
3 16 0.000 -83.520 2.376 9.864 -78.253 -2.376 0.000 -83.520 -2.376 0.319601 0.337626 0.271400 0.449307 0.271841 0.337280
3 16 0.000 -83.520 2.376 9.864 -78.253 2.376 9.864 -78.253 -2.376 0.319601 0.337626 0.319013 0.449715 0.271400 0.449307
3 16 0.898 -62.501 2.376 0.000 -62.154 -2.376 0.898 -62.501 -2.376 0.315746 0.643202 0.275564 0.652837 0.272060 0.643279
3 16 0.898 -62.501 2.376 0.000 -62.154 2.376 0.000 -62.154 -2.376 0.315746 0.643202 0.312209 0.652760 0.275564 0.652837
3 16 10.751 -76.684 2.376 0.898 -62.501 -2.376 10.751 -76.684 -2.376 0.318991 0.468553 0.272060 0.643279 0.271116 0.468178
3 16 10.751 -76.684 2.376 0.898 -62.501 2.376 0.898 -62.501 -2.376 0.318991 0.468553 0.315746 0.643202 0.272060 0.643279
3 16 4.090 -47.942 2.714 25.490 -78.400 -2.874 4.090 -47.942 -2.714 0.231479 0.294709 0.175368 0.666596 0.176881 0.294709
3 16 4.090 -47.942 2.714 25.490 -78.400 2.874 25.490 -78.400 -2.874 0.231479 0.294709 0.232998 0.666595 0.175368 0.666596
3 16 3.946 0.000 0.622 4.004 -4.328 0.000 3.940 0.000 0.000 0.825875 0.461025 0.819418 0.504382 0.819760 0.460911
3 16 3.946 0.000 0.622 3.859 -4.329 1.402 4.004 -4.328 0.000 0.825875 0.461025 0.833939 0.506185 0.819418 0.504382
3 16 3.625 -19.783 2.024 5.579 -11.482 1.964 3.625 -11.453 2.024 0.492799 0.768982 0.479216 0.691103 0.494580 0.691267
3 16 3.625 -19.783 2.024 5.717 -19.752 1.964 5.579 -11.482 1.964 0.492799 0.768982 0.476919 0.767156 0.479216 0.691103
3 16 5.717 -19.752 1.964 4.154 -19.783 0.000 5.717 -19.752 0.000 0.504625 0.748043 0.520754 0.763188 0.504417 0.763266
3 16 5.717 -19.752 1.964 3.625 -19.783 2.024 4.154 -19.783 0.000 0.504625 0.748043 0.521392 0.744626 0.520754 0.763188
3 16 5.579 -11.482 1.964 4.035 -11.453 0.000 3.625 -11.453 2.024 0.473385 0.722564 0.458796 0.738970 0.456323 0.721796
3 16 5.579 -11.482 1.964 5.579 -11.482 0.000 4.035 -11.453 0.000 0.473385 0.722564 0.474304 0.738672 0.458796 0.738970
3 16 -4.090 -47.942 2.714 -4.154 -44.848 0.000 -4.090 -47.942 -2.714 0.046477 0.294377 0.073777 0.263022 0.101075 0.294377
3 16 -4.154 -44.848 0.000 -3.598 -44.848 -2.075 -4.090 -47.942 -2.714 0.073777 0.263022 0.095426 0.262813 0.101075 0.294377
3 16 4.154 -44.848 0.000 4.090 -47.942 2.714 4.090 -47.942 -2.714 0.204180 0.263354 0.231479 0.294709 0.176881 0.294709
3 16 4.154 -44.848 0.000 3.598 -44.848 2.075 4.090 -47.942 2.714 0.204180 0.263354 0.225829 0.263145 0.231479 0.294709
3 16 -2.079 -19.099 -3.594 -1.244 -18.177 -3.832 0.000 -19.158 -4.096 0.349039 0.034100 0.338974 0.041810 0.327953 0.029643
3 16 0.000 -19.158 -4.096 1.244 -18.177 -3.832 2.079 -19.099 -3.594 0.757672 0.657962 0.768800 0.645930 0.778764 0.653778
3 16 2.079 -19.099 3.594 1.244 -18.177 3.831 0.000 -19.128 4.096 0.860094 0.653716 0.870452 0.646448 0.880428 0.658427
3 16 -1.244 -18.177 3.831 -2.079 -19.099 3.594 0.000 -19.128 4.096 0.440740 0.041325 0.430803 0.033384 0.451315 0.029969
3 16 2.745 -12.984 -2.929 -1.244 -18.177 -3.832 -2.745 -12.984 -2.929 0.396742 0.369947 0.356836 0.422599 0.341832 0.369947
3 16 2.745 -12.984 -2.929 1.244 -18.177 -3.832 -1.244 -18.177 -3.832 0.396742 0.369947 0.381737 0.422599 0.356836 0.422599
3 16 -1.244 -18.177 3.831 2.745 -12.984 2.929 -2.745 -12.984 2.929 0.444020 0.233915 0.483925 0.286567 0.429015 0.286567
3 16 -1.244 -18.177 3.831 1.244 -18.177 3.831 2.745 -12.984 2.929 0.444020 0.233915 0.468921 0.233915 0.483925 0.286567
2 24 5.579 -11.482 -1.964 5.579 -11.482 1.964
2 24 21.751 -79.760 2.376 20.323 -81.118 2.376
2 24 -21.537 -78.465 -2.376 -21.751 -79.760 -2.376
2 24 4.035 -11.453 0.000 3.625 -11.453 -2.024
2 24 -3.859 -4.329 1.402 -3.946 0.000 0.622
2 24 10.587 -77.515 2.376 9.864 -78.253 2.376
2 24 -5.579 -11.482 -1.964 -5.579 -11.482 1.964
2 24 5.717 -19.752 -1.964 3.625 -19.783 -2.024
2 24 -21.932 -78.337 3.006 -22.088 -80.133 3.006
2 24 4.154 -19.783 0.000 3.625 -19.783 2.024
2 24 -5.717 -19.752 -1.964 -5.717 -19.752 1.964
2 24 -10.587 -77.515 -2.376 -10.751 -76.684 -2.376
2 24 -5.579 -11.482 -1.964 -5.717 -19.752 -1.964
2 24 -3.946 0.000 -0.622 -3.940 0.000 0.000
2 24 -3.940 0.000 0.000 -3.946 0.000 0.622
2 24 9.864 -78.253 2.376 0.000 -83.520 2.376
2 24 21.751 -79.760 -2.376 21.537 -78.465 -2.376
2 24 25.895 -80.682 2.876 24.455 -82.570 2.877
2 24 0.000 -92.389 -2.376 -20.323 -81.118 -2.376
2 24 0.000 -92.686 -3.007 -20.226 -81.661 -3.007
2 24 -25.895 -80.682 -2.876 -25.895 -80.682 2.876
2 24 0.000 -92.389 -2.376 0.000 -92.686 -3.007
2 24 -24.455 -82.570 -2.877 -25.895 -80.682 -2.876
2 24 -20.323 -81.118 -2.376 -21.751 -79.760 -2.376
2 24 -20.226 -81.661 -3.007 -22.088 -80.133 -3.007
2 24 -3.625 -11.453 -2.024 -4.035 -11.453 0.000
2 24 -3.625 -11.453 2.024 -4.035 -11.453 0.000
2 24 -21.932 -78.337 -3.007 -22.088 -80.133 -3.007
2 24 -0.898 -62.501 -2.376 -10.751 -76.684 -2.376
2 24 -1.826 -50.302 -2.376 -21.537 -78.465 -2.376
2 24 -4.090 -47.942 -2.714 -25.490 -78.400 -2.874
2 24 -2.072 -50.152 -3.007 -21.932 -78.337 -3.007
2 24 21.751 -79.760 2.376 21.537 -78.465 2.376
2 24 5.717 -19.752 -1.964 5.579 -11.482 -1.964
2 24 0.000 -48.926 -2.956 0.000 -49.242 -2.376
2 24 -3.625 -19.783 -2.024 -5.717 -19.752 -1.964
2 24 0.000 -49.242 2.376 -1.826 -50.302 2.376
2 24 0.000 -49.242 -2.376 -1.826 -50.302 -2.376
2 24 -3.625 -11.453 2.024 -5.579 -11.482 1.964
2 24 22.088 -80.133 3.006 20.226 -81.661 3.006
2 24 5.579 -11.482 1.964 3.625 -11.453 2.024
2 24 4.154 -19.783 0.000 3.625 -19.783 -2.024
2 24 -24.455 -82.570 2.877 -25.895 -80.682 2.876
2 24 -20.323 -81.118 2.376 -21.751 -79.760 2.376
2 24 -25.490 -78.400 -2.874 -25.895 -80.682 -2.876
2 24 -25.490 -78.400 2.874 -25.895 -80.682 2.876
2 24 0.000 -95.692 -2.875 -24.455 -82.570 -2.877
2 24 0.000 -95.692 2.875 -24.455 -82.570 2.877
2 24 0.000 -95.692 -2.875 0.000 -95.692 2.875
2 24 25.895 -80.682 -2.876 25.895 -80.682 2.876
2 24 -0.898 -62.501 2.376 -10.751 -76.684 2.376
2 24 10.751 -76.684 2.376 0.898 -62.501 2.376
2 24 -3.859 -4.329 -1.402 -3.946 0.000 -0.622
2 24 0.000 -62.154 -2.376 -0.898 -62.501 -2.376
2 24 0.000 -48.926 2.956 0.000 -49.242 2.376
2 24 -9.864 -78.253 -2.376 -10.587 -77.515 -2.376
2 24 0.000 -83.520 -2.376 -9.864 -78.253 -2.376
2 24 -5.579 -11.482 1.964 -5.717 -19.752 1.964
2 24 -4.090 -47.942 2.714 -25.490 -78.400 2.874
2 24 10.587 -77.515 -2.376 9.864 -78.253 -2.376
2 24 -2.072 -50.152 3.006 -21.932 -78.337 3.006
2 24 3.946 0.000 0.622 3.859 -4.329 1.402
2 24 3.946 0.000 -0.622 3.859 -4.329 -1.402
2 24 22.088 -80.133 -3.007 20.226 -81.661 -3.007
2 24 3.946 0.000 -0.622 3.940 0.000 0.000
2 24 -1.826 -50.302 2.376 -21.537 -78.465 2.376
2 24 3.940 0.000 0.000 3.946 0.000 0.622
2 24 5.717 -19.752 1.964 5.579 -11.482 1.964
2 24 -3.625 -19.783 -2.024 -4.154 -19.783 0.000
2 24 -3.625 -19.783 2.024 -4.154 -19.783 0.000
2 24 -3.625 -19.783 2.024 -5.717 -19.752 1.964
2 24 10.751 -76.684 -2.376 0.898 -62.501 -2.376
2 24 -10.587 -77.515 2.376 -10.751 -76.684 2.376
2 24 20.226 -81.661 -3.007 0.000 -92.686 -3.007
2 24 25.490 -78.400 -2.874 4.090 -47.942 -2.714
2 24 -10.751 -76.684 -2.376 -10.751 -76.684 2.376
2 24 -9.864 -78.253 2.376 -10.587 -77.515 2.376
2 24 0.000 -83.520 -2.376 0.000 -83.520 2.376
2 24 0.000 -83.520 2.376 -9.864 -78.253 2.376
2 24 0.000 -62.154 2.376 -0.898 -62.501 2.376
2 24 20.226 -81.661 3.006 0.000 -92.686 3.006
2 24 10.751 -76.684 2.376 10.587 -77.515 2.376
2 24 25.895 -80.682 -2.876 25.490 -78.400 -2.874
2 24 -3.625 -11.453 -2.024 -5.579 -11.482 -1.964
2 24 5.579 -11.482 -1.964 3.625 -11.453 -2.024
2 24 5.717 -19.752 -1.964 5.717 -19.752 1.964
2 24 0.000 -92.389 2.376 0.000 -92.686 3.006
2 24 21.932 -78.337 3.006 2.072 -50.152 3.006
2 24 20.323 -81.118 -2.376 0.000 -92.389 -2.376
2 24 21.751 -79.760 -2.376 20.323 -81.118 -2.376
2 24 3.946 0.000 0.622 -3.946 0.000 0.622
2 24 1.826 -50.302 -2.376 0.000 -49.242 -2.376
2 24 22.088 -80.133 -3.007 21.932 -78.337 -3.007
2 24 21.932 -78.337 -3.007 2.072 -50.152 -3.007
2 24 24.455 -82.570 -2.877 0.000 -95.692 -2.875
2 24 21.537 -78.465 -2.376 1.826 -50.302 -2.376
2 24 20.323 -81.118 2.376 0.000 -92.389 2.376
2 24 25.895 -80.682 -2.876 24.455 -82.570 -2.877
2 24 22.088 -80.133 3.006 21.932 -78.337 3.006
2 24 0.898 -62.501 -2.376 0.000 -62.154 -2.376
2 24 10.751 -76.684 -2.376 10.587 -77.515 -2.376
2 24 9.864 -78.253 -2.376 0.000 -83.520 -2.376
2 24 10.751 -76.684 -2.376 10.751 -76.684 2.376
2 24 3.946 0.000 -0.622 -3.946 0.000 -0.622
2 24 4.035 -11.453 0.000 3.625 -11.453 2.024
2 24 -21.537 -78.465 2.376 -21.751 -79.760 2.376
2 24 0.000 -92.686 3.006 -20.226 -81.661 3.006
2 24 0.000 -92.389 2.376 -20.323 -81.118 2.376
2 24 -20.226 -81.661 3.006 -22.088 -80.133 3.006
2 24 5.717 -19.752 1.964 3.625 -19.783 2.024
2 24 1.826 -50.302 2.376 0.000 -49.242 2.376
2 24 24.455 -82.570 2.877 0.000 -95.692 2.875
2 24 21.537 -78.465 2.376 1.826 -50.302 2.376
2 24 25.895 -80.682 2.876 25.490 -78.400 2.874
2 24 0.898 -62.501 2.376 0.000 -62.154 2.376
2 24 25.490 -78.400 2.874 4.090 -47.942 2.714
