0 FILE bl_75513.dat
0 MINI TAIL, NO. 13
0 Name:  bl_75513.dat
0 Author:  
0 BFC CERTIFY CCW
3 16 -18.313 -1.935 1.017 -20.510 -4.935 1.488 -20.510 -1.935 1.488 0.042377 0.686534 0.017668 0.668027 0.042377 0.668027
3 16 -18.313 -1.935 1.017 -18.313 -4.935 1.017 -20.510 -4.935 1.488 0.042377 0.686534 0.017668 0.686534 0.017668 0.668027
3 16 -17.095 -1.935 -0.454 -18.313 -4.935 1.017 -18.313 -1.935 1.017 0.042377 0.329192 0.017668 0.313466 0.042377 0.313466
3 16 -17.095 -1.935 -0.454 -17.095 -4.935 -0.454 -18.313 -4.935 1.017 0.042377 0.329192 0.017668 0.329192 0.017668 0.313466
3 16 -16.760 -1.935 -2.262 -17.095 -4.935 -0.454 -17.095 -1.935 -0.454 0.042377 0.344342 0.017668 0.329192 0.042377 0.329192
3 16 -16.760 -1.935 -2.262 -16.760 -4.935 -2.262 -17.095 -4.935 -0.454 0.042377 0.344342 0.017668 0.344342 0.017668 0.329192
3 16 -16.760 -1.935 -2.262 -16.760 -4.935 -7.887 -16.760 -4.935 -2.262 0.042377 0.344342 0.017668 0.390671 0.017668 0.344342
3 16 -16.760 -1.935 -2.262 -16.760 -1.935 -7.887 -16.760 -4.935 -7.887 0.042377 0.344342 0.042377 0.390671 0.017668 0.390671
3 16 -17.095 -1.935 -9.696 -16.760 -4.935 -7.887 -16.760 -1.935 -7.887 0.042376 0.405822 0.017668 0.390671 0.042377 0.390671
3 16 -17.095 -1.935 -9.696 -17.095 -4.935 -9.696 -16.760 -4.935 -7.887 0.042376 0.405822 0.017668 0.405822 0.017668 0.390671
3 16 -18.313 -1.935 -11.189 -17.095 -4.935 -9.696 -17.095 -1.935 -9.696 0.042377 0.421688 0.017668 0.405822 0.042376 0.405822
3 16 -18.313 -1.935 -11.189 -18.313 -4.935 -11.189 -17.095 -4.935 -9.696 0.042377 0.421688 0.017668 0.421688 0.017668 0.405822
3 16 -20.510 -1.935 -11.637 -18.313 -4.935 -11.189 -18.313 -1.935 -11.189 0.042376 0.440158 0.017668 0.421688 0.042377 0.421688
3 16 -20.510 -1.935 -11.637 -20.510 -4.935 -11.637 -18.313 -4.935 -11.189 0.042376 0.440158 0.017668 0.440158 0.017668 0.421688
3 16 -25.510 -1.935 -11.637 -20.510 -4.935 -11.637 -20.510 -1.935 -11.637 0.042376 0.481339 0.017668 0.440158 0.042376 0.440158
3 16 -25.510 -1.935 -11.637 -25.510 -4.935 -11.637 -20.510 -4.935 -11.637 0.042376 0.481339 0.017668 0.481339 0.017668 0.440158
3 16 -27.733 -1.935 -11.189 -25.510 -4.935 -11.637 -25.510 -1.935 -11.637 0.042377 0.500018 0.017668 0.481339 0.042376 0.481339
3 16 -27.733 -1.935 -11.189 -27.733 -4.935 -11.189 -25.510 -4.935 -11.637 0.042377 0.500018 0.017668 0.500018 0.017668 0.481339
3 16 -28.946 -1.935 -9.696 -27.733 -4.935 -11.189 -27.733 -1.935 -11.189 0.042376 0.515860 0.017668 0.500018 0.042377 0.500018
3 16 -28.946 -1.935 -9.696 -28.946 -4.935 -9.696 -27.733 -4.935 -11.189 0.042376 0.515860 0.017668 0.515860 0.017668 0.500018
3 16 -29.260 -1.935 -7.887 -28.946 -4.935 -9.696 -28.946 -1.935 -9.696 0.042377 0.530980 0.017668 0.515860 0.042376 0.515860
3 16 -29.260 -1.935 -7.887 -29.260 -4.935 -7.887 -28.946 -4.935 -9.696 0.042377 0.530980 0.017668 0.530980 0.017668 0.515860
3 16 -20.510 -1.935 1.488 -25.510 -4.935 1.488 -25.510 -1.935 1.488 0.042377 0.668027 0.017668 0.626846 0.042377 0.626846
3 16 -20.510 -1.935 1.488 -20.510 -4.935 1.488 -25.510 -4.935 1.488 0.042377 0.668027 0.017668 0.668027 0.017668 0.626846
3 16 -29.260 -1.935 -2.262 -29.260 -4.935 -7.887 -29.260 -1.935 -7.887 0.042377 0.577308 0.017668 0.530980 0.042377 0.530980
3 16 -29.260 -1.935 -2.262 -29.260 -4.935 -2.262 -29.260 -4.935 -7.887 0.042377 0.577308 0.017668 0.577308 0.017668 0.530980
3 16 -28.946 -1.935 -0.454 -29.260 -4.935 -2.262 -29.260 -1.935 -2.262 0.042376 0.592428 0.017668 0.577308 0.042377 0.577308
3 16 -28.946 -1.935 -0.454 -28.946 -4.935 -0.454 -29.260 -4.935 -2.262 0.042376 0.592428 0.017668 0.592428 0.017668 0.577308
3 16 -27.733 -1.935 1.017 -28.946 -4.935 -0.454 -28.946 -1.935 -0.454 0.042377 0.608130 0.017668 0.592428 0.042376 0.592428
3 16 -27.733 -1.935 1.017 -27.733 -4.935 1.017 -28.946 -4.935 -0.454 0.042377 0.608130 0.017668 0.608130 0.017668 0.592428
3 16 -25.510 -1.935 1.488 -27.733 -4.935 1.017 -27.733 -1.935 1.017 0.042377 0.626846 0.017668 0.608130 0.042377 0.608130
3 16 -25.510 -1.935 1.488 -25.510 -4.935 1.488 -27.733 -4.935 1.017 0.042377 0.626846 0.017668 0.626846 0.017668 0.608130
3 16 -5.510 -1.935 1.488 -7.707 -4.935 1.017 -7.707 -1.935 1.017 0.082329 0.331973 0.057620 0.313466 0.082329 0.313466
3 16 -5.510 -1.935 1.488 -5.510 -4.935 1.488 -7.707 -4.935 1.017 0.082329 0.331973 0.057620 0.331973 0.057620 0.313466
3 16 -7.707 -1.935 1.017 -8.924 -4.935 -0.454 -8.924 -1.935 -0.454 0.082332 0.686534 0.057623 0.670808 0.082332 0.670808
3 16 -7.707 -1.935 1.017 -7.707 -4.935 1.017 -8.924 -4.935 -0.454 0.082332 0.686534 0.057623 0.686534 0.057623 0.670808
3 16 -8.924 -1.935 -0.454 -9.260 -4.935 -2.262 -9.260 -1.935 -2.262 0.082332 0.670808 0.057623 0.655658 0.082332 0.655658
3 16 -8.924 -1.935 -0.454 -8.924 -4.935 -0.454 -9.260 -4.935 -2.262 0.082332 0.670808 0.057623 0.670808 0.057623 0.655658
3 16 -9.260 -1.935 -2.262 -9.260 -4.935 -7.887 -9.260 -1.935 -7.887 0.082332 0.655658 0.057622 0.609329 0.082331 0.609328
3 16 -9.260 -1.935 -2.262 -9.260 -4.935 -2.262 -9.260 -4.935 -7.887 0.082332 0.655658 0.057623 0.655658 0.057622 0.609329
3 16 -9.260 -1.935 -7.887 -8.924 -4.935 -9.696 -8.924 -1.935 -9.696 0.082331 0.609328 0.057623 0.594178 0.082331 0.594178
3 16 -9.260 -1.935 -7.887 -9.260 -4.935 -7.887 -8.924 -4.935 -9.696 0.082331 0.609328 0.057622 0.609329 0.057623 0.594178
3 16 -8.924 -1.935 -9.696 -7.707 -4.935 -11.189 -7.707 -1.935 -11.189 0.082331 0.594178 0.057622 0.578312 0.082331 0.578312
3 16 -8.924 -1.935 -9.696 -8.924 -4.935 -9.696 -7.707 -4.935 -11.189 0.082331 0.594178 0.057623 0.594178 0.057622 0.578312
3 16 -7.707 -1.935 -11.189 -5.510 -4.935 -11.637 -5.510 -1.935 -11.637 0.082331 0.578312 0.057622 0.559842 0.082331 0.559842
3 16 -7.707 -1.935 -11.189 -7.707 -4.935 -11.189 -5.510 -4.935 -11.637 0.082331 0.578312 0.057622 0.578312 0.057622 0.559842
3 16 -5.510 -1.935 -11.637 -0.510 -4.935 -11.637 -0.510 -1.935 -11.637 0.082331 0.559842 0.057622 0.518661 0.082331 0.518661
3 16 -5.510 -1.935 -11.637 -5.510 -4.935 -11.637 -0.510 -4.935 -11.637 0.082331 0.559842 0.057622 0.559842 0.057622 0.518661
3 16 -0.510 -1.935 -11.637 1.713 -4.935 -11.189 1.713 -1.935 -11.189 0.082331 0.518661 0.057622 0.499982 0.082330 0.499982
3 16 -0.510 -1.935 -11.637 -0.510 -4.935 -11.637 1.713 -4.935 -11.189 0.082331 0.518661 0.057622 0.518661 0.057622 0.499982
3 16 1.713 -1.935 -11.189 2.926 -4.935 -9.696 2.926 -1.935 -9.696 0.082330 0.499982 0.057622 0.484140 0.082330 0.484140
3 16 1.713 -1.935 -11.189 1.713 -4.935 -11.189 2.926 -4.935 -9.696 0.082330 0.499982 0.057622 0.499982 0.057622 0.484140
3 16 3.240 -1.935 -7.887 2.926 -4.935 -9.696 3.240 -4.935 -7.887 0.082330 0.469020 0.057622 0.484140 0.057621 0.469021
3 16 3.240 -1.935 -7.887 2.926 -1.935 -9.696 2.926 -4.935 -9.696 0.082330 0.469020 0.082330 0.484140 0.057622 0.484140
3 16 -0.510 -4.935 1.488 -5.510 -1.935 1.488 -0.510 -1.935 1.488 0.057620 0.373154 0.082329 0.331973 0.082330 0.373154
3 16 -0.510 -4.935 1.488 -5.510 -4.935 1.488 -5.510 -1.935 1.488 0.057620 0.373154 0.057620 0.331973 0.082329 0.331973
3 16 3.240 -1.935 -7.887 3.240 -4.935 -2.262 3.240 -1.935 -2.262 0.082330 0.469020 0.057621 0.422691 0.082330 0.422691
3 16 3.240 -1.935 -7.887 3.240 -4.935 -7.887 3.240 -4.935 -2.262 0.082330 0.469020 0.057621 0.469021 0.057621 0.422691
3 16 3.240 -1.935 -2.262 2.926 -4.935 -0.454 2.926 -1.935 -0.454 0.082330 0.422691 0.057621 0.407572 0.082330 0.407572
3 16 3.240 -1.935 -2.262 3.240 -4.935 -2.262 2.926 -4.935 -0.454 0.082330 0.422691 0.057621 0.422691 0.057621 0.407572
3 16 2.926 -1.935 -0.454 1.713 -4.935 1.017 1.713 -1.935 1.017 0.082330 0.407572 0.057621 0.391870 0.082330 0.391870
3 16 2.926 -1.935 -0.454 2.926 -4.935 -0.454 1.713 -4.935 1.017 0.082330 0.407572 0.057621 0.407572 0.057621 0.391870
3 16 1.713 -1.935 1.017 -0.510 -4.935 1.488 -0.510 -1.935 1.488 0.082330 0.391870 0.057620 0.373154 0.082330 0.373154
3 16 1.713 -1.935 1.017 1.713 -4.935 1.017 -0.510 -4.935 1.488 0.082330 0.391870 0.057621 0.391870 0.057620 0.373154
3 16 5.812 -9.723 12.093 11.350 -8.024 12.230 8.191 -5.714 12.039 0.720092 0.081865 0.674505 0.067751 0.700606 0.048781
3 16 5.812 -9.723 12.093 8.044 -11.602 12.346 11.350 -8.024 12.230 0.720092 0.081865 0.701597 0.097352 0.674505 0.067751
3 16 9.560 -14.461 12.604 15.323 -17.107 13.036 14.193 -12.144 12.637 0.688987 0.120925 0.641363 0.142668 0.650895 0.101716
3 16 9.560 -14.461 12.604 10.153 -18.023 12.866 15.323 -17.107 13.036 0.688987 0.120925 0.683948 0.150315 0.641363 0.142668
3 16 8.918 -22.485 13.036 12.816 -26.195 13.494 14.414 -21.884 13.347 0.693976 0.187128 0.661674 0.217709 0.648648 0.182136
3 16 8.918 -22.485 13.036 6.881 -27.160 13.105 12.816 -26.195 13.494 0.693976 0.187128 0.710653 0.225675 0.661674 0.217709
3 16 5.497 -32.181 13.256 10.937 -34.874 13.922 11.122 -30.459 13.678 0.721926 0.267081 0.676831 0.289341 0.675465 0.252923
3 16 5.497 -32.181 13.256 6.473 -38.092 13.624 10.937 -34.874 13.922 0.721926 0.267081 0.713687 0.315824 0.676831 0.289341
3 16 6.473 -38.092 13.624 13.347 -37.950 14.294 10.937 -34.874 13.922 0.713687 0.315824 0.656804 0.314722 0.676831 0.289341
3 16 6.473 -38.092 13.624 10.662 -42.145 14.251 13.347 -37.950 14.294 0.713687 0.315824 0.678891 0.349297 0.656804 0.314722
3 16 13.347 -37.950 14.294 16.990 -43.846 14.696 16.990 -38.624 14.615 0.656804 0.314722 0.626642 0.363299 0.626688 0.320286
3 16 13.347 -37.950 14.294 10.662 -42.145 14.251 16.990 -43.846 14.696 0.656804 0.314722 0.678891 0.349297 0.626642 0.363299
3 16 19.881 -37.541 14.663 27.120 -38.035 15.125 22.411 -34.875 14.653 0.602887 0.311344 0.543142 0.315428 0.582083 0.289354
3 16 19.881 -37.541 14.663 22.949 -42.556 14.948 27.120 -38.035 15.125 0.602887 0.311344 0.577529 0.352660 0.543142 0.315428
3 16 22.411 -34.875 14.653 28.652 -32.017 14.832 23.180 -30.733 14.365 0.582083 0.289354 0.530684 0.265770 0.575904 0.255132
3 16 22.411 -34.875 14.653 27.120 -38.035 15.125 28.652 -32.017 14.832 0.582083 0.289354 0.543142 0.315428 0.530684 0.265770
3 16 23.180 -30.733 14.365 27.815 -27.553 14.347 25.570 -26.146 14.225 0.575904 0.255132 0.537777 0.228833 0.556308 0.217275
3 16 23.180 -30.733 14.365 28.652 -32.017 14.832 27.815 -27.553 14.347 0.575904 0.255132 0.530684 0.265770 0.537777 0.228833
3 16 6.473 -38.092 13.624 3.851 -33.330 11.777 5.418 -39.827 12.142 0.772537 0.723440 0.749892 0.681949 0.792258 0.717161
3 16 6.473 -38.092 13.624 5.497 -32.181 13.256 3.851 -33.330 11.777 0.772537 0.723440 0.733081 0.693720 0.749892 0.681949
3 16 5.935 -39.827 7.235 3.851 -33.330 11.777 3.909 -33.422 6.945 0.899524 0.474961 0.867907 0.415294 0.907418 0.420163
3 16 5.935 -39.827 7.235 5.418 -39.827 12.142 3.851 -33.330 11.777 0.899524 0.474961 0.859230 0.469712 0.867907 0.415294
3 16 12.904 -33.555 12.687 11.122 -30.459 13.678 10.937 -34.874 13.922 0.735325 0.756918 0.721982 0.729486 0.754423 0.746027
3 16 12.904 -33.555 12.687 13.043 -30.089 12.402 11.122 -30.459 13.678 0.735325 0.756918 0.709646 0.744223 0.721982 0.729486
3 16 13.043 -30.089 12.402 12.904 -33.555 6.981 13.179 -30.056 6.870 0.974094 0.908454 0.927702 0.934086 0.928638 0.905186
3 16 13.043 -30.089 12.402 12.904 -33.555 12.687 12.904 -33.555 6.981 0.974094 0.908454 0.974595 0.937111 0.927702 0.934086
3 16 12.904 -33.555 6.981 10.914 -30.559 4.959 13.179 -30.056 6.870 0.302349 0.826654 0.305487 0.792691 0.325176 0.807540
3 16 12.904 -33.555 6.981 10.978 -34.873 5.128 10.914 -30.559 4.959 0.302349 0.826654 0.280357 0.815577 0.305487 0.792691
3 16 6.891 -38.356 5.357 3.909 -33.422 6.945 5.454 -32.492 5.191 0.178567 0.737375 0.201638 0.693885 0.217789 0.706842
3 16 6.891 -38.356 5.357 5.935 -39.827 7.235 3.909 -33.422 6.945 0.178567 0.737375 0.159044 0.729218 0.201638 0.693885
3 16 5.454 -32.492 5.191 10.978 -34.873 5.128 6.891 -38.356 5.357 0.247176 0.319635 0.227694 0.365295 0.198862 0.331527
3 16 5.454 -32.492 5.191 10.914 -30.559 4.959 10.978 -34.873 5.128 0.247176 0.319635 0.263264 0.364632 0.227694 0.365295
3 16 12.904 -33.555 12.687 14.608 -35.561 7.012 12.904 -33.555 6.981 0.974595 0.937111 0.926559 0.955737 0.927702 0.934086
3 16 12.904 -33.555 12.687 14.608 -35.562 12.891 14.608 -35.561 7.012 0.974595 0.937111 0.974876 0.958858 0.926559 0.955737
3 16 10.937 -34.874 13.922 14.608 -35.562 12.891 12.904 -33.555 12.687 0.754423 0.746027 0.744866 0.776443 0.735325 0.756918
3 16 10.937 -34.874 13.922 13.347 -37.950 14.294 14.608 -35.562 12.891 0.754423 0.746027 0.769824 0.774430 0.744866 0.776443
3 16 10.978 -34.873 5.128 14.608 -35.561 7.012 13.347 -37.950 5.156 0.280357 0.815577 0.293769 0.847045 0.266891 0.843252
3 16 10.978 -34.873 5.128 12.904 -33.555 6.981 14.608 -35.561 7.012 0.280357 0.815577 0.302349 0.826654 0.293769 0.847045
3 16 6.891 -38.356 5.357 13.347 -37.950 5.156 10.823 -42.223 5.590 0.198862 0.331527 0.202337 0.384825 0.166845 0.363841
3 16 6.891 -38.356 5.357 10.978 -34.873 5.128 13.347 -37.950 5.156 0.198862 0.331527 0.227694 0.365295 0.202337 0.384825
3 16 10.823 -42.223 5.590 5.935 -39.827 7.235 6.891 -38.356 5.357 0.154308 0.775800 0.159044 0.729218 0.178567 0.737375
3 16 10.823 -42.223 5.590 10.196 -43.731 7.455 5.935 -39.827 7.235 0.154308 0.775800 0.134700 0.770134 0.159044 0.729218
3 16 10.196 -43.731 7.455 5.418 -39.827 12.142 5.935 -39.827 7.235 0.895243 0.522390 0.859230 0.469712 0.899524 0.474961
3 16 10.196 -43.731 7.455 9.936 -43.997 12.543 5.418 -39.827 12.142 0.895243 0.522390 0.853285 0.520100 0.859230 0.469712
3 16 10.662 -42.145 14.251 5.418 -39.827 12.142 9.936 -43.997 12.543 0.792308 0.767463 0.792258 0.717161 0.813464 0.763222
3 16 10.662 -42.145 14.251 6.473 -38.092 13.624 5.418 -39.827 12.142 0.792308 0.767463 0.772537 0.723440 0.792258 0.717161
3 16 10.662 -42.145 14.251 16.990 -45.638 12.952 16.990 -43.846 14.696 0.792308 0.767463 0.816574 0.822840 0.796041 0.821410
3 16 10.662 -42.145 14.251 9.936 -43.997 12.543 16.990 -45.638 12.952 0.792308 0.767463 0.813464 0.763222 0.816574 0.822840
3 16 16.990 -45.638 7.488 9.936 -43.997 12.543 10.196 -43.731 7.455 0.893868 0.580477 0.853285 0.520100 0.895243 0.522390
3 16 16.990 -45.638 7.488 16.990 -45.638 12.952 9.936 -43.997 12.543 0.893868 0.580477 0.848873 0.579669 0.853285 0.520100
3 16 16.990 -43.846 5.612 10.196 -43.731 7.455 10.823 -42.223 5.590 0.144186 0.827311 0.134700 0.770134 0.154308 0.775800
3 16 16.990 -43.846 5.612 16.990 -45.638 7.488 10.196 -43.731 7.455 0.144186 0.827311 0.122833 0.827005 0.134700 0.770134
3 16 10.823 -42.223 5.590 16.990 -39.084 5.187 16.990 -43.846 5.612 0.166845 0.363841 0.192873 0.414811 0.153379 0.414635
3 16 10.823 -42.223 5.590 13.347 -37.950 5.156 16.990 -39.084 5.187 0.166845 0.363841 0.202337 0.384825 0.192873 0.414811
3 16 16.990 -36.165 6.996 13.347 -37.950 5.156 14.608 -35.561 7.012 0.294442 0.867564 0.266891 0.843252 0.293769 0.847045
3 16 16.990 -36.165 6.996 16.990 -39.084 5.187 13.347 -37.950 5.156 0.294442 0.867564 0.266296 0.873549 0.266891 0.843252
3 16 14.608 -35.562 12.891 16.990 -36.165 6.996 14.608 -35.561 7.012 0.974876 0.958858 0.925124 0.975920 0.926559 0.955737
3 16 14.608 -35.562 12.891 16.990 -36.165 13.015 16.990 -36.165 6.996 0.974876 0.958858 0.974589 0.979115 0.925124 0.975920
3 16 16.990 -38.624 14.615 14.608 -35.562 12.891 13.347 -37.950 14.294 0.765408 0.804710 0.744866 0.776443 0.769824 0.774430
3 16 16.990 -38.624 14.615 16.990 -36.165 13.015 14.608 -35.562 12.891 0.765408 0.804710 0.742681 0.796564 0.744866 0.776443
3 16 19.137 -35.751 13.080 22.411 -34.875 14.653 20.843 -34.009 12.940 0.734203 0.812436 0.725115 0.841804 0.717125 0.823033
3 16 19.137 -35.751 13.080 19.881 -37.541 14.663 22.411 -34.875 14.653 0.734203 0.812436 0.750380 0.825186 0.725115 0.841804
3 16 19.140 -35.758 6.946 20.843 -34.009 12.940 20.964 -34.011 6.949 0.895150 0.962302 0.845756 0.942268 0.895096 0.941504
3 16 19.140 -35.758 6.946 19.137 -35.751 13.080 20.843 -34.009 12.940 0.895150 0.962302 0.844632 0.962349 0.845756 0.942268
3 16 19.140 -35.758 6.946 22.963 -35.222 5.327 20.408 -37.857 5.296 0.300022 0.884938 0.300944 0.919594 0.280031 0.898981
3 16 19.140 -35.758 6.946 20.964 -34.011 6.949 22.963 -35.222 5.327 0.300022 0.884938 0.314407 0.900378 0.300944 0.919594
3 16 27.287 -37.670 5.449 20.408 -37.857 5.296 22.963 -35.222 5.327 0.203793 0.499759 0.202759 0.443064 0.224277 0.464292
3 16 27.287 -37.670 5.449 22.337 -42.327 5.583 20.408 -37.857 5.296 0.203793 0.499759 0.165689 0.458745 0.202759 0.443064
3 16 22.337 -42.327 5.583 28.799 -38.964 7.560 23.133 -44.352 7.517 0.152439 0.872316 0.161881 0.933729 0.129225 0.878271
3 16 22.337 -42.327 5.583 27.287 -37.670 5.449 28.799 -38.964 7.560 0.152439 0.872316 0.181515 0.920137 0.161881 0.933729
3 16 28.742 -39.065 13.206 23.133 -44.352 7.517 28.799 -38.964 7.560 0.844991 0.694980 0.892699 0.632147 0.891471 0.696526
3 16 28.742 -39.065 13.206 23.144 -44.397 13.205 23.133 -44.352 7.517 0.844991 0.694980 0.845860 0.631318 0.892699 0.632147
3 16 28.742 -39.065 13.206 22.949 -42.556 14.948 23.144 -44.397 13.205 0.768171 0.925478 0.783596 0.870079 0.804307 0.873081
3 16 28.742 -39.065 13.206 27.120 -38.035 15.125 22.949 -42.556 14.948 0.768171 0.925478 0.752204 0.909833 0.783596 0.870079
3 16 28.742 -39.065 13.206 28.652 -32.017 14.832 27.120 -38.035 15.125 0.768171 0.925478 0.710185 0.939040 0.752204 0.909833
3 16 28.742 -39.065 13.206 30.428 -31.817 12.934 28.652 -32.017 14.832 0.768171 0.925478 0.717081 0.959363 0.710185 0.939040
3 16 30.428 -31.817 12.934 28.799 -38.964 7.560 30.510 -31.818 7.247 0.846398 0.756281 0.891471 0.696526 0.893228 0.757066
3 16 30.428 -31.817 12.934 28.742 -39.065 13.206 28.799 -38.964 7.560 0.846398 0.756281 0.844991 0.694980 0.891471 0.696526
3 16 27.287 -37.670 5.449 30.510 -31.818 7.247 28.799 -38.964 7.560 0.181515 0.920137 0.211297 0.968687 0.161881 0.933729
3 16 27.287 -37.670 5.449 28.967 -31.613 5.382 30.510 -31.818 7.247 0.181515 0.920137 0.222313 0.951995 0.211297 0.968687
3 16 23.843 -30.681 5.286 20.964 -34.011 6.949 21.711 -30.187 7.004 0.335387 0.933201 0.314407 0.900378 0.344748 0.912373
3 16 23.843 -30.681 5.286 22.963 -35.222 5.327 20.964 -34.011 6.949 0.335387 0.933201 0.300944 0.919594 0.314407 0.900378
3 16 23.180 -30.733 14.365 20.843 -34.009 12.940 22.411 -34.875 14.653 0.690653 0.846148 0.717125 0.823033 0.725115 0.841804
3 16 23.180 -30.733 14.365 21.361 -30.151 12.201 20.843 -34.009 12.940 0.690653 0.846148 0.684502 0.823214 0.717125 0.823033
3 16 20.964 -34.011 6.949 21.361 -30.151 12.201 21.711 -30.187 7.004 0.895096 0.941504 0.851400 0.910139 0.894293 0.909431
3 16 20.964 -34.011 6.949 20.843 -34.009 12.940 21.361 -30.151 12.201 0.895096 0.941504 0.845756 0.942268 0.851400 0.910139
3 16 23.249 -27.002 13.984 21.361 -30.151 12.201 23.180 -30.733 14.365 0.659786 0.846003 0.684502 0.823214 0.690653 0.846148
3 16 23.249 -27.002 13.984 21.817 -26.207 11.784 21.361 -30.151 12.201 0.659786 0.846003 0.651678 0.824995 0.684502 0.823214
3 16 21.711 -30.187 7.004 21.817 -26.207 11.784 22.012 -26.105 7.117 0.894293 0.909431 0.854301 0.877397 0.892751 0.875742
3 16 21.711 -30.187 7.004 21.361 -30.151 12.201 21.817 -26.207 11.784 0.894293 0.909431 0.851400 0.910139 0.854301 0.877397
3 16 21.711 -30.187 7.004 24.062 -26.865 5.218 23.843 -30.681 5.286 0.344748 0.912373 0.364788 0.943258 0.335387 0.933201
3 16 21.711 -30.187 7.004 22.012 -26.105 7.117 24.062 -26.865 5.218 0.344748 0.912373 0.377099 0.923035 0.364788 0.943258
3 16 28.816 -26.051 6.955 28.967 -31.613 5.382 27.073 -26.346 5.342 0.258839 0.982538 0.222313 0.951995 0.266654 0.964450
3 16 28.816 -26.051 6.955 30.510 -31.818 7.247 28.967 -31.613 5.382 0.258839 0.982538 0.211297 0.968687 0.222313 0.951995
3 16 28.910 -25.999 12.212 30.510 -31.818 7.247 28.816 -26.051 6.955 0.851314 0.805909 0.893228 0.757066 0.894611 0.806605
3 16 28.910 -25.999 12.212 30.428 -31.817 12.934 30.510 -31.818 7.247 0.851314 0.805909 0.846398 0.756281 0.893228 0.757066
3 16 30.428 -31.817 12.934 27.815 -27.553 14.347 28.652 -32.017 14.832 0.717081 0.959363 0.674916 0.952050 0.710185 0.939040
3 16 30.428 -31.817 12.934 28.910 -25.999 12.212 27.815 -27.553 14.347 0.717081 0.959363 0.669754 0.975009 0.674916 0.952050
3 16 6.889 -22.766 11.422 6.881 -27.160 13.105 8.918 -22.485 13.036 0.663090 0.655236 0.692213 0.680768 0.650970 0.672956
3 16 6.889 -22.766 11.422 4.707 -27.639 11.526 6.881 -27.160 13.105 0.663090 0.655236 0.706318 0.663272 0.692213 0.680768
3 16 4.707 -27.639 11.526 6.849 -22.972 6.734 4.674 -27.761 6.828 0.874961 0.368391 0.918668 0.330496 0.913329 0.373496
3 16 4.707 -27.639 11.526 6.889 -22.766 11.422 6.849 -22.972 6.734 0.874961 0.368391 0.880447 0.324755 0.918668 0.330496
3 16 6.849 -22.972 6.734 6.580 -27.297 5.143 4.674 -27.761 6.828 0.286997 0.665792 0.258584 0.691041 0.244662 0.674940
3 16 6.849 -22.972 6.734 9.077 -22.458 4.903 6.580 -27.297 5.143 0.286997 0.665792 0.302892 0.683925 0.258584 0.691041
3 16 9.077 -22.458 4.903 12.513 -26.134 4.979 6.580 -27.297 5.143 0.329926 0.349249 0.299753 0.377676 0.289997 0.328746
3 16 9.077 -22.458 4.903 14.312 -21.907 4.979 12.513 -26.134 4.979 0.329926 0.349249 0.334620 0.392364 0.299753 0.377676
3 16 14.312 -21.907 4.979 14.793 -25.906 6.884 12.513 -26.134 4.979 0.367640 0.752052 0.357112 0.787407 0.337294 0.773171
3 16 14.312 -21.907 4.979 16.153 -21.807 6.852 14.793 -25.906 6.884 0.367640 0.752052 0.385170 0.764545 0.357112 0.787407
3 16 16.253 -21.879 11.865 14.793 -25.906 6.884 16.153 -21.807 6.852 0.973768 0.835660 0.930841 0.868578 0.932553 0.833053
3 16 16.253 -21.879 11.865 14.891 -25.896 12.137 14.793 -25.906 6.884 0.973768 0.835660 0.974054 0.870659 0.930841 0.868578
3 16 14.891 -25.896 12.137 14.414 -21.884 13.347 12.816 -26.195 13.494 0.672383 0.738036 0.648113 0.713223 0.684980 0.721801
3 16 14.891 -25.896 12.137 16.253 -21.879 11.865 14.414 -21.884 13.347 0.672383 0.738036 0.638341 0.730024 0.648113 0.713223
3 16 14.193 -12.144 12.637 16.836 -16.939 11.613 15.509 -11.685 11.162 0.576362 0.675142 0.600594 0.714046 0.564793 0.687196
3 16 14.193 -12.144 12.637 15.323 -17.107 13.036 16.836 -16.939 11.613 0.576362 0.675142 0.610292 0.699905 0.600594 0.714046
3 16 15.509 -11.685 11.162 16.759 -16.838 6.782 15.472 -11.610 6.584 0.972121 0.749887 0.934089 0.791852 0.934490 0.747485
3 16 15.509 -11.685 11.162 16.836 -16.939 11.613 16.759 -16.838 6.782 0.972121 0.749887 0.973785 0.794638 0.934089 0.791852
3 16 8.150 -15.883 11.019 10.153 -18.023 12.866 9.560 -14.461 12.604 0.609218 0.633474 0.614604 0.661489 0.590794 0.643578
3 16 8.150 -15.883 11.019 8.256 -18.717 11.198 10.153 -18.023 12.866 0.609218 0.633474 0.629200 0.645619 0.614604 0.661489
3 16 8.373 -18.864 6.723 8.150 -15.883 11.019 8.335 -16.081 6.640 0.922552 0.294628 0.889600 0.266829 0.925380 0.271870
3 16 8.373 -18.864 6.723 8.256 -18.717 11.198 8.150 -15.883 11.019 0.922552 0.294628 0.885964 0.289945 0.889600 0.266829
3 16 8.335 -16.081 6.640 10.506 -17.815 4.889 8.373 -18.864 6.723 0.341543 0.644510 0.340920 0.671542 0.321705 0.656001
3 16 8.335 -16.081 6.640 10.069 -14.423 4.976 10.506 -17.815 4.889 0.341543 0.644510 0.363380 0.654553 0.340920 0.671542
3 16 15.472 -11.610 6.584 15.057 -16.957 5.018 13.980 -12.230 5.086 0.430405 0.692720 0.395081 0.721702 0.413492 0.686139
3 16 15.472 -11.610 6.584 16.759 -16.838 6.782 15.057 -16.957 5.018 0.430405 0.692720 0.411890 0.732852 0.395081 0.721702
3 16 9.560 -14.461 12.604 7.164 -13.600 10.775 8.150 -15.883 11.019 0.590794 0.643578 0.595450 0.618194 0.609218 0.633474
3 16 9.560 -14.461 12.604 8.044 -11.602 12.346 7.164 -13.600 10.775 0.590794 0.643578 0.573828 0.622935 0.595450 0.618194
3 16 8.150 -15.883 11.019 7.279 -13.702 6.764 8.335 -16.081 6.640 0.889600 0.266829 0.926111 0.250418 0.925380 0.271870
3 16 8.150 -15.883 11.019 7.164 -13.600 10.775 7.279 -13.702 6.764 0.889600 0.266829 0.893280 0.246583 0.926111 0.250418
3 16 7.279 -13.702 6.764 10.069 -14.423 4.976 8.335 -16.081 6.640 0.355101 0.627881 0.363380 0.654553 0.341543 0.644510
3 16 7.279 -13.702 6.764 8.503 -11.654 5.139 10.069 -14.423 4.976 0.355101 0.627881 0.378303 0.632993 0.363380 0.654553
3 16 8.503 -11.654 5.139 13.980 -12.230 5.086 10.069 -14.423 4.976 0.418891 0.344142 0.414326 0.389417 0.396130 0.357175
3 16 8.503 -11.654 5.139 11.314 -8.443 5.157 13.980 -12.230 5.086 0.418891 0.344142 0.445487 0.367412 0.414326 0.389417
3 16 13.980 -12.230 5.086 12.435 -7.357 6.092 15.472 -11.610 6.584 0.413492 0.686139 0.437259 0.650780 0.430405 0.692720
3 16 13.980 -12.230 5.086 11.314 -8.443 5.157 12.435 -7.357 6.092 0.413492 0.686139 0.422667 0.648494 0.437259 0.650780
3 16 12.439 -7.042 10.722 15.472 -11.610 6.584 12.435 -7.357 6.092 0.970613 0.703938 0.934490 0.747485 0.932391 0.704313
3 16 12.439 -7.042 10.722 15.509 -11.685 11.162 15.472 -11.610 6.584 0.970613 0.703938 0.972121 0.749887 0.934490 0.747485
3 16 15.509 -11.685 11.162 11.350 -8.024 12.230 14.193 -12.144 12.637 0.564793 0.687196 0.550275 0.643087 0.576362 0.675142
3 16 15.509 -11.685 11.162 12.439 -7.042 10.722 11.350 -8.024 12.230 0.564793 0.687196 0.535377 0.651904 0.550275 0.643087
3 16 8.044 -11.602 12.346 14.193 -12.144 12.637 11.350 -8.024 12.230 0.701597 0.097352 0.650895 0.101716 0.674505 0.067751
3 16 8.044 -11.602 12.346 9.560 -14.461 12.604 14.193 -12.144 12.637 0.701597 0.097352 0.688987 0.120925 0.650895 0.101716
3 16 12.816 -26.195 13.494 13.043 -30.089 12.402 14.891 -25.896 12.137 0.684980 0.721801 0.709646 0.744223 0.672383 0.738036
3 16 12.816 -26.195 13.494 11.122 -30.459 13.678 13.043 -30.089 12.402 0.684980 0.721801 0.721982 0.729486 0.709646 0.744223
3 16 14.891 -25.896 12.137 13.179 -30.056 6.870 14.793 -25.906 6.884 0.974054 0.870659 0.928638 0.905186 0.930841 0.868578
3 16 14.891 -25.896 12.137 13.043 -30.089 12.402 13.179 -30.056 6.870 0.974054 0.870659 0.974094 0.908454 0.928638 0.905186
3 16 12.513 -26.134 4.979 13.179 -30.056 6.870 10.914 -30.559 4.959 0.337294 0.773171 0.325176 0.807540 0.305487 0.792691
3 16 12.513 -26.134 4.979 14.793 -25.906 6.884 13.179 -30.056 6.870 0.337294 0.773171 0.357112 0.787407 0.325176 0.807540
3 16 4.674 -27.761 6.828 5.454 -32.492 5.191 3.909 -33.422 6.945 0.244662 0.674940 0.217789 0.706842 0.201638 0.693885
3 16 4.674 -27.761 6.828 6.580 -27.297 5.143 5.454 -32.492 5.191 0.244662 0.674940 0.258584 0.691041 0.217789 0.706842
3 16 3.909 -33.422 6.945 4.707 -27.639 11.526 4.674 -27.761 6.828 0.907418 0.420163 0.874961 0.368391 0.913329 0.373496
3 16 3.909 -33.422 6.945 3.851 -33.330 11.777 4.707 -27.639 11.526 0.907418 0.420163 0.867907 0.415294 0.874961 0.368391
3 16 4.707 -27.639 11.526 5.497 -32.181 13.256 6.881 -27.160 13.105 0.706318 0.663272 0.733081 0.693720 0.692213 0.680768
3 16 4.707 -27.639 11.526 3.851 -33.330 11.777 5.497 -32.181 13.256 0.706318 0.663272 0.749892 0.681949 0.733081 0.693720
3 16 6.881 -27.160 13.105 11.122 -30.459 13.678 12.816 -26.195 13.494 0.710653 0.225675 0.675465 0.252923 0.661674 0.217709
3 16 6.881 -27.160 13.105 5.497 -32.181 13.256 11.122 -30.459 13.678 0.710653 0.225675 0.721926 0.267081 0.675465 0.252923
3 16 5.672 -11.708 10.543 8.044 -11.602 12.346 5.812 -9.723 12.093 0.585167 0.601137 0.573828 0.622935 0.564417 0.600754
3 16 5.672 -11.708 10.543 7.164 -13.600 10.775 8.044 -11.602 12.346 0.585167 0.601137 0.595450 0.618194 0.573828 0.622935
3 16 7.279 -13.702 6.764 5.672 -11.708 10.543 5.845 -11.774 6.665 0.926111 0.250418 0.896744 0.226948 0.928483 0.230760
3 16 7.279 -13.702 6.764 7.164 -13.600 10.775 5.672 -11.708 10.543 0.926111 0.250418 0.893280 0.246583 0.896744 0.226948
3 16 5.845 -11.774 6.665 8.503 -11.654 5.139 7.279 -13.702 6.764 0.365642 0.611131 0.378303 0.632993 0.355101 0.627881
3 16 5.845 -11.774 6.665 6.592 -9.745 5.024 8.503 -11.654 5.139 0.365642 0.611131 0.387915 0.612920 0.378303 0.632993
3 16 8.191 -5.714 12.039 12.439 -7.042 10.722 8.984 -4.107 10.355 0.536926 0.613740 0.535377 0.651904 0.517413 0.619073
3 16 8.191 -5.714 12.039 11.350 -8.024 12.230 12.439 -7.042 10.722 0.536926 0.613740 0.550275 0.643087 0.535377 0.651904
3 16 8.984 -4.107 10.355 12.435 -7.357 6.092 8.813 -4.022 5.617 0.968858 0.666532 0.932391 0.704313 0.929910 0.663653
3 16 8.984 -4.107 10.355 12.439 -7.042 10.722 12.435 -7.357 6.092 0.968858 0.666532 0.970613 0.703938 0.932391 0.704313
3 16 7.963 -5.578 4.979 12.435 -7.357 6.092 11.314 -8.443 5.157 0.426337 0.611485 0.437259 0.650780 0.422667 0.648494
3 16 7.963 -5.578 4.979 8.813 -4.022 5.617 12.435 -7.357 6.092 0.426337 0.611485 0.441824 0.611366 0.437259 0.650780
3 16 -0.181 -2.676 11.300 -5.312 -6.694 11.030 -0.944 -7.351 11.444 0.769839 0.023798 0.812124 0.056943 0.775983 0.062337
3 16 -0.181 -2.676 11.300 -4.941 -2.135 10.899 -5.312 -6.694 11.030 0.769839 0.023798 0.809191 0.019363 0.812124 0.056943
3 16 -4.285 -0.500 9.449 -0.181 -2.676 11.300 0.767 -1.097 9.777 0.498021 0.506860 0.519184 0.542160 0.500652 0.548737
3 16 -4.285 -0.500 9.449 -4.941 -2.135 10.899 -0.181 -2.676 11.300 0.498021 0.506860 0.516321 0.502678 0.519184 0.542160
3 16 -0.944 -7.351 11.444 -5.264 -8.234 9.895 -0.902 -8.942 10.169 0.556289 0.541990 0.572225 0.506963 0.573014 0.543406
3 16 -0.944 -7.351 11.444 -5.312 -6.694 11.030 -5.264 -8.234 9.895 0.556289 0.541990 0.556551 0.505462 0.572225 0.506963
3 16 -0.902 -8.942 10.169 -5.015 -8.330 6.532 -0.581 -9.065 6.536 0.904018 0.168127 0.936353 0.136113 0.933665 0.173037
3 16 -0.902 -8.942 10.169 -5.264 -8.234 9.895 -5.015 -8.330 6.532 0.904018 0.168127 0.908879 0.131991 0.936353 0.136113
3 16 -5.015 -8.330 6.532 -0.383 -7.672 4.979 -0.581 -9.065 6.536 0.371416 0.517077 0.390511 0.552889 0.373269 0.554031
3 16 -5.015 -8.330 6.532 -5.063 -7.100 4.979 -0.383 -7.672 4.979 0.371416 0.517077 0.387477 0.514196 0.390511 0.552889
3 16 -9.726 -6.645 4.979 -12.643 -7.387 6.493 -13.010 -6.407 4.979 0.383907 0.475787 0.366792 0.453960 0.381031 0.448860
3 16 -9.726 -6.645 4.979 -8.921 -7.901 6.528 -12.643 -7.387 6.493 0.383907 0.475787 0.368687 0.484839 0.366792 0.453960
3 16 -9.726 -6.645 4.979 -5.510 -4.935 4.979 -5.063 -7.100 4.979 0.460294 0.194062 0.474348 0.228798 0.456521 0.232466
3 16 -9.726 -6.645 4.979 -10.516 -4.935 4.979 -5.510 -4.935 4.979 0.460294 0.194062 0.474377 0.187568 0.474348 0.228798
3 16 -13.350 -2.068 9.991 -9.079 -0.331 9.040 -13.378 -0.723 8.431 0.515555 0.432988 0.497390 0.467236 0.498692 0.431305
3 16 -13.350 -2.068 9.991 -9.204 -1.929 10.504 -9.079 -0.331 9.040 0.515555 0.432988 0.515252 0.467413 0.497390 0.467236
3 16 -12.446 -0.293 4.979 -9.079 -0.331 9.040 -8.223 0.000 4.979 0.935495 0.482144 0.966666 0.512435 0.932668 0.516896
3 16 -12.446 -0.293 4.979 -13.378 -0.723 8.431 -9.079 -0.331 9.040 0.935495 0.482144 0.964655 0.476481 0.966666 0.512435
3 16 -9.204 -1.929 10.504 -13.190 -5.798 10.194 -9.293 -6.285 10.591 0.844457 0.017676 0.877380 0.049566 0.845107 0.053581
3 16 -9.204 -1.929 10.504 -13.350 -2.068 9.991 -13.190 -5.798 10.194 0.844457 0.017676 0.878888 0.018792 0.877380 0.049566
3 16 25.058 -23.918 7.284 28.910 -25.999 12.212 28.816 -26.051 6.955 0.891464 0.843589 0.851314 0.805909 0.894611 0.806605
3 16 25.058 -23.918 7.284 24.951 -23.852 11.900 28.910 -25.999 12.212 0.891464 0.843589 0.853441 0.844038 0.851314 0.805909
3 16 22.337 -42.327 5.583 16.990 -39.084 5.187 20.408 -37.857 5.296 0.165689 0.458745 0.192873 0.414811 0.202759 0.443064
3 16 22.337 -42.327 5.583 16.990 -43.846 5.612 16.990 -39.084 5.187 0.165689 0.458745 0.153379 0.414635 0.192873 0.414811
3 16 16.990 -36.165 6.996 20.408 -37.857 5.296 16.990 -39.084 5.187 0.294442 0.867564 0.280031 0.898981 0.266296 0.873549
3 16 16.990 -36.165 6.996 19.140 -35.758 6.946 20.408 -37.857 5.296 0.294442 0.867564 0.300022 0.884938 0.280031 0.898981
3 16 16.990 -36.165 13.015 19.140 -35.758 6.946 16.990 -36.165 6.996 0.845178 0.980354 0.895150 0.962302 0.894746 0.980320
3 16 16.990 -36.165 13.015 19.137 -35.751 13.080 19.140 -35.758 6.946 0.845178 0.980354 0.844632 0.962349 0.895150 0.962302
3 16 16.990 -36.165 13.015 19.881 -37.541 14.663 19.137 -35.751 13.080 0.742681 0.796564 0.750380 0.825186 0.734203 0.812436
3 16 16.990 -36.165 13.015 16.990 -38.624 14.615 19.881 -37.541 14.663 0.742681 0.796564 0.765408 0.804710 0.750380 0.825186
3 16 16.990 -43.846 14.696 19.881 -37.541 14.663 16.990 -38.624 14.615 0.626642 0.363299 0.602887 0.311344 0.626688 0.320286
3 16 16.990 -43.846 14.696 22.949 -42.556 14.948 19.881 -37.541 14.663 0.626642 0.363299 0.577529 0.352660 0.602887 0.311344
3 16 23.144 -44.397 13.205 16.990 -43.846 14.696 16.990 -45.638 12.952 0.804307 0.873081 0.796041 0.821410 0.816574 0.822840
3 16 23.144 -44.397 13.205 22.949 -42.556 14.948 16.990 -43.846 14.696 0.804307 0.873081 0.783596 0.870079 0.796041 0.821410
3 16 23.133 -44.352 7.517 16.990 -45.638 12.952 16.990 -45.638 7.488 0.892699 0.632147 0.848873 0.579669 0.893868 0.580477
3 16 23.133 -44.352 7.517 23.144 -44.397 13.205 16.990 -45.638 12.952 0.892699 0.632147 0.845860 0.631318 0.848873 0.579669
3 16 23.133 -44.352 7.517 16.990 -43.846 5.612 22.337 -42.327 5.583 0.129225 0.878271 0.144186 0.827311 0.152439 0.872316
3 16 23.133 -44.352 7.517 16.990 -45.638 7.488 16.990 -43.846 5.612 0.129225 0.878271 0.122833 0.827005 0.144186 0.827311
3 16 28.910 -25.999 12.212 25.570 -26.146 14.225 27.815 -27.553 14.347 0.622058 0.882190 0.646899 0.861823 0.645543 0.883593
3 16 28.910 -25.999 12.212 24.951 -23.852 11.900 25.570 -26.146 14.225 0.622058 0.882190 0.625472 0.844646 0.646899 0.861823
3 16 23.249 -27.002 13.984 24.951 -23.852 11.900 21.817 -26.207 11.784 0.659786 0.846003 0.625472 0.844646 0.651678 0.824995
3 16 23.249 -27.002 13.984 25.570 -26.146 14.225 24.951 -23.852 11.900 0.659786 0.846003 0.646899 0.861823 0.625472 0.844646
3 16 24.062 -26.865 5.218 25.058 -23.918 7.284 25.479 -26.244 5.255 0.364788 0.943258 0.394933 0.949003 0.369981 0.954862
3 16 24.062 -26.865 5.218 22.012 -26.105 7.117 25.058 -23.918 7.284 0.364788 0.943258 0.377099 0.923035 0.394933 0.949003
3 16 25.058 -23.918 7.284 21.817 -26.207 11.784 24.951 -23.852 11.900 0.891464 0.843589 0.854301 0.877397 0.853441 0.844038
3 16 25.058 -23.918 7.284 22.012 -26.105 7.117 21.817 -26.207 11.784 0.891464 0.843589 0.892751 0.875742 0.854301 0.877397
3 16 8.918 -22.485 13.036 8.256 -18.717 11.198 6.889 -22.766 11.422 0.650970 0.672956 0.629200 0.645619 0.663090 0.655236
3 16 8.918 -22.485 13.036 10.153 -18.023 12.866 8.256 -18.717 11.198 0.650970 0.672956 0.614604 0.661489 0.629200 0.645619
3 16 6.889 -22.766 11.422 8.373 -18.864 6.723 6.849 -22.972 6.734 0.880447 0.324755 0.922552 0.294628 0.918668 0.330496
3 16 6.889 -22.766 11.422 8.256 -18.717 11.198 8.373 -18.864 6.723 0.880447 0.324755 0.885964 0.289945 0.922552 0.294628
3 16 8.373 -18.864 6.723 9.077 -22.458 4.903 6.849 -22.972 6.734 0.321705 0.656001 0.302892 0.683925 0.286997 0.665792
3 16 8.373 -18.864 6.723 10.506 -17.815 4.889 9.077 -22.458 4.903 0.321705 0.656001 0.340920 0.671542 0.302892 0.683925
3 16 15.057 -16.957 5.018 16.153 -21.807 6.852 14.312 -21.907 4.979 0.395081 0.721702 0.385170 0.764545 0.367640 0.752052
3 16 15.057 -16.957 5.018 16.759 -16.838 6.782 16.153 -21.807 6.852 0.395081 0.721702 0.411890 0.732852 0.385170 0.764545
3 16 16.836 -16.939 11.613 16.153 -21.807 6.852 16.759 -16.838 6.782 0.973785 0.794638 0.932553 0.833053 0.934089 0.791852
3 16 16.836 -16.939 11.613 16.253 -21.879 11.865 16.153 -21.807 6.852 0.973785 0.794638 0.973768 0.835660 0.932553 0.833053
3 16 16.253 -21.879 11.865 15.323 -17.107 13.036 14.414 -21.884 13.347 0.638341 0.730024 0.610292 0.699905 0.648113 0.713223
3 16 16.253 -21.879 11.865 16.836 -16.939 11.613 15.323 -17.107 13.036 0.638341 0.730024 0.600594 0.714046 0.610292 0.699905
3 16 10.153 -18.023 12.866 14.414 -21.884 13.347 15.323 -17.107 13.036 0.683948 0.150315 0.648648 0.182136 0.641363 0.142668
3 16 10.153 -18.023 12.866 8.918 -22.485 13.036 14.414 -21.884 13.347 0.683948 0.150315 0.693976 0.187128 0.648648 0.182136
3 16 5.812 -9.723 12.093 2.683 -10.106 10.368 5.672 -11.708 10.543 0.564417 0.600754 0.577241 0.574219 0.585167 0.601137
3 16 5.812 -9.723 12.093 2.653 -8.326 11.786 2.683 -10.106 10.368 0.564417 0.600754 0.558825 0.572716 0.577241 0.574219
3 16 5.672 -11.708 10.543 2.911 -10.171 6.584 5.845 -11.774 6.665 0.896744 0.226948 0.931141 0.203158 0.928483 0.230760
3 16 5.672 -11.708 10.543 2.683 -10.106 10.368 2.911 -10.171 6.584 0.896744 0.226948 0.900211 0.199029 0.931141 0.203158
3 16 2.911 -10.171 6.584 6.592 -9.745 5.024 5.845 -11.774 6.665 0.371790 0.584205 0.387915 0.612920 0.365642 0.611131
3 16 2.911 -10.171 6.584 3.396 -8.443 4.979 6.592 -9.745 5.024 0.371790 0.584205 0.391321 0.584645 0.387915 0.612920
3 16 5.002 -2.197 10.060 8.813 -4.022 5.617 5.002 -1.960 5.289 0.967683 0.630154 0.929910 0.663653 0.928425 0.627898
3 16 5.002 -2.197 10.060 8.984 -4.107 10.355 8.813 -4.022 5.617 0.967683 0.630154 0.968858 0.666532 0.929910 0.663653
3 16 8.984 -4.107 10.355 4.324 -3.993 11.687 8.191 -5.714 12.039 0.517413 0.619073 0.526214 0.580776 0.536926 0.613740
3 16 8.984 -4.107 10.355 5.002 -2.197 10.060 4.324 -3.993 11.687 0.517413 0.619073 0.507149 0.584190 0.526214 0.580776
3 16 4.324 -3.993 11.687 5.812 -9.723 12.093 8.191 -5.714 12.039 0.732593 0.034627 0.720092 0.081865 0.700606 0.048781
3 16 4.324 -3.993 11.687 2.653 -8.326 11.786 5.812 -9.723 12.093 0.732593 0.034627 0.746103 0.069990 0.720092 0.081865
3 16 -12.389 -7.244 9.175 -9.293 -6.285 10.591 -13.190 -5.798 10.194 0.573381 0.447438 0.558321 0.472369 0.559296 0.439889
3 16 -12.389 -7.244 9.175 -8.991 -7.789 9.587 -9.293 -6.285 10.591 0.573381 0.447438 0.572974 0.475970 0.558321 0.472369
3 16 -8.921 -7.901 6.528 -12.389 -7.244 9.175 -12.643 -7.387 6.493 0.938720 0.103820 0.918828 0.073279 0.941256 0.072917
3 16 -8.921 -7.901 6.528 -8.991 -7.789 9.587 -12.389 -7.244 9.175 0.938720 0.103820 0.913613 0.101351 0.918828 0.073279
3 16 -13.190 -5.798 10.194 -14.959 -6.636 7.551 -12.389 -7.244 9.175 0.072257 0.916729 0.044470 0.916194 0.066116 0.902037
3 16 -13.190 -5.798 10.194 -15.772 -5.396 8.139 -14.959 -6.636 7.551 0.072257 0.916729 0.048746 0.928521 0.044470 0.916194
3 16 -15.772 -5.396 8.139 -16.400 -5.682 4.979 -14.959 -6.636 7.551 0.048746 0.928521 0.022437 0.930163 0.044470 0.916194
3 16 -15.772 -5.396 8.139 -17.182 -4.935 4.979 -16.400 -5.682 4.979 0.048746 0.928521 0.021645 0.939104 0.022437 0.930163
3 16 -16.079 -1.825 7.581 -15.297 -0.722 4.979 -17.045 -1.935 4.979 0.050210 0.957891 0.038504 0.978016 0.028272 0.963335
3 16 -16.079 -1.825 7.581 -14.759 -0.580 6.588 -15.297 -0.722 4.979 0.050210 0.957891 0.052280 0.974337 0.038504 0.978016
3 16 -16.079 -1.825 7.581 -17.182 -4.935 4.979 -15.772 -5.396 8.139 0.050210 0.957891 0.021645 0.939104 0.048746 0.928521
3 16 -16.079 -1.825 7.581 -17.045 -1.935 4.979 -17.182 -4.935 4.979 0.050210 0.957891 0.028272 0.963335 0.021645 0.939104
3 16 -0.217 -1.935 4.979 -4.228 -0.034 4.979 0.880 -0.696 4.979 0.431963 0.533204 0.445610 0.499168 0.443517 0.540520
3 16 -0.217 -1.935 4.979 -5.510 -1.935 4.979 -4.228 -0.034 4.979 0.431963 0.533204 0.429866 0.487957 0.445610 0.499168
3 16 -0.581 -9.065 6.536 3.396 -8.443 4.979 2.911 -10.171 6.584 0.373269 0.554031 0.391321 0.584645 0.371790 0.584205
3 16 -0.581 -9.065 6.536 -0.383 -7.672 4.979 3.396 -8.443 4.979 0.373269 0.554031 0.390511 0.552889 0.391321 0.584645
3 16 2.683 -10.106 10.368 -0.581 -9.065 6.536 2.911 -10.171 6.584 0.900211 0.199029 0.933665 0.173037 0.931141 0.203158
3 16 2.683 -10.106 10.368 -0.902 -8.942 10.169 -0.581 -9.065 6.536 0.900211 0.199029 0.904018 0.168127 0.933665 0.173037
3 16 2.653 -8.326 11.786 -0.902 -8.942 10.169 2.683 -10.106 10.368 0.558825 0.572716 0.573014 0.543406 0.577241 0.574219
3 16 2.653 -8.326 11.786 -0.944 -7.351 11.444 -0.902 -8.942 10.169 0.558825 0.572716 0.556289 0.541990 0.573014 0.543406
3 16 4.324 -3.993 11.687 -0.944 -7.351 11.444 2.653 -8.326 11.786 0.732593 0.034627 0.775983 0.062337 0.746103 0.069990
3 16 4.324 -3.993 11.687 -0.181 -2.676 11.300 -0.944 -7.351 11.444 0.732593 0.034627 0.769839 0.023798 0.775983 0.062337
3 16 0.767 -1.097 9.777 4.324 -3.993 11.687 5.002 -2.197 10.060 0.500652 0.548737 0.526214 0.580776 0.507149 0.584190
3 16 0.767 -1.097 9.777 -0.181 -2.676 11.300 4.324 -3.993 11.687 0.500652 0.548737 0.519184 0.542160 0.526214 0.580776
3 16 5.002 -1.960 5.289 0.767 -1.097 9.777 5.002 -2.197 10.060 0.928425 0.627898 0.967125 0.594070 0.967683 0.630154
3 16 5.002 -1.960 5.289 0.880 -0.696 4.979 0.767 -1.097 9.777 0.928425 0.627898 0.927507 0.592106 0.967125 0.594070
3 16 -5.063 -7.100 4.979 -8.921 -7.901 6.528 -9.726 -6.645 4.979 0.387477 0.514196 0.368687 0.484839 0.383907 0.475787
3 16 -5.063 -7.100 4.979 -5.015 -8.330 6.532 -8.921 -7.901 6.528 0.387477 0.514196 0.371416 0.517077 0.368687 0.484839
3 16 -8.921 -7.901 6.528 -5.264 -8.234 9.895 -8.991 -7.789 9.587 0.938720 0.103820 0.908879 0.131991 0.913613 0.101351
3 16 -8.921 -7.901 6.528 -5.015 -8.330 6.532 -5.264 -8.234 9.895 0.938720 0.103820 0.936353 0.136113 0.908879 0.131991
3 16 -8.991 -7.789 9.587 -5.312 -6.694 11.030 -9.293 -6.285 10.591 0.572974 0.475970 0.556551 0.505462 0.558321 0.472369
3 16 -8.991 -7.789 9.587 -5.264 -8.234 9.895 -5.312 -6.694 11.030 0.572974 0.475970 0.572225 0.506963 0.556551 0.505462
3 16 -9.293 -6.285 10.591 -4.941 -2.135 10.899 -9.204 -1.929 10.504 0.845107 0.053581 0.809191 0.019363 0.844457 0.017676
3 16 -9.293 -6.285 10.591 -5.312 -6.694 11.030 -4.941 -2.135 10.899 0.845107 0.053581 0.812124 0.056943 0.809191 0.019363
3 16 -4.941 -2.135 10.899 -9.079 -0.331 9.040 -9.204 -1.929 10.504 0.516321 0.502678 0.497390 0.467236 0.515252 0.467413
3 16 -4.941 -2.135 10.899 -4.285 -0.500 9.449 -9.079 -0.331 9.040 0.516321 0.502678 0.498021 0.506860 0.497390 0.467236
3 16 -4.285 -0.500 9.449 -8.223 0.000 4.979 -9.079 -0.331 9.040 0.967119 0.552085 0.932668 0.516896 0.966666 0.512435
3 16 -4.285 -0.500 9.449 -4.228 -0.034 4.979 -8.223 0.000 4.979 0.967119 0.552085 0.930180 0.549709 0.932668 0.516896
3 16 4.490 -4.935 4.979 4.490 -1.935 4.979 5.002 -1.960 5.289 0.418699 0.583331 0.440694 0.571816 0.443326 0.575883
3 16 -8.223 0.000 4.979 -5.510 -1.935 4.979 -9.031 -1.935 4.979 0.446056 0.455223 0.429866 0.487957 0.430526 0.450317
3 16 -8.223 0.000 4.979 -4.228 -0.034 4.979 -5.510 -1.935 4.979 0.446056 0.455223 0.445610 0.499168 0.429866 0.487957
3 16 3.396 -8.443 4.979 -0.217 -4.935 4.979 4.490 -4.935 4.979 0.445677 0.302204 0.474315 0.272384 0.474293 0.311147
3 16 3.396 -8.443 4.979 -0.383 -7.672 4.979 -0.217 -4.935 4.979 0.445677 0.302204 0.451781 0.271004 0.474315 0.272384
3 16 -12.446 -0.293 4.979 -9.031 -1.935 4.979 -13.010 -1.935 4.979 0.444752 0.432069 0.430526 0.450317 0.431474 0.426855
3 16 -12.446 -0.293 4.979 -8.223 0.000 4.979 -9.031 -1.935 4.979 0.444752 0.432069 0.446056 0.455223 0.430526 0.450317
3 16 -10.516 -4.935 4.979 -13.010 -6.407 4.979 -13.010 -4.935 4.979 0.474377 0.187568 0.463285 0.167034 0.474391 0.167031
3 16 -10.516 -4.935 4.979 -9.726 -6.645 4.979 -13.010 -6.407 4.979 0.474377 0.187568 0.460294 0.194062 0.463285 0.167034
3 16 -15.772 -5.396 8.139 -13.350 -2.068 9.991 -16.079 -1.825 7.581 0.048746 0.928521 0.078355 0.953501 0.050210 0.957891
3 16 -15.772 -5.396 8.139 -13.190 -5.798 10.194 -13.350 -2.068 9.991 0.048746 0.928521 0.072257 0.916729 0.078355 0.953501
3 16 -16.079 -1.825 7.581 -13.378 -0.723 8.431 -14.759 -0.580 6.588 0.050210 0.957891 0.071318 0.969436 0.052280 0.974337
3 16 -16.079 -1.825 7.581 -13.350 -2.068 9.991 -13.378 -0.723 8.431 0.050210 0.957891 0.078355 0.953501 0.071318 0.969436
3 16 -0.217 -4.935 4.979 -5.063 -7.100 4.979 -5.510 -4.935 4.979 0.474315 0.272384 0.456521 0.232466 0.474348 0.228798
3 16 -0.217 -4.935 4.979 -0.383 -7.672 4.979 -5.063 -7.100 4.979 0.474315 0.272384 0.451781 0.271004 0.456521 0.232466
3 16 -4.285 -0.500 9.449 0.880 -0.696 4.979 -4.228 -0.034 4.979 0.967119 0.552085 0.927507 0.592106 0.930180 0.549709
3 16 -4.285 -0.500 9.449 0.767 -1.097 9.777 0.880 -0.696 4.979 0.967119 0.552085 0.967125 0.594070 0.927507 0.592106
3 16 -12.446 -0.293 4.979 -14.759 -0.580 6.588 -13.378 -0.723 8.431 0.935495 0.482144 0.950265 0.464095 0.964655 0.476481
3 16 -12.446 -0.293 4.979 -15.297 -0.722 4.979 -14.759 -0.580 6.588 0.935495 0.482144 0.937409 0.458485 0.950265 0.464095
3 16 -15.297 -0.722 4.979 -13.010 -1.935 4.979 -17.045 -1.935 4.979 0.442427 0.408551 0.431474 0.426855 0.433270 0.393658
3 16 -15.297 -0.722 4.979 -12.446 -0.293 4.979 -13.010 -1.935 4.979 0.442427 0.408551 0.444752 0.432069 0.431474 0.426855
3 16 -16.400 -5.682 4.979 -13.010 -4.935 4.979 -13.010 -6.407 4.979 0.468264 0.139107 0.474391 0.167031 0.463285 0.167034
3 16 -16.400 -5.682 4.979 -17.182 -4.935 4.979 -13.010 -4.935 4.979 0.468264 0.139107 0.474415 0.132669 0.474391 0.167031
3 16 -14.358 -7.011 6.267 -14.959 -6.636 7.551 -16.400 -5.682 4.979 0.943946 0.058542 0.933586 0.052262 0.955368 0.038919
3 16 -12.643 -7.387 6.493 -14.959 -6.636 7.551 -14.358 -7.011 6.267 0.941256 0.072917 0.933586 0.052262 0.943946 0.058542
3 16 -12.643 -7.387 6.493 -12.389 -7.244 9.175 -14.959 -6.636 7.551 0.941256 0.072917 0.918828 0.073279 0.933586 0.052262
3 16 -14.358 -7.011 6.267 -13.010 -6.407 4.979 -12.643 -7.387 6.493 0.367961 0.439437 0.381031 0.448860 0.366792 0.453960
3 16 -14.358 -7.011 6.267 -16.400 -5.682 4.979 -13.010 -6.407 4.979 0.367961 0.439437 0.380235 0.420355 0.381031 0.448860
3 16 4.490 -4.935 4.979 6.592 -9.745 5.024 3.396 -8.443 4.979 0.474293 0.311147 0.434684 0.328454 0.445677 0.302204
3 16 4.490 -4.935 4.979 7.963 -5.578 4.979 6.592 -9.745 5.024 0.474293 0.311147 0.468997 0.339737 0.434684 0.328454
3 16 6.580 -27.297 5.143 10.914 -30.559 4.959 5.454 -32.492 5.191 0.289997 0.328746 0.263264 0.364632 0.247176 0.319635
3 16 6.580 -27.297 5.143 12.513 -26.134 4.979 10.914 -30.559 4.959 0.289997 0.328746 0.299753 0.377676 0.263264 0.364632
3 16 25.479 -26.244 5.255 23.843 -30.681 5.286 24.062 -26.865 5.218 0.298038 0.485677 0.261619 0.471868 0.293032 0.473955
3 16 28.967 -31.613 5.382 22.963 -35.222 5.327 23.843 -30.681 5.286 0.253563 0.514024 0.224277 0.464292 0.261619 0.471868
3 16 28.967 -31.613 5.382 27.287 -37.670 5.449 22.963 -35.222 5.327 0.253563 0.514024 0.203793 0.499759 0.224277 0.464292
3 16 10.069 -14.423 4.976 15.057 -16.957 5.018 10.506 -17.815 4.889 0.396130 0.357175 0.375405 0.398372 0.368205 0.360884
3 16 10.069 -14.423 4.976 13.980 -12.230 5.086 15.057 -16.957 5.018 0.396130 0.357175 0.414326 0.389417 0.375405 0.398372
3 16 6.592 -9.745 5.024 11.314 -8.443 5.157 8.503 -11.654 5.139 0.434684 0.328454 0.445487 0.367412 0.418891 0.344142
3 16 6.592 -9.745 5.024 7.963 -5.578 4.979 11.314 -8.443 5.157 0.434684 0.328454 0.468997 0.339737 0.445487 0.367412
3 16 10.506 -17.815 4.889 14.312 -21.907 4.979 9.077 -22.458 4.903 0.368205 0.360884 0.334620 0.392364 0.329926 0.349249
3 16 10.506 -17.815 4.889 15.057 -16.957 5.018 14.312 -21.907 4.979 0.368205 0.360884 0.375405 0.398372 0.334620 0.392364
3 16 -30.510 -4.935 -2.052 -29.260 -4.935 -7.887 -29.260 -4.935 -2.262 0.305843 0.303608 0.257832 0.293075 0.304161 0.293304
3 16 -30.510 -4.935 -2.052 -30.510 -4.935 -8.123 -29.260 -4.935 -7.887 0.305843 0.303608 0.255844 0.303361 0.257832 0.293075
3 16 -30.510 -4.935 -8.123 -28.946 -4.935 -9.696 -29.260 -4.935 -7.887 0.255844 0.303361 0.242949 0.290414 0.257832 0.293075
3 16 -30.510 -4.935 -8.123 -30.510 -4.935 -11.624 -28.946 -4.935 -9.696 0.255844 0.303361 0.227009 0.303218 0.242949 0.290414
3 16 -30.510 -4.935 -11.624 -27.733 -4.935 -11.189 -28.946 -4.935 -9.696 0.227009 0.303218 0.230701 0.280365 0.242949 0.290414
3 16 -30.510 -4.935 -11.624 -30.510 -4.935 -15.125 -27.733 -4.935 -11.189 0.227009 0.303218 0.198175 0.303075 0.230701 0.280365
3 16 -27.733 -4.935 -11.189 -25.437 -4.935 -15.125 -25.510 -4.935 -11.637 0.230701 0.280365 0.198382 0.261290 0.227099 0.262037
3 16 -27.733 -4.935 -11.189 -30.510 -4.935 -15.125 -25.437 -4.935 -15.125 0.230701 0.280365 0.198175 0.303075 0.198382 0.261290
3 16 -25.437 -4.935 -15.125 -20.510 -4.935 -11.637 -25.510 -4.935 -11.637 0.198382 0.261290 0.227303 0.220856 0.227099 0.262037
3 16 -25.437 -4.935 -15.125 -20.432 -4.935 -15.125 -20.510 -4.935 -11.637 0.198382 0.261290 0.198586 0.220073 0.227303 0.220856
3 16 -18.313 -4.935 -11.189 -20.432 -4.935 -15.125 -13.010 -4.935 -15.125 0.231086 0.202777 0.198586 0.220073 0.198888 0.158942
3 16 -18.313 -4.935 -11.189 -20.510 -4.935 -11.637 -20.432 -4.935 -15.125 0.231086 0.202777 0.227303 0.220856 0.198586 0.220073
3 16 -28.946 -4.935 -0.454 -30.510 -4.935 -2.052 -29.260 -4.935 -2.262 0.319070 0.290791 0.305843 0.303608 0.304161 0.293304
3 16 -28.946 -4.935 -0.454 -30.510 -4.935 1.598 -30.510 -4.935 -2.052 0.319070 0.290791 0.335906 0.303757 0.305843 0.303608
3 16 -27.733 -4.935 1.017 -30.510 -4.935 1.598 -28.946 -4.935 -0.454 0.331234 0.280863 0.335906 0.303757 0.319070 0.290791
3 16 -27.733 -4.935 1.017 -30.510 -4.935 4.979 -30.510 -4.935 1.598 0.331234 0.280863 0.363750 0.303895 0.335906 0.303757
3 16 -25.803 -4.935 4.979 -27.733 -4.935 1.017 -25.510 -4.935 1.488 0.363942 0.265124 0.331234 0.280863 0.335199 0.262572
3 16 -25.803 -4.935 4.979 -30.510 -4.935 4.979 -27.733 -4.935 1.017 0.363942 0.265124 0.363750 0.303895 0.331234 0.280863
3 16 -20.510 -4.935 1.488 -25.803 -4.935 4.979 -25.510 -4.935 1.488 0.335403 0.221391 0.363942 0.265124 0.335199 0.262572
3 16 -20.510 -4.935 1.488 -19.997 -4.935 4.979 -25.803 -4.935 4.979 0.335403 0.221391 0.364178 0.217308 0.363942 0.265124
3 16 -18.313 -4.935 1.017 -19.997 -4.935 4.979 -20.510 -4.935 1.488 0.331619 0.203275 0.364178 0.217308 0.335403 0.221391
3 16 -18.313 -4.935 1.017 -17.182 -4.935 4.979 -19.997 -4.935 4.979 0.331619 0.203275 0.364293 0.194128 0.364178 0.217308
3 16 -17.095 -4.935 -0.454 -17.182 -4.935 4.979 -18.313 -4.935 1.017 0.319553 0.193189 0.364293 0.194128 0.331619 0.203275
3 16 -17.095 -4.935 -0.454 -13.010 -4.935 4.979 -17.182 -4.935 4.979 0.319553 0.193189 0.364463 0.159762 0.364293 0.194128
3 16 -13.010 -4.935 -2.262 -17.095 -4.935 -0.454 -16.760 -4.935 -2.262 0.304823 0.159467 0.319553 0.193189 0.304670 0.190352
3 16 -13.010 -4.935 -2.262 -13.010 -4.935 4.979 -17.095 -4.935 -0.454 0.304823 0.159467 0.364463 0.159762 0.319553 0.193189
3 16 -16.760 -4.935 -7.887 -13.010 -4.935 -9.696 -13.010 -4.935 -7.887 0.258342 0.190123 0.243598 0.159163 0.258495 0.159237
3 16 -16.760 -4.935 -7.887 -17.095 -4.935 -9.696 -13.010 -4.935 -9.696 0.258342 0.190123 0.243432 0.192813 0.243598 0.159163
3 16 -18.313 -4.935 -11.189 -13.010 -4.935 -9.696 -17.095 -4.935 -9.696 0.231086 0.202777 0.243598 0.159163 0.243432 0.192813
3 16 -18.313 -4.935 -11.189 -13.010 -4.935 -15.125 -13.010 -4.935 -9.696 0.231086 0.202777 0.198888 0.158942 0.243598 0.159163
3 16 -19.997 -1.935 4.979 -17.182 -4.935 4.979 -17.045 -1.935 4.979 0.099959 0.707335 0.124667 0.730516 0.099958 0.731647
3 16 -19.997 -1.935 4.979 -19.997 -4.935 4.979 -17.182 -4.935 4.979 0.099959 0.707335 0.124667 0.707336 0.124667 0.730516
3 16 -25.803 -1.935 4.979 -19.997 -4.935 4.979 -19.997 -1.935 4.979 0.099958 0.659519 0.124667 0.707336 0.099959 0.707335
3 16 -25.803 -1.935 4.979 -25.803 -4.935 4.979 -19.997 -4.935 4.979 0.099958 0.659519 0.124667 0.659519 0.124667 0.707336
3 16 -30.510 -1.935 4.979 -25.803 -4.935 4.979 -25.803 -1.935 4.979 0.099959 0.620748 0.124667 0.659519 0.099958 0.659519
3 16 -30.510 -1.935 4.979 -30.510 -4.935 4.979 -25.803 -4.935 4.979 0.099959 0.620748 0.124667 0.620748 0.124667 0.659519
3 16 -30.510 -4.935 1.598 -30.510 -1.935 4.979 -30.510 -1.935 1.547 0.082331 0.846118 0.057622 0.873961 0.057622 0.845694
3 16 -30.510 -4.935 1.598 -30.510 -4.935 4.979 -30.510 -1.935 4.979 0.082331 0.846118 0.082331 0.873961 0.057622 0.873961
3 16 -30.510 -4.935 -2.052 -30.510 -1.935 1.547 -30.510 -1.935 -2.052 0.082331 0.816054 0.057622 0.845694 0.057622 0.816054
3 16 -30.510 -4.935 -2.052 -30.510 -4.935 1.598 -30.510 -1.935 1.547 0.082331 0.816054 0.082331 0.846118 0.057622 0.845694
3 16 -30.510 -1.935 -8.123 -30.510 -4.935 -2.052 -30.510 -1.935 -2.052 0.057622 0.766056 0.082331 0.816054 0.057622 0.816054
3 16 -30.510 -1.935 -8.123 -30.510 -4.935 -8.123 -30.510 -4.935 -2.052 0.057622 0.766056 0.082331 0.766056 0.082331 0.816054
3 16 -30.510 -1.935 -11.624 -30.510 -4.935 -8.123 -30.510 -1.935 -8.123 0.057622 0.737221 0.082331 0.766056 0.057622 0.766056
3 16 -30.510 -1.935 -11.624 -30.510 -4.935 -11.624 -30.510 -4.935 -8.123 0.057622 0.737221 0.082331 0.737221 0.082331 0.766056
3 16 -30.510 -1.935 -15.125 -30.510 -4.935 -11.624 -30.510 -1.935 -11.624 0.057622 0.708386 0.082331 0.737221 0.057622 0.737221
3 16 -30.510 -1.935 -15.125 -30.510 -4.935 -15.125 -30.510 -4.935 -11.624 0.057622 0.708386 0.082331 0.708386 0.082331 0.737221
3 16 -25.437 -1.935 -15.125 -30.510 -4.935 -15.125 -30.510 -1.935 -15.125 0.099073 0.559481 0.123977 0.601186 0.099268 0.601274
3 16 -25.437 -1.935 -15.125 -25.437 -4.935 -15.125 -30.510 -4.935 -15.125 0.099073 0.559481 0.123781 0.559409 0.123977 0.601186
3 16 -20.432 -1.935 -15.125 -25.437 -4.935 -15.125 -25.437 -1.935 -15.125 0.098980 0.518243 0.123781 0.559409 0.099073 0.559481
3 16 -20.432 -1.935 -15.125 -20.432 -4.935 -15.125 -25.437 -4.935 -15.125 0.098980 0.518243 0.123689 0.518214 0.123781 0.559409
3 16 -13.010 -1.935 -15.125 -20.432 -4.935 -15.125 -20.432 -1.935 -15.125 0.099101 0.457088 0.123689 0.518214 0.098980 0.518243
3 16 -13.010 -1.935 -15.125 -13.010 -4.935 -15.125 -20.432 -4.935 -15.125 0.099101 0.457088 0.123811 0.457108 0.123689 0.518214
3 16 -5.588 -1.935 -15.125 -13.010 -4.935 -15.125 -13.010 -1.935 -15.125 0.099274 0.395966 0.123811 0.457108 0.099101 0.457088
3 16 -5.588 -1.935 -15.125 -5.588 -4.935 -15.125 -13.010 -4.935 -15.125 0.099274 0.395966 0.123983 0.395965 0.123811 0.457108
3 16 -0.583 -1.935 -15.125 -5.588 -4.935 -15.125 -5.588 -1.935 -15.125 0.099247 0.354765 0.123983 0.395965 0.099274 0.395966
3 16 -0.583 -1.935 -15.125 -0.583 -4.935 -15.125 -5.588 -4.935 -15.125 0.099247 0.354765 0.123955 0.354730 0.123983 0.395965
3 16 4.490 -1.935 -15.125 -0.583 -4.935 -15.125 -0.583 -1.935 -15.125 0.099126 0.312987 0.123955 0.354730 0.099247 0.354765
3 16 4.490 -1.935 -15.125 4.490 -4.935 -15.125 -0.583 -4.935 -15.125 0.099126 0.312987 0.123834 0.312937 0.123955 0.354730
3 16 4.490 -1.935 -11.624 4.490 -4.935 -15.125 4.490 -1.935 -15.125 0.017668 0.845126 0.042377 0.873961 0.017668 0.873961
3 16 4.490 -1.935 -11.624 4.490 -4.935 -11.624 4.490 -4.935 -15.125 0.017668 0.845126 0.042377 0.845126 0.042377 0.873961
3 16 4.490 -1.935 -8.123 4.490 -4.935 -11.624 4.490 -1.935 -11.624 0.017668 0.816291 0.042377 0.845126 0.017668 0.845126
3 16 4.490 -1.935 -8.123 4.490 -4.935 -8.123 4.490 -4.935 -11.624 0.017668 0.816291 0.042377 0.816291 0.042377 0.845126
3 16 4.490 -1.935 -2.052 4.490 -4.935 -8.123 4.490 -1.935 -8.123 0.017668 0.766293 0.042377 0.816291 0.017668 0.816291
3 16 4.490 -1.935 -2.052 4.490 -4.935 -2.052 4.490 -4.935 -8.123 0.017668 0.766293 0.042377 0.766293 0.042377 0.816291
3 16 4.490 -1.935 1.547 4.490 -4.935 -2.052 4.490 -1.935 -2.052 0.017668 0.736652 0.042377 0.766293 0.017668 0.766293
3 16 4.490 -1.935 1.547 4.490 -4.935 1.598 4.490 -4.935 -2.052 0.017668 0.736652 0.042377 0.736229 0.042377 0.766293
3 16 4.490 -1.935 4.979 4.490 -4.935 1.598 4.490 -1.935 1.547 0.017668 0.708385 0.042377 0.736229 0.017668 0.736652
3 16 4.490 -1.935 4.979 4.490 -4.935 4.979 4.490 -4.935 1.598 0.017668 0.708385 0.042377 0.708385 0.042377 0.736229
3 16 -13.010 -4.935 -9.696 -9.260 -4.935 -7.887 -13.010 -4.935 -7.887 0.243598 0.159163 0.258647 0.128352 0.258495 0.159237
3 16 -13.010 -4.935 -9.696 -8.924 -4.935 -9.696 -9.260 -4.935 -7.887 0.243598 0.159163 0.243765 0.125514 0.258647 0.128352
3 16 -7.707 -4.935 -11.189 -13.010 -4.935 -9.696 -13.010 -4.935 -15.125 0.231518 0.115428 0.243598 0.159163 0.198888 0.158942
3 16 -7.707 -4.935 -11.189 -8.924 -4.935 -9.696 -13.010 -4.935 -9.696 0.231518 0.115428 0.243765 0.125514 0.243598 0.159163
3 16 -5.588 -4.935 -15.125 -7.707 -4.935 -11.189 -13.010 -4.935 -15.125 0.199191 0.097811 0.231518 0.115428 0.198888 0.158942
3 16 -5.588 -4.935 -15.125 -5.510 -4.935 -11.637 -7.707 -4.935 -11.189 0.199191 0.097811 0.227915 0.097313 0.231518 0.115428
3 16 -0.583 -4.935 -15.125 -5.510 -4.935 -11.637 -5.588 -4.935 -15.125 0.199395 0.056595 0.227915 0.097313 0.199191 0.097811
3 16 -0.583 -4.935 -15.125 -0.510 -4.935 -11.637 -5.510 -4.935 -11.637 0.199395 0.056595 0.228118 0.056132 0.227915 0.097313
3 16 1.713 -4.935 -11.189 -0.583 -4.935 -15.125 4.490 -4.935 -15.125 0.231902 0.037840 0.199395 0.056595 0.199602 0.014809
3 16 1.713 -4.935 -11.189 -0.510 -4.935 -11.637 -0.583 -4.935 -15.125 0.231902 0.037840 0.228118 0.056132 0.199395 0.056595
3 16 4.490 -4.935 -11.624 1.713 -4.935 -11.189 4.490 -4.935 -15.125 0.228437 0.014952 0.231902 0.037840 0.199602 0.014809
3 16 4.490 -4.935 -11.624 2.926 -4.935 -9.696 1.713 -4.935 -11.189 0.228437 0.014952 0.244248 0.027913 0.231902 0.037840
3 16 4.490 -4.935 -8.123 2.926 -4.935 -9.696 4.490 -4.935 -11.624 0.257271 0.015095 0.244248 0.027913 0.228437 0.014952
3 16 4.490 -4.935 -8.123 3.240 -4.935 -7.887 2.926 -4.935 -9.696 0.257271 0.015095 0.259157 0.025400 0.244248 0.027913
3 16 4.490 -4.935 -2.052 3.240 -4.935 -7.887 4.490 -4.935 -8.123 0.307269 0.015342 0.259157 0.025400 0.257271 0.015095
3 16 4.490 -4.935 -2.052 3.240 -4.935 -2.262 3.240 -4.935 -7.887 0.307269 0.015342 0.305486 0.025629 0.259157 0.025400
3 16 2.926 -4.935 -0.454 4.490 -4.935 -2.052 4.490 -4.935 1.598 0.320369 0.028290 0.307269 0.015342 0.337333 0.015491
3 16 2.926 -4.935 -0.454 3.240 -4.935 -2.262 4.490 -4.935 -2.052 0.320369 0.028290 0.305486 0.025629 0.307269 0.015342
3 16 1.713 -4.935 1.017 4.490 -4.935 1.598 4.490 -4.935 4.979 0.332435 0.038338 0.337333 0.015491 0.365176 0.015628
3 16 1.713 -4.935 1.017 2.926 -4.935 -0.454 4.490 -4.935 1.598 0.332435 0.038338 0.320369 0.028290 0.337333 0.015491
3 16 -0.217 -4.935 4.979 1.713 -4.935 1.017 4.490 -4.935 4.979 0.364985 0.054400 0.332435 0.038338 0.365176 0.015628
3 16 -0.217 -4.935 4.979 -0.510 -4.935 1.488 1.713 -4.935 1.017 0.364985 0.054400 0.336219 0.056667 0.332435 0.038338
3 16 -5.510 -4.935 4.979 -0.510 -4.935 1.488 -0.217 -4.935 4.979 0.364769 0.097990 0.336219 0.056667 0.364985 0.054400
3 16 -5.510 -4.935 4.979 -5.510 -4.935 1.488 -0.510 -4.935 1.488 0.364769 0.097990 0.336015 0.097848 0.336219 0.056667
3 16 -7.707 -4.935 1.017 -5.510 -4.935 4.979 -10.516 -4.935 4.979 0.332051 0.115926 0.364769 0.097990 0.364565 0.139224
3 16 -7.707 -4.935 1.017 -5.510 -4.935 1.488 -5.510 -4.935 4.979 0.332051 0.115926 0.336015 0.097848 0.364769 0.097990
3 16 -8.924 -4.935 -0.454 -10.516 -4.935 4.979 -13.010 -4.935 4.979 0.319886 0.125891 0.364565 0.139224 0.364463 0.159762
3 16 -8.924 -4.935 -0.454 -7.707 -4.935 1.017 -10.516 -4.935 4.979 0.319886 0.125891 0.332051 0.115926 0.364565 0.139224
3 16 -13.010 -4.935 -2.262 -8.924 -4.935 -0.454 -13.010 -4.935 4.979 0.304823 0.159467 0.319886 0.125891 0.364463 0.159762
3 16 -13.010 -4.935 -2.262 -9.260 -4.935 -2.262 -8.924 -4.935 -0.454 0.304823 0.159467 0.304976 0.128581 0.319886 0.125891
3 16 -9.260 -1.935 -2.262 -13.010 -1.935 -7.887 -13.010 -1.935 -2.262 0.076337 0.128565 0.122797 0.159253 0.076469 0.159451
3 16 -9.260 -1.935 -2.262 -9.260 -1.935 -7.887 -13.010 -1.935 -7.887 0.076337 0.128565 0.122666 0.128367 0.122797 0.159253
3 16 -9.031 -1.935 4.979 -8.924 -1.935 -0.454 -13.010 -1.935 4.979 0.016688 0.126936 0.061429 0.125865 0.016828 0.159705
3 16 -9.031 -1.935 4.979 -7.707 -1.935 1.017 -8.924 -1.935 -0.454 0.016688 0.126936 0.049271 0.115891 0.061429 0.125865
3 16 -5.510 -1.935 4.979 -7.707 -1.935 1.017 -9.031 -1.935 4.979 0.016565 0.097934 0.049271 0.115891 0.016688 0.126936
3 16 -5.510 -1.935 4.979 -5.510 -1.935 1.488 -7.707 -1.935 1.017 0.016565 0.097934 0.045319 0.097811 0.049271 0.115891
3 16 -0.510 -1.935 1.488 -5.510 -1.935 4.979 -0.217 -1.935 4.979 0.045144 0.056630 0.016565 0.097934 0.016379 0.054343
3 16 -0.510 -1.935 1.488 -5.510 -1.935 1.488 -5.510 -1.935 4.979 0.045144 0.056630 0.045319 0.097811 0.016565 0.097934
3 16 1.713 -1.935 1.017 -0.217 -1.935 4.979 4.490 -1.935 4.979 0.048940 0.038303 0.016379 0.054343 0.016214 0.015572
3 16 1.713 -1.935 1.017 -0.510 -1.935 1.488 -0.217 -1.935 4.979 0.048940 0.038303 0.045144 0.056630 0.016379 0.054343
3 16 4.490 -1.935 1.547 1.713 -1.935 1.017 4.490 -1.935 4.979 0.044481 0.015451 0.048940 0.038303 0.016214 0.015572
3 16 4.490 -1.935 1.547 2.926 -1.935 -0.454 1.713 -1.935 1.017 0.044481 0.015451 0.061013 0.028263 0.048940 0.038303
3 16 4.490 -1.935 -2.052 2.926 -1.935 -0.454 4.490 -1.935 1.547 0.074121 0.015325 0.061013 0.028263 0.044481 0.015451
3 16 4.490 -1.935 -2.052 3.240 -1.935 -2.262 2.926 -1.935 -0.454 0.074121 0.015325 0.075898 0.025613 0.061013 0.028263
3 16 3.240 -1.935 -7.887 4.490 -1.935 -2.052 4.490 -1.935 -8.123 0.122226 0.025415 0.074121 0.015325 0.124119 0.015112
3 16 3.240 -1.935 -7.887 3.240 -1.935 -2.262 4.490 -1.935 -2.052 0.122226 0.025415 0.075898 0.025613 0.074121 0.015325
3 16 2.926 -1.935 -9.696 4.490 -1.935 -8.123 4.490 -1.935 -11.624 0.137134 0.027939 0.124119 0.015112 0.152954 0.014989
3 16 2.926 -1.935 -9.696 3.240 -1.935 -7.887 4.490 -1.935 -8.123 0.137134 0.027939 0.122226 0.025415 0.124119 0.015112
3 16 1.713 -1.935 -11.189 4.490 -1.935 -11.624 4.490 -1.935 -15.125 0.149473 0.037874 0.152954 0.014989 0.181789 0.014865
3 16 1.713 -1.935 -11.189 2.926 -1.935 -9.696 4.490 -1.935 -11.624 0.149473 0.037874 0.137134 0.027939 0.152954 0.014989
3 16 -0.583 -1.935 -15.125 1.713 -1.935 -11.189 4.490 -1.935 -15.125 0.181967 0.056651 0.149473 0.037874 0.181789 0.014865
3 16 -0.583 -1.935 -15.125 -0.510 -1.935 -11.637 1.713 -1.935 -11.189 0.181967 0.056651 0.153244 0.056169 0.149473 0.037874
3 16 -5.510 -1.935 -11.637 -0.583 -1.935 -15.125 -5.588 -1.935 -15.125 0.153419 0.097350 0.181967 0.056651 0.182143 0.097868
3 16 -5.510 -1.935 -11.637 -0.510 -1.935 -11.637 -0.583 -1.935 -15.125 0.153419 0.097350 0.153244 0.056169 0.181967 0.056651
3 16 -7.707 -1.935 -11.189 -5.588 -1.935 -15.125 -13.010 -1.935 -15.125 0.149804 0.115463 0.182143 0.097868 0.182404 0.158999
3 16 -7.707 -1.935 -11.189 -5.510 -1.935 -11.637 -5.588 -1.935 -15.125 0.149804 0.115463 0.153419 0.097350 0.182143 0.097868
3 16 -13.010 -1.935 -9.696 -7.707 -1.935 -11.189 -13.010 -1.935 -15.125 0.137693 0.159190 0.149804 0.115463 0.182404 0.158999
3 16 -13.010 -1.935 -9.696 -8.924 -1.935 -9.696 -7.707 -1.935 -11.189 0.137693 0.159190 0.137550 0.125540 0.149804 0.115463
3 16 -17.095 -1.935 -0.454 -17.045 -1.935 4.979 -13.010 -1.935 4.979 0.061716 0.193163 0.016970 0.192940 0.016828 0.159705
3 16 -17.095 -1.935 -0.454 -18.313 -1.935 1.017 -17.045 -1.935 4.979 0.061716 0.193163 0.049643 0.203241 0.016970 0.192940
3 16 -19.997 -1.935 4.979 -18.313 -1.935 1.017 -20.510 -1.935 1.488 0.017074 0.217252 0.049643 0.203241 0.045846 0.221354
3 16 -19.997 -1.935 4.979 -17.045 -1.935 4.979 -18.313 -1.935 1.017 0.017074 0.217252 0.016970 0.192940 0.049643 0.203241
3 16 -20.510 -1.935 1.488 -25.803 -1.935 4.979 -19.997 -1.935 4.979 0.045846 0.221354 0.017278 0.265068 0.017074 0.217252
3 16 -20.510 -1.935 1.488 -25.510 -1.935 1.488 -25.803 -1.935 4.979 0.045846 0.221354 0.046022 0.262535 0.017278 0.265068
3 16 -27.733 -1.935 1.017 -25.803 -1.935 4.979 -25.510 -1.935 1.488 0.049974 0.280829 0.017278 0.265068 0.046022 0.262535
3 16 -27.733 -1.935 1.017 -30.510 -1.935 4.979 -25.803 -1.935 4.979 0.049974 0.280829 0.017443 0.303839 0.017278 0.265068
3 16 -30.510 -1.935 1.547 -27.733 -1.935 1.017 -28.946 -1.935 -0.454 0.045710 0.303718 0.049974 0.280829 0.062132 0.290765
3 16 -30.510 -1.935 1.547 -30.510 -1.935 4.979 -27.733 -1.935 1.017 0.045710 0.303718 0.017443 0.303839 0.049974 0.280829
3 16 -30.510 -1.935 -2.052 -28.946 -1.935 -0.454 -29.260 -1.935 -2.262 0.075351 0.303592 0.062132 0.290765 0.077039 0.293289
3 16 -30.510 -1.935 -2.052 -30.510 -1.935 1.547 -28.946 -1.935 -0.454 0.075351 0.303592 0.045710 0.303718 0.062132 0.290765
3 16 -29.260 -1.935 -7.887 -30.510 -1.935 -2.052 -29.260 -1.935 -2.262 0.123368 0.293091 0.075351 0.303592 0.077039 0.293289
3 16 -29.260 -1.935 -7.887 -30.510 -1.935 -8.123 -30.510 -1.935 -2.052 0.123368 0.293091 0.125349 0.303378 0.075351 0.303592
3 16 -28.946 -1.935 -9.696 -30.510 -1.935 -8.123 -29.260 -1.935 -7.887 0.138253 0.290440 0.125349 0.303378 0.123368 0.293091
3 16 -28.946 -1.935 -9.696 -30.510 -1.935 -11.624 -30.510 -1.935 -8.123 0.138253 0.290440 0.154184 0.303255 0.125349 0.303378
3 16 -27.733 -1.935 -11.189 -30.510 -1.935 -11.624 -28.946 -1.935 -9.696 0.150507 0.280400 0.154184 0.303255 0.138253 0.290440
3 16 -27.733 -1.935 -11.189 -30.510 -1.935 -15.125 -30.510 -1.935 -11.624 0.150507 0.280400 0.183019 0.303132 0.154184 0.303255
3 16 -25.437 -1.935 -15.125 -27.733 -1.935 -11.189 -25.510 -1.935 -11.637 0.182840 0.261347 0.150507 0.280400 0.154122 0.262074
3 16 -25.437 -1.935 -15.125 -30.510 -1.935 -15.125 -27.733 -1.935 -11.189 0.182840 0.261347 0.183019 0.303132 0.150507 0.280400
3 16 -20.510 -1.935 -11.637 -25.437 -1.935 -15.125 -25.510 -1.935 -11.637 0.153946 0.220893 0.182840 0.261347 0.154122 0.262074
3 16 -20.510 -1.935 -11.637 -20.432 -1.935 -15.125 -25.437 -1.935 -15.125 0.153946 0.220893 0.182665 0.220130 0.182840 0.261347
3 16 -20.432 -1.935 -15.125 -18.313 -1.935 -11.189 -13.010 -1.935 -15.125 0.182665 0.220130 0.150176 0.202812 0.182404 0.158999
3 16 -20.432 -1.935 -15.125 -20.510 -1.935 -11.637 -18.313 -1.935 -11.189 0.182665 0.220130 0.153946 0.220893 0.150176 0.202812
3 16 -13.010 -1.935 -9.696 -18.313 -1.935 -11.189 -17.095 -1.935 -9.696 0.137693 0.159190 0.150176 0.202812 0.137837 0.192839
3 16 -13.010 -1.935 -9.696 -13.010 -1.935 -15.125 -18.313 -1.935 -11.189 0.137693 0.159190 0.182404 0.158999 0.150176 0.202812
3 16 -13.010 -1.935 -2.262 -16.760 -1.935 -7.887 -16.760 -1.935 -2.262 0.076469 0.159451 0.122929 0.190139 0.076600 0.190336
3 16 -13.010 -1.935 -2.262 -13.010 -1.935 -7.887 -16.760 -1.935 -7.887 0.076469 0.159451 0.122797 0.159253 0.122929 0.190139
3 16 25.058 -23.918 7.284 27.073 -26.346 5.342 25.479 -26.244 5.255 0.394933 0.949003 0.370846 0.967941 0.369981 0.954862
3 16 25.058 -23.918 7.284 28.816 -26.051 6.955 27.073 -26.346 5.342 0.394933 0.949003 0.383027 0.983258 0.370846 0.967941
3 16 23.180 -30.733 14.365 25.570 -26.146 14.225 23.249 -27.002 13.984 0.575904 0.255132 0.556308 0.217275 0.575548 0.224244
3 16 27.073 -26.346 5.342 23.843 -30.681 5.286 25.479 -26.244 5.255 0.297077 0.498818 0.261619 0.471868 0.298038 0.485677
3 16 27.073 -26.346 5.342 28.967 -31.613 5.382 23.843 -30.681 5.286 0.297077 0.498818 0.253563 0.514024 0.261619 0.471868
3 16 4.490 -4.935 4.979 8.813 -4.022 5.617 7.963 -5.578 4.979 0.418699 0.583331 0.441824 0.611366 0.426337 0.611485
3 16 4.490 -4.935 4.979 5.002 -1.960 5.289 8.813 -4.022 5.617 0.418699 0.583331 0.443326 0.575883 0.441824 0.611366
3 16 -13.010 -4.935 -7.887 -9.260 -4.935 -2.262 -13.010 -4.935 -2.262 0.258495 0.159237 0.304976 0.128581 0.304823 0.159467
3 16 -13.010 -4.935 -7.887 -9.260 -4.935 -7.887 -9.260 -4.935 -2.262 0.258495 0.159237 0.258647 0.128352 0.304976 0.128581
3 16 -16.760 -4.935 -7.887 -13.010 -4.935 -2.262 -16.760 -4.935 -2.262 0.258342 0.190123 0.304823 0.159467 0.304670 0.190352
3 16 -16.760 -4.935 -7.887 -13.010 -4.935 -7.887 -13.010 -4.935 -2.262 0.258342 0.190123 0.258495 0.159237 0.304823 0.159467
3 16 -9.260 -1.935 -7.887 -13.010 -1.935 -9.696 -13.010 -1.935 -7.887 0.122666 0.128367 0.137693 0.159190 0.122797 0.159253
3 16 -9.260 -1.935 -7.887 -8.924 -1.935 -9.696 -13.010 -1.935 -9.696 0.122666 0.128367 0.137550 0.125540 0.137693 0.159190
3 16 -13.010 -1.935 -9.696 -16.760 -1.935 -7.887 -13.010 -1.935 -7.887 0.137693 0.159190 0.122929 0.190139 0.122797 0.159253
3 16 -13.010 -1.935 -9.696 -17.095 -1.935 -9.696 -16.760 -1.935 -7.887 0.137693 0.159190 0.137837 0.192839 0.122929 0.190139
3 16 -13.010 -1.935 -2.262 -17.095 -1.935 -0.454 -13.010 -1.935 4.979 0.076469 0.159451 0.061716 0.193163 0.016828 0.159705
3 16 -13.010 -1.935 -2.262 -16.760 -1.935 -2.262 -17.095 -1.935 -0.454 0.076469 0.159451 0.076600 0.190336 0.061716 0.193163
3 16 -8.924 -1.935 -0.454 -13.010 -1.935 -2.262 -13.010 -1.935 4.979 0.061429 0.125865 0.076469 0.159451 0.016828 0.159705
3 16 -8.924 -1.935 -0.454 -9.260 -1.935 -2.262 -13.010 -1.935 -2.262 0.061429 0.125865 0.076337 0.128565 0.076469 0.159451
3 16 0.880 -0.696 4.979 4.490 -1.935 4.979 -0.217 -1.935 4.979 0.443517 0.540520 0.440694 0.571816 0.431963 0.533204
3 16 0.880 -0.696 4.979 5.002 -1.960 5.289 4.490 -1.935 4.979 0.443517 0.540520 0.443326 0.575883 0.440694 0.571816
2 24 -27.733 -4.935 -11.189 -28.946 -4.935 -9.696
2 24 -17.045 -1.935 4.979 -17.182 -4.935 4.979
2 24 0.880 -0.696 4.979 -4.228 -0.034 4.979
2 24 5.002 -2.197 10.060 0.767 -1.097 9.777
2 24 -18.313 -1.935 1.017 -20.510 -1.935 1.488
2 24 -28.946 -1.935 -9.696 -29.260 -1.935 -7.887
2 24 -28.946 -1.935 -0.454 -29.260 -1.935 -2.262
2 24 -18.313 -4.935 1.017 -20.510 -4.935 1.488
2 24 -28.946 -4.935 -9.696 -29.260 -4.935 -7.887
2 24 -28.946 -4.935 -0.454 -29.260 -4.935 -2.262
2 24 1.713 -1.935 1.017 -0.510 -1.935 1.488
2 24 -27.733 -1.935 -11.189 -28.946 -1.935 -9.696
2 24 -5.510 -4.935 -11.637 -7.707 -4.935 -11.189
2 24 -17.095 -1.935 -0.454 -18.313 -1.935 1.017
2 24 -7.707 -1.935 -11.189 -8.924 -1.935 -9.696
2 24 -17.095 -4.935 -0.454 -18.313 -4.935 1.017
2 24 -7.707 -4.935 -11.189 -8.924 -4.935 -9.696
2 24 14.608 -35.562 12.891 12.904 -33.555 12.687
2 24 6.889 -22.766 11.422 4.707 -27.639 11.526
2 24 4.490 -1.935 4.979 0.880 -0.696 4.979
2 24 -0.510 -4.935 -11.637 -5.510 -4.935 -11.637
2 24 -20.510 -4.935 -11.637 -25.510 -4.935 -11.637
2 24 8.044 -11.602 12.346 5.812 -9.723 12.093
2 24 -16.079 -1.825 7.581 -17.045 -1.935 4.979
2 24 -16.760 -1.935 -2.262 -17.095 -1.935 -0.454
2 24 -25.510 -1.935 -11.637 -27.733 -1.935 -11.189
2 24 -18.313 -4.935 -11.189 -20.510 -4.935 -11.637
2 24 -16.760 -4.935 -2.262 -17.095 -4.935 -0.454
2 24 -25.510 -4.935 -11.637 -27.733 -4.935 -11.189
2 24 -5.510 -1.935 -11.637 -7.707 -1.935 -11.189
2 24 -15.772 -5.396 8.139 -17.182 -4.935 4.979
2 24 2.926 -1.935 -0.454 1.713 -1.935 1.017
2 24 8.984 -4.107 10.355 5.002 -2.197 10.060
2 24 -30.510 -1.935 -15.125 -30.510 -4.935 -15.125
2 24 -16.760 -4.935 -7.887 -16.760 -4.935 -2.262
2 24 -16.760 -1.935 -7.887 -16.760 -1.935 -2.262
2 24 -17.095 -4.935 -9.696 -18.313 -4.935 -11.189
2 24 -7.707 -4.935 1.017 -8.924 -4.935 -0.454
2 24 8.373 -18.864 6.723 6.849 -22.972 6.734
2 24 -16.760 -1.935 -7.887 -17.095 -1.935 -9.696
2 24 5.002 -1.960 5.289 4.490 -1.935 4.979
2 24 -16.760 -4.935 -7.887 -17.095 -4.935 -9.696
2 24 -0.510 -1.935 -11.637 -5.510 -1.935 -11.637
2 24 -20.510 -1.935 -11.637 -25.510 -1.935 -11.637
2 24 11.350 -8.024 12.230 8.191 -5.714 12.039
2 24 9.077 -22.458 4.903 6.580 -27.297 5.143
2 24 8.256 -18.717 11.198 6.889 -22.766 11.422
2 24 -8.924 -1.935 -9.696 -9.260 -1.935 -7.887
2 24 5.418 -39.827 12.142 3.851 -33.330 11.777
2 24 1.713 -4.935 -11.189 -0.510 -4.935 -11.637
2 24 8.813 -4.022 5.617 5.002 -1.960 5.289
2 24 4.490 -1.935 -15.125 -30.510 -1.935 -15.125
2 24 14.891 -25.896 12.137 13.043 -30.089 12.402
2 24 4.490 -4.935 -15.125 -30.510 -4.935 -15.125
2 24 -17.095 -1.935 -9.696 -18.313 -1.935 -11.189
2 24 -7.707 -1.935 1.017 -8.924 -1.935 -0.454
2 24 16.253 -21.879 11.865 14.891 -25.896 12.137
2 24 7.164 -13.600 10.775 5.672 -11.708 10.543
2 24 -18.313 -1.935 -11.189 -20.510 -1.935 -11.637
2 24 -9.260 -4.935 -7.887 -9.260 -4.935 -2.262
2 24 2.926 -4.935 -0.454 1.713 -4.935 1.017
2 24 14.608 -35.561 7.012 12.904 -33.555 6.981
2 24 5.845 -11.774 6.665 2.911 -10.171 6.584
2 24 -5.510 -1.935 1.488 -7.707 -1.935 1.017
2 24 -29.260 -4.935 -7.887 -29.260 -4.935 -2.262
2 24 -27.733 -1.935 1.017 -28.946 -1.935 -0.454
2 24 27.815 -27.553 14.347 25.570 -26.146 14.225
2 24 -8.223 0.000 4.979 -12.446 -0.293 4.979
2 24 -30.510 -1.935 -15.125 -30.510 -1.935 4.979
2 24 5.672 -11.708 10.543 2.683 -10.106 10.368
2 24 -0.510 -1.935 1.488 -5.510 -1.935 1.488
2 24 -20.510 -1.935 1.488 -25.510 -1.935 1.488
2 24 -16.400 -5.682 4.979 -17.182 -4.935 4.979
2 24 -0.510 -4.935 1.488 -5.510 -4.935 1.488
2 24 -20.510 -4.935 1.488 -25.510 -4.935 1.488
2 24 -29.260 -1.935 -7.887 -29.260 -1.935 -2.262
2 24 -5.510 -4.935 1.488 -7.707 -4.935 1.017
2 24 -25.510 -4.935 1.488 -27.733 -4.935 1.017
2 24 -15.297 -0.722 4.979 -17.045 -1.935 4.979
2 24 2.911 -10.171 6.584 -0.581 -9.065 6.536
2 24 3.396 -8.443 4.979 -0.383 -7.672 4.979
2 24 -30.510 -4.935 -15.125 -30.510 -4.935 4.979
2 24 1.713 -4.935 1.017 -0.510 -4.935 1.488
2 24 -27.733 -4.935 1.017 -28.946 -4.935 -0.454
2 24 -13.010 -6.407 4.979 -16.400 -5.682 4.979
2 24 -25.510 -1.935 1.488 -27.733 -1.935 1.017
2 24 -4.228 -0.034 4.979 -8.223 0.000 4.979
2 24 14.793 -25.906 6.884 13.179 -30.056 6.870
2 24 -8.924 -1.935 -0.454 -9.260 -1.935 -2.262
2 24 -8.924 -4.935 -0.454 -9.260 -4.935 -2.262
2 24 -9.260 -1.935 -7.887 -9.260 -1.935 -2.262
2 24 10.506 -17.815 4.889 9.077 -22.458 4.903
2 24 3.240 -4.935 -2.262 2.926 -4.935 -0.454
2 24 8.335 -16.081 6.640 7.279 -13.702 6.764
2 24 8.150 -15.883 11.019 7.164 -13.600 10.775
2 24 -8.924 -4.935 -9.696 -9.260 -4.935 -7.887
2 24 3.240 -1.935 -2.262 2.926 -1.935 -0.454
2 24 13.043 -30.089 12.402 12.904 -33.555 12.687
2 24 12.435 -7.357 6.092 8.813 -4.022 5.617
2 24 22.012 -26.105 7.117 21.817 -26.207 11.784
2 24 8.335 -16.081 6.640 8.373 -18.864 6.723
2 24 13.179 -30.056 6.870 12.904 -33.555 6.981
2 24 25.058 -23.918 7.284 24.951 -23.852 11.900
2 24 4.490 -4.935 -15.125 4.490 -4.935 4.979
2 24 3.240 -4.935 -7.887 3.240 -4.935 -2.262
2 24 28.652 -32.017 14.832 27.120 -38.035 15.125
2 24 15.472 -11.610 6.584 12.435 -7.357 6.092
2 24 3.240 -4.935 -7.887 2.926 -4.935 -9.696
2 24 8.256 -18.717 11.198 8.150 -15.883 11.019
2 24 2.926 -4.935 -9.696 1.713 -4.935 -11.189
2 24 1.713 -1.935 -11.189 -0.510 -1.935 -11.637
2 24 4.490 -1.935 -15.125 4.490 -4.935 -15.125
2 24 2.926 -1.935 -9.696 1.713 -1.935 -11.189
2 24 3.240 -1.935 -7.887 2.926 -1.935 -9.696
2 24 3.240 -1.935 -7.887 3.240 -1.935 -2.262
2 24 21.711 -30.187 7.004 20.964 -34.011 6.949
2 24 28.799 -38.964 7.560 23.133 -44.352 7.517
2 24 15.323 -17.107 13.036 14.193 -12.144 12.637
2 24 10.978 -34.873 5.128 10.914 -30.559 4.959
2 24 4.490 -1.935 -15.125 4.490 -1.935 4.979
2 24 14.193 -12.144 12.637 11.350 -8.024 12.230
2 24 16.836 -16.939 11.613 16.253 -21.879 11.865
2 24 4.490 -1.935 4.979 4.490 -4.935 4.979
2 24 16.990 -43.846 14.696 10.662 -42.145 14.251
2 24 27.120 -38.035 15.125 22.949 -42.556 14.948
2 24 -8.991 -7.789 9.587 -12.389 -7.244 9.175
2 24 -30.510 -1.935 4.979 -30.510 -4.935 4.979
2 24 -0.902 -8.942 10.169 -5.264 -8.234 9.895
2 24 16.990 -36.165 13.015 14.608 -35.562 12.891
2 24 28.652 -32.017 14.832 27.815 -27.553 14.347
2 24 -5.264 -8.234 9.895 -8.991 -7.789 9.587
2 24 -0.383 -7.672 4.979 -5.063 -7.100 4.979
2 24 -5.063 -7.100 4.979 -9.726 -6.645 4.979
2 24 2.683 -10.106 10.368 -0.902 -8.942 10.169
2 24 4.490 -4.935 4.979 -30.510 -4.935 4.979
2 24 20.843 -34.009 12.940 19.137 -35.751 13.080
2 24 19.140 -35.758 6.946 16.990 -36.165 6.996
2 24 9.936 -43.997 12.543 5.418 -39.827 12.142
2 24 19.137 -35.751 13.080 16.990 -36.165 13.015
2 24 16.990 -45.638 12.952 9.936 -43.997 12.543
2 24 22.949 -42.556 14.948 16.990 -43.846 14.696
2 24 23.144 -44.397 13.205 16.990 -45.638 12.952
2 24 16.990 -36.165 6.996 14.608 -35.561 7.012
2 24 20.964 -34.011 6.949 19.140 -35.758 6.946
2 24 -9.726 -6.645 4.979 -13.010 -6.407 4.979
2 24 12.513 -26.134 4.979 10.914 -30.559 4.959
2 24 7.279 -13.702 6.764 5.845 -11.774 6.665
2 24 28.967 -31.613 5.382 27.287 -37.670 5.449
2 24 22.012 -26.105 7.117 21.711 -30.187 7.004
2 24 12.439 -7.042 10.722 8.984 -4.107 10.355
2 24 4.490 -1.935 4.979 -30.510 -1.935 4.979
2 24 -12.446 -0.293 4.979 -15.297 -0.722 4.979
