0 FILE bl_79973.dat
0 MINI TAIL, NO. 16
0 Name:  bl_79973.dat
0 Author:  
0 BFC CERTIFY CCW
3 16 1.692 -22.872 8.117 2.280 -22.940 4.132 2.712 -25.502 4.590 0.270632 0.883614 0.236331 0.930164 0.209666 0.905689
3 16 1.692 -22.872 8.117 1.346 -20.588 7.065 2.280 -22.940 4.132 0.270632 0.883614 0.292784 0.910860 0.236331 0.930164
3 16 3.047 -24.989 9.390 2.712 -25.502 4.590 4.238 -27.803 5.254 0.247849 0.851950 0.209666 0.905689 0.182256 0.876529
3 16 3.047 -24.989 9.390 1.692 -22.872 8.117 2.712 -25.502 4.590 0.247849 0.851950 0.270632 0.883614 0.209666 0.905689
3 16 5.465 -26.198 10.651 4.238 -27.803 5.254 6.687 -29.319 5.944 0.227853 0.816092 0.182256 0.876529 0.157913 0.840726
3 16 5.465 -26.198 10.651 3.047 -24.989 9.390 4.238 -27.803 5.254 0.227853 0.816092 0.247849 0.851950 0.182256 0.876529
3 16 8.991 -26.251 11.730 6.687 -29.319 5.944 9.687 -29.883 6.523 0.207419 0.766117 0.157913 0.840726 0.138558 0.806969
3 16 8.991 -26.251 11.730 5.465 -26.198 10.651 6.687 -29.319 5.944 0.207419 0.766117 0.227853 0.816092 0.157913 0.840726
3 16 1.346 -20.588 7.065 3.122 -20.763 3.850 2.280 -22.940 4.132 0.691881 0.145886 0.684955 0.097212 0.716713 0.101891
3 16 1.346 -20.588 7.065 2.164 -18.530 6.439 3.122 -20.763 3.850 0.691881 0.145886 0.661449 0.139671 0.684955 0.097212
3 16 2.164 -18.530 6.439 4.772 -19.005 3.695 3.122 -20.763 3.850 0.661449 0.139671 0.653300 0.088289 0.684955 0.097212
3 16 2.164 -18.530 6.439 3.765 -16.862 6.077 4.772 -19.005 3.695 0.661449 0.139671 0.631593 0.129209 0.653300 0.088289
3 16 4.772 -19.005 3.695 5.854 -15.686 5.849 6.916 -17.763 3.531 0.653300 0.088289 0.603076 0.113285 0.622604 0.073326
3 16 4.772 -19.005 3.695 3.765 -16.862 6.077 5.854 -15.686 5.849 0.653300 0.088289 0.631593 0.129209 0.603076 0.113285
3 16 6.916 -17.763 3.531 8.511 -14.858 5.540 9.292 -16.960 3.198 0.622604 0.073326 0.573491 0.089844 0.594490 0.053104
3 16 6.916 -17.763 3.531 5.854 -15.686 5.849 8.511 -14.858 5.540 0.622604 0.073326 0.603076 0.113285 0.573491 0.089844
3 16 9.292 -16.960 3.198 10.919 -15.037 6.011 12.075 -17.489 3.425 0.899340 0.177929 0.848105 0.175609 0.885822 0.141686
3 16 9.292 -16.960 3.198 8.511 -14.858 5.540 10.919 -15.037 6.011 0.899340 0.177929 0.863969 0.204929 0.848105 0.175609
3 16 12.075 -17.489 3.425 13.419 -16.083 7.050 14.610 -18.932 3.869 0.885822 0.141686 0.829777 0.139807 0.875632 0.101277
3 16 12.075 -17.489 3.425 10.919 -15.037 6.011 13.419 -16.083 7.050 0.885822 0.141686 0.848105 0.175609 0.829777 0.139807
3 16 14.610 -18.932 3.869 15.019 -17.974 8.521 16.327 -21.173 4.594 0.875632 0.101277 0.809542 0.102505 0.865182 0.059255
3 16 14.610 -18.932 3.869 13.419 -16.083 7.050 15.019 -17.974 8.521 0.875632 0.101277 0.829777 0.139807 0.809542 0.102505
3 16 16.327 -21.173 4.594 15.594 -20.255 10.031 17.122 -23.718 5.415 0.865182 0.059255 0.789789 0.067964 0.857081 0.021146
3 16 16.327 -21.173 4.594 15.019 -17.974 8.521 15.594 -20.255 10.031 0.865182 0.059255 0.809542 0.102505 0.789789 0.067964
3 16 17.122 -23.718 5.415 14.547 -22.315 10.823 16.102 -25.904 5.979 0.093644 0.671202 0.183965 0.672787 0.103018 0.706681
3 16 17.122 -23.718 5.415 15.594 -20.255 10.031 14.547 -22.315 10.823 0.093644 0.671202 0.183075 0.638626 0.183965 0.672787
3 16 16.102 -25.904 5.979 13.001 -24.103 11.423 14.369 -27.857 6.408 0.103018 0.706681 0.190273 0.707138 0.112401 0.741933
3 16 16.102 -25.904 5.979 14.547 -22.315 10.823 13.001 -24.103 11.423 0.103018 0.706681 0.183965 0.672787 0.190273 0.707138
3 16 14.369 -27.857 6.408 11.027 -25.479 11.744 12.129 -29.238 6.600 0.112401 0.741933 0.198630 0.738910 0.123454 0.774000
3 16 14.369 -27.857 6.408 13.001 -24.103 11.423 11.027 -25.479 11.744 0.112401 0.741933 0.190273 0.707138 0.198630 0.738910
3 16 12.129 -29.238 6.600 8.991 -26.251 11.730 9.687 -29.883 6.523 0.123454 0.774000 0.207419 0.766117 0.138558 0.806969
3 16 12.129 -29.238 6.600 11.027 -25.479 11.744 8.991 -26.251 11.730 0.123454 0.774000 0.198630 0.738910 0.207419 0.766117
3 16 -1.155 -17.386 11.776 1.346 -20.588 7.065 1.692 -22.872 8.117 0.373426 0.865222 0.292784 0.910860 0.270632 0.883614
3 16 -1.155 -17.386 11.776 -1.418 -15.619 10.487 1.346 -20.588 7.065 0.373426 0.865222 0.391285 0.891174 0.292784 0.910860
3 16 -0.039 -18.942 13.346 1.692 -22.872 8.117 3.047 -24.989 9.390 0.354925 0.835335 0.270632 0.883614 0.247849 0.851950
3 16 -0.039 -18.942 13.346 -1.155 -17.386 11.776 1.692 -22.872 8.117 0.354925 0.835335 0.373426 0.865222 0.270632 0.883614
3 16 1.859 -19.808 14.982 3.047 -24.989 9.390 5.465 -26.198 10.651 0.339422 0.800961 0.247849 0.851950 0.227853 0.816092
3 16 1.859 -19.808 14.982 -0.039 -18.942 13.346 3.047 -24.989 9.390 0.339422 0.800961 0.354925 0.835335 0.247849 0.851950
3 16 4.561 -19.633 16.426 5.465 -26.198 10.651 8.991 -26.251 11.730 0.327791 0.759201 0.227853 0.816092 0.207419 0.766117
3 16 4.561 -19.633 16.426 1.859 -19.808 14.982 5.465 -26.198 10.651 0.327791 0.759201 0.339422 0.800961 0.227853 0.816092
3 16 -1.418 -15.619 10.487 2.164 -18.530 6.439 1.346 -20.588 7.065 0.650115 0.222058 0.661449 0.139671 0.691881 0.145886
3 16 -1.418 -15.619 10.487 -0.638 -13.910 9.638 2.164 -18.530 6.439 0.650115 0.222058 0.623005 0.216815 0.661449 0.139671
3 16 -0.638 -13.910 9.638 3.765 -16.862 6.077 2.164 -18.530 6.439 0.623005 0.216815 0.631593 0.129209 0.661449 0.139671
3 16 -0.638 -13.910 9.638 0.862 -12.446 9.152 3.765 -16.862 6.077 0.623005 0.216815 0.595903 0.205921 0.631593 0.129209
3 16 3.765 -16.862 6.077 2.791 -11.366 8.960 5.854 -15.686 5.849 0.631593 0.129209 0.570110 0.189951 0.603076 0.113285
3 16 3.765 -16.862 6.077 0.862 -12.446 9.152 2.791 -11.366 8.960 0.631593 0.129209 0.595903 0.205921 0.570110 0.189951
3 16 5.854 -15.686 5.849 5.043 -10.600 8.904 8.511 -14.858 5.540 0.603076 0.113285 0.545165 0.169779 0.573491 0.089844
3 16 5.854 -15.686 5.849 2.791 -11.366 8.960 5.043 -10.600 8.904 0.603076 0.113285 0.570110 0.189951 0.545165 0.169779
3 16 8.511 -14.858 5.540 7.128 -10.347 9.616 10.919 -15.037 6.011 0.863969 0.204929 0.794127 0.255322 0.848105 0.175609
3 16 8.511 -14.858 5.540 5.043 -10.600 8.904 7.128 -10.347 9.616 0.863969 0.204929 0.812480 0.279606 0.794127 0.255322
3 16 10.919 -15.037 6.011 9.137 -10.636 10.972 13.419 -16.083 7.050 0.848105 0.175609 0.772016 0.229871 0.829777 0.139807
3 16 10.919 -15.037 6.011 7.128 -10.347 9.616 9.137 -10.636 10.972 0.848105 0.175609 0.794127 0.255322 0.772016 0.229871
3 16 13.419 -16.083 7.050 10.489 -11.675 12.824 15.019 -17.974 8.521 0.829777 0.139807 0.741588 0.202756 0.809542 0.102505
3 16 13.419 -16.083 7.050 9.137 -10.636 10.972 10.489 -11.675 12.824 0.829777 0.139807 0.772016 0.229871 0.741588 0.202756
3 16 15.019 -17.974 8.521 10.738 -13.459 14.647 15.594 -20.255 10.031 0.809542 0.102505 0.715408 0.179876 0.789789 0.067964
3 16 15.019 -17.974 8.521 10.489 -11.675 12.824 10.738 -13.459 14.647 0.809542 0.102505 0.741588 0.202756 0.715408 0.179876
3 16 15.594 -20.255 10.031 9.733 -15.418 15.706 14.547 -22.315 10.823 0.183075 0.638626 0.325359 0.663014 0.183965 0.672787
3 16 15.594 -20.255 10.031 10.738 -13.459 14.647 9.733 -15.418 15.706 0.183075 0.638626 0.332847 0.630715 0.325359 0.663014
3 16 14.547 -22.315 10.823 8.295 -17.208 16.468 13.001 -24.103 11.423 0.183965 0.672787 0.322642 0.696309 0.190273 0.707138
3 16 14.547 -22.315 10.823 9.733 -15.418 15.706 8.295 -17.208 16.468 0.183965 0.672787 0.325359 0.663014 0.322642 0.696309
3 16 8.295 -17.208 16.468 11.027 -25.479 11.744 13.001 -24.103 11.423 0.322642 0.696309 0.198630 0.738910 0.190273 0.707138
3 16 8.295 -17.208 16.468 6.462 -18.695 16.746 11.027 -25.479 11.744 0.322642 0.696309 0.324111 0.728714 0.198630 0.738910
3 16 6.462 -18.695 16.746 8.991 -26.251 11.730 11.027 -25.479 11.744 0.324111 0.728714 0.207419 0.766117 0.198630 0.738910
3 16 6.462 -18.695 16.746 4.561 -19.633 16.426 8.991 -26.251 11.730 0.324111 0.728714 0.327791 0.759201 0.207419 0.766117
3 16 -5.195 -11.843 13.949 -1.418 -15.619 10.487 -1.155 -17.386 11.776 0.477307 0.858477 0.391285 0.891174 0.373426 0.865222
3 16 -5.195 -11.843 13.949 -5.437 -10.669 12.494 -1.418 -15.619 10.487 0.477307 0.858477 0.485927 0.883183 0.391285 0.891174
3 16 -4.475 -12.677 15.507 -1.155 -17.386 11.776 -0.039 -18.942 13.346 0.467905 0.833701 0.373426 0.865222 0.354925 0.835335
3 16 -4.475 -12.677 15.507 -5.195 -11.843 13.949 -1.155 -17.386 11.776 0.467905 0.833701 0.477307 0.858477 0.373426 0.865222
3 16 -3.242 -12.899 17.151 -0.039 -18.942 13.346 1.859 -19.808 14.982 0.460751 0.805647 0.354925 0.835335 0.339422 0.800961
3 16 -3.242 -12.899 17.151 -4.475 -12.677 15.507 -0.039 -18.942 13.346 0.460751 0.805647 0.467905 0.833701 0.354925 0.835335
3 16 -1.682 -12.432 18.562 1.859 -19.808 14.982 4.561 -19.633 16.426 0.457287 0.774982 0.339422 0.800961 0.327791 0.759201
3 16 -1.682 -12.432 18.562 -3.242 -12.899 17.151 1.859 -19.808 14.982 0.457287 0.774982 0.460751 0.805647 0.339422 0.800961
3 16 -5.437 -10.669 12.494 -0.638 -13.910 9.638 -1.418 -15.619 10.487 0.616120 0.303952 0.623005 0.216815 0.650115 0.222058
3 16 -5.437 -10.669 12.494 -4.813 -9.419 11.668 -0.638 -13.910 9.638 0.616120 0.303952 0.594022 0.300618 0.623005 0.216815
3 16 -0.638 -13.910 9.638 -3.640 -8.123 11.162 0.862 -12.446 9.152 0.623005 0.216815 0.571134 0.292697 0.595903 0.205921
3 16 -0.638 -13.910 9.638 -4.813 -9.419 11.668 -3.640 -8.123 11.162 0.623005 0.216815 0.594022 0.300618 0.571134 0.292697
3 16 0.862 -12.446 9.152 -2.169 -6.989 11.043 2.791 -11.366 8.960 0.595903 0.205921 0.548703 0.281477 0.570110 0.189951
3 16 0.862 -12.446 9.152 -3.640 -8.123 11.162 -2.169 -6.989 11.043 0.595903 0.205921 0.571134 0.292697 0.548703 0.281477
3 16 2.791 -11.366 8.960 -0.356 -5.889 11.251 5.043 -10.600 8.904 0.570110 0.189951 0.523247 0.267616 0.545165 0.169779
3 16 2.791 -11.366 8.960 -2.169 -6.989 11.043 -0.356 -5.889 11.251 0.570110 0.189951 0.548703 0.281477 0.523247 0.267616
3 16 5.043 -10.600 8.904 0.894 -5.453 12.255 7.128 -10.347 9.616 0.812480 0.279606 0.750827 0.361250 0.794127 0.255322
3 16 5.043 -10.600 8.904 -0.356 -5.889 11.251 0.894 -5.453 12.255 0.812480 0.279606 0.769330 0.375238 0.750827 0.361250
3 16 7.128 -10.347 9.616 2.059 -5.293 13.850 9.137 -10.636 10.972 0.794127 0.255322 0.726781 0.347043 0.772016 0.229871
3 16 7.128 -10.347 9.616 0.894 -5.453 12.255 2.059 -5.293 13.850 0.794127 0.255322 0.750827 0.361250 0.726781 0.347043
3 16 9.137 -10.636 10.972 2.712 -5.764 15.735 10.489 -11.675 12.824 0.772016 0.229871 0.702174 0.334612 0.741588 0.202756
3 16 9.137 -10.636 10.972 2.059 -5.293 13.850 2.712 -5.764 15.735 0.772016 0.229871 0.726781 0.347043 0.702174 0.334612
3 16 10.489 -11.675 12.824 2.736 -6.891 17.500 10.738 -13.459 14.647 0.741588 0.202756 0.668542 0.325011 0.715408 0.179876
3 16 10.489 -11.675 12.824 2.712 -5.764 15.735 2.736 -6.891 17.500 0.741588 0.202756 0.702174 0.334612 0.668542 0.325011
3 16 10.738 -13.459 14.647 2.038 -8.489 18.197 9.733 -15.418 15.706 0.332847 0.630715 0.471691 0.697592 0.325359 0.663014
3 16 10.738 -13.459 14.647 2.736 -6.891 17.500 2.038 -8.489 18.197 0.332847 0.630715 0.484458 0.674064 0.471691 0.697592
3 16 9.733 -15.418 15.706 1.024 -10.062 18.717 8.295 -17.208 16.468 0.325359 0.663014 0.462694 0.722602 0.322642 0.696309
3 16 9.733 -15.418 15.706 2.038 -8.489 18.197 1.024 -10.062 18.717 0.325359 0.663014 0.471691 0.697592 0.462694 0.722602
3 16 1.024 -10.062 18.717 6.462 -18.695 16.746 8.295 -17.208 16.468 0.462694 0.722602 0.324111 0.728714 0.322642 0.696309
3 16 1.024 -10.062 18.717 -0.280 -11.445 18.871 6.462 -18.695 16.746 0.462694 0.722602 0.457766 0.748862 0.324111 0.728714
3 16 -0.280 -11.445 18.871 4.561 -19.633 16.426 6.462 -18.695 16.746 0.457766 0.748862 0.327791 0.759201 0.324111 0.728714
3 16 -0.280 -11.445 18.871 -1.682 -12.432 18.562 4.561 -19.633 16.426 0.457766 0.748862 0.457287 0.774982 0.327791 0.759201
3 16 -10.622 -7.574 14.457 -5.437 -10.669 12.494 -5.195 -11.843 13.949 0.574278 0.877731 0.485927 0.883183 0.477307 0.858477
3 16 -10.622 -7.574 14.457 -10.688 -6.953 13.257 -5.437 -10.669 12.494 0.574278 0.877731 0.573152 0.896770 0.485927 0.883183
3 16 -10.304 -7.990 15.705 -5.195 -11.843 13.949 -4.475 -12.677 15.507 0.573180 0.859116 0.477307 0.858477 0.467905 0.833701
3 16 -10.304 -7.990 15.705 -10.622 -7.574 14.457 -5.195 -11.843 13.949 0.573180 0.859116 0.574278 0.877731 0.477307 0.858477
3 16 -9.696 -7.954 17.016 -4.475 -12.677 15.507 -3.242 -12.899 17.151 0.572053 0.838423 0.467905 0.833701 0.460751 0.805647
3 16 -9.696 -7.954 17.016 -10.304 -7.990 15.705 -4.475 -12.677 15.507 0.572053 0.838423 0.573180 0.859116 0.467905 0.833701
3 16 -8.914 -7.483 18.219 -3.242 -12.899 17.151 -1.682 -12.432 18.562 0.572475 0.816634 0.460751 0.805647 0.457287 0.774982
3 16 -8.914 -7.483 18.219 -9.696 -7.954 17.016 -3.242 -12.899 17.151 0.572475 0.816634 0.572053 0.838423 0.460751 0.805647
3 16 -10.688 -6.953 13.257 -4.813 -9.419 11.668 -5.437 -10.669 12.494 0.600891 0.389261 0.594022 0.300618 0.616120 0.303952
3 16 -10.688 -6.953 13.257 -10.355 -6.091 12.537 -4.813 -9.419 11.668 0.600891 0.389261 0.585018 0.389432 0.594022 0.300618
3 16 -4.813 -9.419 11.668 -9.778 -5.057 12.074 -3.640 -8.123 11.162 0.594022 0.300618 0.567911 0.387457 0.571134 0.292697
3 16 -4.813 -9.419 11.668 -10.355 -6.091 12.537 -9.778 -5.057 12.074 0.594022 0.300618 0.585018 0.389432 0.567911 0.387457
3 16 -3.640 -8.123 11.162 -9.075 -3.985 11.917 -2.169 -6.989 11.043 0.571134 0.292697 0.550556 0.384279 0.548703 0.281477
3 16 -3.640 -8.123 11.162 -9.778 -5.057 12.074 -9.075 -3.985 11.917 0.571134 0.292697 0.567911 0.387457 0.550556 0.384279
3 16 -2.169 -6.989 11.043 -8.291 -2.854 12.017 -0.356 -5.889 11.251 0.548703 0.281477 0.532306 0.380546 0.523247 0.267616
3 16 -2.169 -6.989 11.043 -9.075 -3.985 11.917 -8.291 -2.854 12.017 0.548703 0.281477 0.550556 0.384279 0.532306 0.380546
3 16 -0.356 -5.889 11.251 -7.432 -2.048 13.024 0.894 -5.453 12.255 0.769330 0.375238 0.736140 0.483866 0.750827 0.361250
3 16 -0.356 -5.889 11.251 -8.291 -2.854 12.017 -7.432 -2.048 13.024 0.769330 0.375238 0.755481 0.494096 0.736140 0.483866
3 16 0.894 -5.453 12.255 -6.774 -1.442 14.500 2.059 -5.293 13.850 0.750827 0.361250 0.713073 0.476734 0.726781 0.347043
3 16 0.894 -5.453 12.255 -7.432 -2.048 13.024 -6.774 -1.442 14.500 0.750827 0.361250 0.736140 0.483866 0.713073 0.476734
3 16 2.059 -5.293 13.850 -6.461 -1.377 16.316 2.712 -5.764 15.735 0.726781 0.347043 0.687935 0.471869 0.702174 0.334612
3 16 2.059 -5.293 13.850 -6.774 -1.442 14.500 -6.461 -1.377 16.316 0.726781 0.347043 0.713073 0.476734 0.687935 0.471869
3 16 2.712 -5.764 15.735 -6.570 -2.219 18.033 2.736 -6.891 17.500 0.702174 0.334612 0.657899 0.469247 0.668542 0.325011
3 16 2.712 -5.764 15.735 -6.461 -1.377 16.316 -6.570 -2.219 18.033 0.702174 0.334612 0.687935 0.471869 0.657899 0.469247
3 16 2.736 -6.891 17.500 -6.919 -3.652 18.694 2.038 -8.489 18.197 0.484458 0.674064 0.596319 0.758159 0.471691 0.697592
3 16 2.736 -6.891 17.500 -6.570 -2.219 18.033 -6.919 -3.652 18.694 0.484458 0.674064 0.610472 0.739995 0.596319 0.758159
3 16 2.038 -8.489 18.197 -7.431 -5.118 19.006 1.024 -10.062 18.717 0.471691 0.697592 0.584873 0.776748 0.462694 0.722602
3 16 2.038 -8.489 18.197 -6.919 -3.652 18.694 -7.431 -5.118 19.006 0.471691 0.697592 0.596319 0.758159 0.584873 0.776748
3 16 -7.431 -5.118 19.006 -0.280 -11.445 18.871 1.024 -10.062 18.717 0.584873 0.776748 0.457766 0.748862 0.462694 0.722602
3 16 -7.431 -5.118 19.006 -8.125 -6.484 18.856 -0.280 -11.445 18.871 0.584873 0.776748 0.576428 0.796801 0.457766 0.748862
3 16 -8.125 -6.484 18.856 -1.682 -12.432 18.562 -0.280 -11.445 18.871 0.576428 0.796801 0.457287 0.774982 0.457766 0.748862
3 16 -8.125 -6.484 18.856 -8.914 -7.483 18.219 -1.682 -12.432 18.562 0.576428 0.796801 0.572475 0.816634 0.457287 0.774982
3 16 -16.783 -5.913 13.864 -10.688 -6.953 13.257 -10.622 -7.574 14.457 0.655981 0.915176 0.573152 0.896770 0.574278 0.877731
3 16 -16.783 -5.913 13.864 -16.736 -5.449 12.946 -10.688 -6.953 13.257 0.655981 0.915176 0.651175 0.928487 0.573152 0.896770
3 16 -16.706 -6.111 14.867 -10.622 -7.574 14.457 -10.304 -7.990 15.705 0.659522 0.901528 0.574278 0.877731 0.573180 0.859116
3 16 -16.706 -6.111 14.867 -16.783 -5.913 13.864 -10.622 -7.574 14.457 0.659522 0.901528 0.655981 0.915176 0.574278 0.877731
3 16 -16.545 -5.937 15.878 -10.304 -7.990 15.705 -9.696 -7.954 17.016 0.662903 0.887702 0.573180 0.859116 0.572053 0.838423
3 16 -16.545 -5.937 15.878 -16.706 -6.111 14.867 -10.304 -7.990 15.705 0.662903 0.887702 0.659522 0.901528 0.573180 0.859116
3 16 -16.377 -5.481 16.789 -9.696 -7.954 17.016 -8.914 -7.483 18.219 0.667222 0.874256 0.572053 0.838423 0.572475 0.816634
3 16 -16.377 -5.481 16.789 -16.545 -5.937 15.878 -9.696 -7.954 17.016 0.667222 0.874256 0.662903 0.887702 0.572053 0.838423
3 16 -10.688 -6.953 13.257 -16.526 -4.695 12.290 -10.355 -6.091 12.537 0.600891 0.389261 0.597428 0.474764 0.585018 0.389432
3 16 -10.688 -6.953 13.257 -16.736 -5.449 12.946 -16.526 -4.695 12.290 0.600891 0.389261 0.610937 0.472459 0.597428 0.474764
3 16 -10.355 -6.091 12.537 -16.261 -3.764 11.809 -9.778 -5.057 12.074 0.585018 0.389432 0.583068 0.476605 0.567911 0.387457
3 16 -10.355 -6.091 12.537 -16.526 -4.695 12.290 -16.261 -3.764 11.809 0.585018 0.389432 0.597428 0.474764 0.583068 0.476605
3 16 -9.778 -5.057 12.074 -15.980 -2.746 11.572 -9.075 -3.985 11.917 0.567911 0.387457 0.568539 0.477927 0.550556 0.384279
3 16 -9.778 -5.057 12.074 -16.261 -3.764 11.809 -15.980 -2.746 11.572 0.567911 0.387457 0.583068 0.476605 0.568539 0.477927
3 16 -9.075 -3.985 11.917 -15.718 -1.736 11.579 -8.291 -2.854 12.017 0.550556 0.384279 0.554388 0.479089 0.532306 0.380546
3 16 -9.075 -3.985 11.917 -15.980 -2.746 11.572 -15.718 -1.736 11.579 0.550556 0.384279 0.568539 0.477927 0.554388 0.479089
3 16 -8.291 -2.854 12.017 -15.577 -0.717 12.583 -7.432 -2.048 13.024 0.755481 0.494096 0.738522 0.597055 0.736140 0.483866
3 16 -8.291 -2.854 12.017 -15.718 -1.736 11.579 -15.577 -0.717 12.583 0.755481 0.494096 0.758021 0.598256 0.738522 0.597055
3 16 -7.432 -2.048 13.024 -15.616 -0.092 13.941 -6.774 -1.442 14.500 0.736140 0.483866 0.716303 0.598205 0.713073 0.476734
3 16 -7.432 -2.048 13.024 -15.577 -0.717 12.583 -15.616 -0.092 13.941 0.736140 0.483866 0.738522 0.597055 0.716303 0.598205
3 16 -6.774 -1.442 14.500 -15.845 0.000 15.485 -6.461 -1.377 16.316 0.713073 0.476734 0.695130 0.601196 0.687935 0.471869
3 16 -6.774 -1.442 14.500 -15.616 -0.092 13.941 -15.845 0.000 15.485 0.713073 0.476734 0.716303 0.598205 0.695130 0.601196
3 16 -6.461 -1.377 16.316 -16.139 -0.692 16.856 -6.570 -2.219 18.033 0.687935 0.471869 0.672210 0.607012 0.657899 0.469247
3 16 -6.461 -1.377 16.316 -15.845 0.000 15.485 -16.139 -0.692 16.856 0.687935 0.471869 0.695130 0.601196 0.672210 0.607012
3 16 -6.570 -2.219 18.033 -16.155 -1.885 17.384 -6.919 -3.652 18.694 0.610472 0.739995 0.699867 0.832674 0.596319 0.758159
3 16 -6.570 -2.219 18.033 -16.139 -0.692 16.856 -16.155 -1.885 17.384 0.610472 0.739995 0.713553 0.819712 0.699867 0.832674
3 16 -6.919 -3.652 18.694 -16.141 -3.199 17.619 -7.431 -5.118 19.006 0.596319 0.758159 0.686545 0.845453 0.584873 0.776748
3 16 -6.919 -3.652 18.694 -16.155 -1.885 17.384 -16.141 -3.199 17.619 0.596319 0.758159 0.699867 0.832674 0.686545 0.845453
3 16 -16.141 -3.199 17.619 -8.125 -6.484 18.856 -7.431 -5.118 19.006 0.686545 0.845453 0.576428 0.796801 0.584873 0.776748
3 16 -16.141 -3.199 17.619 -16.192 -4.477 17.429 -8.125 -6.484 18.856 0.686545 0.845453 0.674797 0.859504 0.576428 0.796801
3 16 -16.192 -4.477 17.429 -8.914 -7.483 18.219 -8.125 -6.484 18.856 0.674797 0.859504 0.572475 0.816634 0.576428 0.796801
3 16 -16.192 -4.477 17.429 -16.377 -5.481 16.789 -8.914 -7.483 18.219 0.674797 0.859504 0.667222 0.874256 0.572475 0.816634
3 16 -21.403 -5.443 13.140 -16.736 -5.449 12.946 -16.783 -5.913 13.864 0.711442 0.949365 0.651175 0.928487 0.655981 0.915176
3 16 -21.403 -5.443 13.140 -21.296 -5.104 12.410 -16.736 -5.449 12.946 0.711442 0.949365 0.705849 0.959293 0.651175 0.928487
3 16 -21.472 -5.583 13.923 -16.783 -5.913 13.864 -16.706 -6.111 14.867 0.716344 0.939480 0.655981 0.915176 0.659522 0.901528
3 16 -21.472 -5.583 13.923 -21.403 -5.443 13.140 -16.783 -5.913 13.864 0.716344 0.939480 0.711442 0.949365 0.655981 0.915176
3 16 -21.510 -5.475 14.708 -16.706 -6.111 14.867 -16.545 -5.937 15.878 0.721207 0.929402 0.659522 0.901528 0.662903 0.887702
3 16 -21.510 -5.475 14.708 -21.472 -5.583 13.923 -16.706 -6.111 14.867 0.721207 0.929402 0.716344 0.939480 0.659522 0.901528
3 16 -21.536 -5.133 15.420 -16.545 -5.937 15.878 -16.377 -5.481 16.789 0.726343 0.919513 0.662903 0.887702 0.667222 0.874256
3 16 -21.536 -5.133 15.420 -21.510 -5.475 14.708 -16.545 -5.937 15.878 0.726343 0.919513 0.721207 0.929402 0.662903 0.887702
3 16 -16.736 -5.449 12.946 -21.141 -4.502 11.744 -16.526 -4.695 12.290 0.610937 0.472459 0.615733 0.535097 0.597428 0.474764
3 16 -16.736 -5.449 12.946 -21.296 -5.104 12.410 -21.141 -4.502 11.744 0.610937 0.472459 0.627757 0.532096 0.615733 0.535097
3 16 -16.526 -4.695 12.290 -20.999 -3.730 11.203 -16.261 -3.764 11.809 0.597428 0.474764 0.602811 0.538271 0.583068 0.476605
3 16 -16.526 -4.695 12.290 -21.141 -4.502 11.744 -20.999 -3.730 11.203 0.597428 0.474764 0.615733 0.535097 0.602811 0.538271
3 16 -16.261 -3.764 11.809 -20.907 -2.846 10.900 -15.980 -2.746 11.572 0.583068 0.476605 0.590491 0.541477 0.568539 0.477927
3 16 -16.261 -3.764 11.809 -20.999 -3.730 11.203 -20.907 -2.846 10.900 0.583068 0.476605 0.602811 0.538271 0.590491 0.541477
3 16 -15.980 -2.746 11.572 -20.892 -1.912 10.892 -15.718 -1.736 11.579 0.568539 0.477927 0.578036 0.545350 0.554388 0.479089
3 16 -15.980 -2.746 11.572 -20.907 -2.846 10.900 -20.892 -1.912 10.892 0.568539 0.477927 0.590491 0.541477 0.578036 0.545350
3 16 -15.718 -1.736 11.579 -21.040 -0.865 11.683 -15.577 -0.717 12.583 0.758021 0.598256 0.748679 0.671394 0.738522 0.597055
3 16 -15.718 -1.736 11.579 -20.892 -1.912 10.892 -21.040 -0.865 11.683 0.758021 0.598256 0.767819 0.670461 0.748679 0.671394
3 16 -15.577 -0.717 12.583 -21.259 -0.313 12.926 -15.616 -0.092 13.941 0.738522 0.597055 0.729259 0.673880 0.716303 0.598205
3 16 -15.577 -0.717 12.583 -21.040 -0.865 11.683 -21.259 -0.313 12.926 0.738522 0.597055 0.748679 0.671394 0.729259 0.673880
3 16 -15.616 -0.092 13.941 -21.488 -0.326 14.337 -15.845 0.000 15.485 0.716303 0.598205 0.709067 0.677853 0.695130 0.601196
3 16 -15.616 -0.092 13.941 -21.259 -0.313 12.926 -21.488 -0.326 14.337 0.716303 0.598205 0.729259 0.673880 0.709067 0.677853
3 16 -15.845 0.000 15.485 -21.637 -1.004 15.588 -16.139 -0.692 16.856 0.695130 0.601196 0.690325 0.682254 0.672210 0.607012
3 16 -15.845 0.000 15.485 -21.488 -0.326 14.337 -21.637 -1.004 15.588 0.695130 0.601196 0.709067 0.677853 0.690325 0.682254
3 16 -16.139 -0.692 16.856 -21.627 -2.018 16.150 -16.155 -1.885 17.384 0.713553 0.819712 0.756434 0.883221 0.699867 0.832674
3 16 -16.139 -0.692 16.856 -21.637 -1.004 15.588 -21.627 -2.018 16.150 0.713553 0.819712 0.769572 0.872527 0.756434 0.883221
3 16 -16.155 -1.885 17.384 -21.595 -3.160 16.317 -16.141 -3.199 17.619 0.699867 0.832674 0.744913 0.894368 0.686545 0.845453
3 16 -16.155 -1.885 17.384 -21.627 -2.018 16.150 -21.595 -3.160 16.317 0.699867 0.832674 0.756434 0.883221 0.744913 0.894368
3 16 -21.595 -3.160 16.317 -16.192 -4.477 17.429 -16.141 -3.199 17.619 0.744913 0.894368 0.674797 0.859504 0.686545 0.845453
3 16 -21.595 -3.160 16.317 -21.558 -4.274 16.058 -16.192 -4.477 17.429 0.744913 0.894368 0.734486 0.906841 0.674797 0.859504
3 16 -21.558 -4.274 16.058 -16.377 -5.481 16.789 -16.192 -4.477 17.429 0.734486 0.906841 0.667222 0.874256 0.674797 0.859504
3 16 -21.558 -4.274 16.058 -21.536 -5.133 15.420 -16.377 -5.481 16.789 0.734486 0.906841 0.726343 0.919513 0.667222 0.874256
3 16 -24.647 -1.626 11.219 -25.734 -2.830 10.763 -26.132 -2.257 11.296 0.757671 0.721257 0.770633 0.740062 0.757469 0.743451
3 16 -24.647 -1.626 11.219 -24.475 -2.529 10.643 -25.734 -2.830 10.763 0.757671 0.721257 0.772278 0.721888 0.770633 0.740062
3 16 -24.475 -3.341 10.614 -25.734 -2.830 10.763 -24.475 -2.529 10.643 0.611194 0.585914 0.610733 0.604330 0.600802 0.589365
3 16 -24.475 -3.341 10.614 -26.001 -3.514 10.750 -25.734 -2.830 10.763 0.611194 0.585914 0.621591 0.604021 0.610733 0.604330
3 16 -24.515 -4.114 10.865 -26.001 -3.514 10.750 -24.475 -3.341 10.614 0.622103 0.582173 0.621591 0.604021 0.611194 0.585914
3 16 -24.515 -4.114 10.865 -26.073 -4.157 10.962 -26.001 -3.514 10.750 0.622103 0.582173 0.630604 0.601638 0.621591 0.604021
3 16 -24.515 -4.114 10.865 -25.982 -4.729 11.347 -26.073 -4.157 10.962 0.622103 0.582173 0.639417 0.596956 0.630604 0.601638
3 16 -24.515 -4.114 10.865 -24.579 -4.785 11.343 -25.982 -4.729 11.347 0.622103 0.582173 0.633111 0.579060 0.639417 0.596956
3 16 -25.751 -5.189 11.865 -24.579 -4.785 11.343 -24.648 -5.297 11.954 0.647431 0.590443 0.633111 0.579060 0.643669 0.575345
3 16 -25.751 -5.189 11.865 -25.982 -4.729 11.347 -24.579 -4.785 11.343 0.647431 0.590443 0.639417 0.596956 0.633111 0.579060
3 16 -24.768 -5.613 12.599 -25.751 -5.189 11.865 -24.648 -5.297 11.954 0.751280 0.974734 0.760674 0.990327 0.746101 0.983800
3 16 -24.768 -5.613 12.599 -26.117 -5.383 12.396 -25.751 -5.189 11.865 0.751280 0.974734 0.768427 0.984188 0.760674 0.990327
3 16 -24.956 -5.502 13.983 -26.174 -4.882 14.083 -26.366 -5.230 13.550 0.762015 0.956923 0.780955 0.959388 0.779077 0.969233
3 16 -24.956 -5.502 13.983 -24.976 -5.023 14.523 -26.174 -4.882 14.083 0.762015 0.956923 0.766344 0.948351 0.780955 0.959388
3 16 -26.366 -5.230 13.550 -24.889 -5.698 13.298 -24.956 -5.502 13.983 0.779077 0.969233 0.756632 0.965859 0.762015 0.956923
3 16 -26.366 -5.230 13.550 -26.360 -5.401 12.961 -24.889 -5.698 13.298 0.779077 0.969233 0.775411 0.977189 0.756632 0.965859
3 16 -24.889 -5.698 13.298 -26.117 -5.383 12.396 -24.768 -5.613 12.599 0.756632 0.965859 0.768427 0.984188 0.751280 0.974734
3 16 -24.889 -5.698 13.298 -26.360 -5.401 12.961 -26.117 -5.383 12.396 0.756632 0.965859 0.775411 0.977189 0.768427 0.984188
3 16 -25.070 -4.234 14.961 -26.174 -4.882 14.083 -24.976 -5.023 14.523 0.774346 0.938447 0.780955 0.959388 0.766344 0.948351
3 16 -25.070 -4.234 14.961 -26.450 -4.195 14.275 -26.174 -4.882 14.083 0.774346 0.938447 0.790502 0.952625 0.780955 0.959388
3 16 -25.145 -3.311 15.099 -26.450 -4.195 14.275 -25.070 -4.234 14.961 0.783288 0.928537 0.790502 0.952625 0.774346 0.938447
3 16 -25.145 -3.311 15.099 -26.528 -3.454 14.261 -26.450 -4.195 14.275 0.783288 0.928537 0.798629 0.945021 0.790502 0.952625
3 16 -26.415 -2.727 14.087 -25.145 -3.311 15.099 -25.169 -2.409 14.893 0.805608 0.937000 0.783288 0.928537 0.793576 0.919973
3 16 -26.415 -2.727 14.087 -26.528 -3.454 14.261 -25.145 -3.311 15.099 0.805608 0.937000 0.798629 0.945021 0.783288 0.928537
3 16 -25.169 -2.409 14.893 -26.111 -2.045 13.791 -26.415 -2.727 14.087 0.793576 0.919973 0.812427 0.927446 0.805608 0.937000
3 16 -25.169 -2.409 14.893 -25.119 -1.654 14.334 -26.111 -2.045 13.791 0.793576 0.919973 0.804350 0.912821 0.812427 0.927446
3 16 -25.031 -1.137 13.331 -26.111 -2.045 13.791 -25.119 -1.654 14.334 0.724371 0.727033 0.718612 0.745957 0.709886 0.731892
3 16 -25.031 -1.137 13.331 -26.348 -1.842 12.917 -26.111 -2.045 13.791 0.724371 0.727033 0.732419 0.746473 0.718612 0.745957
3 16 -24.872 -1.113 12.196 -26.348 -1.842 12.917 -25.031 -1.137 13.331 0.741488 0.723515 0.732419 0.746473 0.724371 0.727033
3 16 -24.872 -1.113 12.196 -26.347 -1.914 12.045 -26.348 -1.842 12.917 0.741488 0.723515 0.745874 0.745622 0.732419 0.746473
3 16 -24.647 -1.626 11.219 -26.347 -1.914 12.045 -24.872 -1.113 12.196 0.757671 0.721257 0.745874 0.745622 0.741488 0.723515
3 16 -24.647 -1.626 11.219 -26.132 -2.257 11.296 -26.347 -1.914 12.045 0.757671 0.721257 0.757469 0.743451 0.745874 0.745622
3 16 -26.360 -5.401 12.961 -26.757 -4.831 11.963 -26.117 -5.383 12.396 0.357325 0.212841 0.369402 0.199385 0.368138 0.211451
3 16 -26.360 -5.401 12.961 -27.156 -4.728 12.674 -26.757 -4.831 11.963 0.357325 0.212841 0.358940 0.199391 0.369402 0.199385
3 16 -27.042 -4.529 13.475 -26.360 -5.401 12.961 -26.366 -5.230 13.550 0.346131 0.199801 0.357325 0.212841 0.347808 0.211600
3 16 -27.042 -4.529 13.475 -27.156 -4.728 12.674 -26.360 -5.401 12.961 0.346131 0.199801 0.358940 0.199391 0.357325 0.212841
3 16 -26.348 -1.842 12.917 -27.246 -2.933 12.182 -27.079 -2.776 13.215 0.344003 0.155168 0.359227 0.170742 0.341258 0.172462
3 16 -26.348 -1.842 12.917 -26.347 -1.914 12.045 -27.246 -2.933 12.182 0.344003 0.155168 0.359765 0.153478 0.359227 0.170742
3 16 -27.246 -2.933 12.182 -26.132 -2.257 11.296 -26.858 -3.269 11.282 0.359227 0.170742 0.373452 0.156278 0.374929 0.174445
3 16 -27.246 -2.933 12.182 -26.347 -1.914 12.045 -26.132 -2.257 11.296 0.359227 0.170742 0.359765 0.153478 0.373452 0.156278
3 16 -27.246 -2.933 12.182 -26.995 -4.084 11.553 -27.428 -3.851 12.401 0.359227 0.170742 0.371165 0.186580 0.359521 0.184598
3 16 -27.246 -2.933 12.182 -26.858 -3.269 11.282 -26.995 -4.084 11.553 0.359227 0.170742 0.374929 0.174445 0.371165 0.186580
3 16 -27.260 -3.660 13.371 -27.246 -2.933 12.182 -27.428 -3.851 12.401 0.344096 0.185698 0.359227 0.170742 0.359521 0.184598
3 16 -27.260 -3.660 13.371 -27.079 -2.776 13.215 -27.246 -2.933 12.182 0.344096 0.185698 0.341258 0.172462 0.359227 0.170742
3 16 -27.260 -3.660 13.371 -27.156 -4.728 12.674 -27.042 -4.529 13.475 0.344096 0.185698 0.358940 0.199391 0.346131 0.199801
3 16 -27.260 -3.660 13.371 -27.428 -3.851 12.401 -27.156 -4.728 12.674 0.344096 0.185698 0.359521 0.184598 0.358940 0.199391
3 16 -27.428 -3.851 12.401 -26.757 -4.831 11.963 -27.156 -4.728 12.674 0.359521 0.184598 0.369402 0.199385 0.358940 0.199391
3 16 -27.428 -3.851 12.401 -26.995 -4.084 11.553 -26.757 -4.831 11.963 0.359521 0.184598 0.371165 0.186580 0.369402 0.199385
3 16 -26.858 -3.269 11.282 -25.734 -2.830 10.763 -26.001 -3.514 10.750 0.374929 0.174445 0.386351 0.164290 0.387663 0.176281
3 16 -26.858 -3.269 11.282 -26.132 -2.257 11.296 -25.734 -2.830 10.763 0.374929 0.174445 0.373452 0.156278 0.386351 0.164290
3 16 -26.073 -4.157 10.962 -26.858 -3.269 11.282 -26.001 -3.514 10.750 0.387170 0.187212 0.374929 0.174445 0.387663 0.176281
3 16 -26.073 -4.157 10.962 -26.995 -4.084 11.553 -26.858 -3.269 11.282 0.387170 0.187212 0.371165 0.186580 0.374929 0.174445
3 16 -25.982 -4.729 11.347 -26.995 -4.084 11.553 -26.073 -4.157 10.962 0.383690 0.198318 0.371165 0.186580 0.387170 0.187212
3 16 -25.982 -4.729 11.347 -26.757 -4.831 11.963 -26.995 -4.084 11.553 0.383690 0.198318 0.369402 0.199385 0.371165 0.186580
3 16 -25.751 -5.189 11.865 -26.757 -4.831 11.963 -25.982 -4.729 11.347 0.378454 0.208510 0.369402 0.199385 0.383690 0.198318
3 16 -25.751 -5.189 11.865 -26.117 -5.383 12.396 -26.757 -4.831 11.963 0.378454 0.208510 0.368138 0.211451 0.369402 0.199385
3 16 -27.042 -4.529 13.475 -26.174 -4.882 14.083 -26.450 -4.195 14.275 0.346131 0.199801 0.336991 0.209560 0.330659 0.198428
3 16 -27.042 -4.529 13.475 -26.366 -5.230 13.550 -26.174 -4.882 14.083 0.346131 0.199801 0.347808 0.211600 0.336991 0.209560
3 16 -27.260 -3.660 13.371 -26.450 -4.195 14.275 -26.528 -3.454 14.261 0.344096 0.185698 0.330659 0.198428 0.327130 0.186367
3 16 -27.260 -3.660 13.371 -27.042 -4.529 13.475 -26.450 -4.195 14.275 0.344096 0.185698 0.346131 0.199801 0.330659 0.198428
3 16 -27.079 -2.776 13.215 -26.528 -3.454 14.261 -26.415 -2.727 14.087 0.341258 0.172462 0.327130 0.186367 0.327812 0.174371
3 16 -27.079 -2.776 13.215 -27.260 -3.660 13.371 -26.528 -3.454 14.261 0.341258 0.172462 0.344096 0.185698 0.327130 0.186367
3 16 -26.111 -2.045 13.791 -27.079 -2.776 13.215 -26.415 -2.727 14.087 0.330225 0.161813 0.341258 0.172462 0.327812 0.174371
3 16 -26.111 -2.045 13.791 -26.348 -1.842 12.917 -27.079 -2.776 13.215 0.330225 0.161813 0.344003 0.155168 0.341258 0.172462
3 16 -24.647 -1.626 11.219 -20.892 -1.912 10.892 -24.475 -2.529 10.643 0.757671 0.721257 0.767819 0.670461 0.772278 0.721888
3 16 -24.647 -1.626 11.219 -21.040 -0.865 11.683 -20.892 -1.912 10.892 0.757671 0.721257 0.748679 0.671394 0.767819 0.670461
3 16 -24.475 -2.529 10.643 -20.907 -2.846 10.900 -24.475 -3.341 10.614 0.600802 0.589365 0.590491 0.541477 0.611194 0.585914
3 16 -24.475 -2.529 10.643 -20.892 -1.912 10.892 -20.907 -2.846 10.900 0.600802 0.589365 0.578036 0.545350 0.590491 0.541477
3 16 -24.475 -3.341 10.614 -20.999 -3.730 11.203 -24.515 -4.114 10.865 0.611194 0.585914 0.602811 0.538271 0.622103 0.582173
3 16 -24.475 -3.341 10.614 -20.907 -2.846 10.900 -20.999 -3.730 11.203 0.611194 0.585914 0.590491 0.541477 0.602811 0.538271
3 16 -24.515 -4.114 10.865 -21.141 -4.502 11.744 -24.579 -4.785 11.343 0.622103 0.582173 0.615733 0.535097 0.633111 0.579060
3 16 -24.515 -4.114 10.865 -20.999 -3.730 11.203 -21.141 -4.502 11.744 0.622103 0.582173 0.602811 0.538271 0.615733 0.535097
3 16 -24.579 -4.785 11.343 -21.296 -5.104 12.410 -24.648 -5.297 11.954 0.633111 0.579060 0.627757 0.532096 0.643669 0.575345
3 16 -24.579 -4.785 11.343 -21.141 -4.502 11.744 -21.296 -5.104 12.410 0.633111 0.579060 0.615733 0.535097 0.627757 0.532096
3 16 -24.648 -5.297 11.954 -21.403 -5.443 13.140 -24.768 -5.613 12.599 0.746101 0.983800 0.711442 0.949365 0.751280 0.974734
3 16 -24.648 -5.297 11.954 -21.296 -5.104 12.410 -21.403 -5.443 13.140 0.746101 0.983800 0.705849 0.959293 0.711442 0.949365
3 16 -24.889 -5.698 13.298 -21.403 -5.443 13.140 -21.472 -5.583 13.923 0.756632 0.965859 0.711442 0.949365 0.716344 0.939480
3 16 -24.889 -5.698 13.298 -24.768 -5.613 12.599 -21.403 -5.443 13.140 0.756632 0.965859 0.751280 0.974734 0.711442 0.949365
3 16 -24.956 -5.502 13.983 -21.472 -5.583 13.923 -21.510 -5.475 14.708 0.762015 0.956923 0.716344 0.939480 0.721207 0.929402
3 16 -24.956 -5.502 13.983 -24.889 -5.698 13.298 -21.472 -5.583 13.923 0.762015 0.956923 0.756632 0.965859 0.716344 0.939480
3 16 -21.510 -5.475 14.708 -24.976 -5.023 14.523 -24.956 -5.502 13.983 0.721207 0.929402 0.766344 0.948351 0.762015 0.956923
3 16 -21.510 -5.475 14.708 -21.536 -5.133 15.420 -24.976 -5.023 14.523 0.721207 0.929402 0.726343 0.919513 0.766344 0.948351
3 16 -25.070 -4.234 14.961 -21.536 -5.133 15.420 -21.558 -4.274 16.058 0.774346 0.938447 0.726343 0.919513 0.734486 0.906841
3 16 -25.070 -4.234 14.961 -24.976 -5.023 14.523 -21.536 -5.133 15.420 0.774346 0.938447 0.766344 0.948351 0.726343 0.919513
3 16 -25.145 -3.311 15.099 -21.558 -4.274 16.058 -21.595 -3.160 16.317 0.783288 0.928537 0.734486 0.906841 0.744913 0.894368
3 16 -25.145 -3.311 15.099 -25.070 -4.234 14.961 -21.558 -4.274 16.058 0.783288 0.928537 0.774346 0.938447 0.734486 0.906841
3 16 -25.145 -3.311 15.099 -21.627 -2.018 16.150 -25.169 -2.409 14.893 0.783288 0.928537 0.756434 0.883221 0.793576 0.919973
3 16 -25.145 -3.311 15.099 -21.595 -3.160 16.317 -21.627 -2.018 16.150 0.783288 0.928537 0.744913 0.894368 0.756434 0.883221
3 16 -25.169 -2.409 14.893 -21.637 -1.004 15.588 -25.119 -1.654 14.334 0.793576 0.919973 0.769572 0.872527 0.804350 0.912821
3 16 -25.169 -2.409 14.893 -21.627 -2.018 16.150 -21.637 -1.004 15.588 0.793576 0.919973 0.756434 0.883221 0.769572 0.872527
3 16 -25.119 -1.654 14.334 -21.488 -0.326 14.337 -25.031 -1.137 13.331 0.709886 0.731892 0.709067 0.677853 0.724371 0.727033
3 16 -25.119 -1.654 14.334 -21.637 -1.004 15.588 -21.488 -0.326 14.337 0.709886 0.731892 0.690325 0.682254 0.709067 0.677853
3 16 -25.031 -1.137 13.331 -21.259 -0.313 12.926 -24.872 -1.113 12.196 0.724371 0.727033 0.729259 0.673880 0.741488 0.723515
3 16 -25.031 -1.137 13.331 -21.488 -0.326 14.337 -21.259 -0.313 12.926 0.724371 0.727033 0.709067 0.677853 0.729259 0.673880
3 16 -24.872 -1.113 12.196 -21.040 -0.865 11.683 -24.647 -1.626 11.219 0.741488 0.723515 0.748679 0.671394 0.757671 0.721257
3 16 -24.872 -1.113 12.196 -21.259 -0.313 12.926 -21.040 -0.865 11.683 0.741488 0.723515 0.729259 0.673880 0.748679 0.671394
3 16 27.428 -23.391 -19.006 9.928 -26.392 -19.006 9.928 -23.391 -19.006 0.947900 0.013196 0.988623 0.250780 0.947900 0.250780
3 16 27.428 -23.391 -19.006 27.428 -26.392 -19.006 9.928 -26.392 -19.006 0.947900 0.013196 0.988623 0.013196 0.988623 0.250780
3 16 27.428 -23.391 -19.006 27.428 -26.392 0.994 27.428 -26.392 -19.006 0.884554 0.574415 0.925277 0.302891 0.925277 0.574415
3 16 27.428 -23.391 -19.006 27.428 -23.391 0.994 27.428 -26.392 0.994 0.884554 0.574415 0.884554 0.302891 0.925277 0.302891
3 16 9.928 -26.392 0.994 16.940 -26.392 0.994 15.033 -29.313 0.994 0.099455 0.914181 0.175399 0.971586 0.131364 0.987376
3 16 12.685 -30.531 0.994 9.928 -31.001 0.994 9.928 -26.392 0.994 0.095917 0.981603 0.062087 0.964358 0.099455 0.914181
3 16 9.928 -26.392 0.994 15.033 -29.313 0.994 12.685 -30.531 0.994 0.099455 0.914181 0.131364 0.987376 0.095917 0.981603
3 16 9.928 -23.391 0.994 15.029 -20.432 0.994 16.880 -23.391 0.994 0.486221 0.970154 0.555835 0.930614 0.580524 0.970998
3 16 9.928 -23.391 0.994 12.677 -19.048 0.994 15.029 -20.432 0.994 0.486221 0.970154 0.524069 0.911536 0.555835 0.930614
3 16 9.928 -23.391 0.994 9.928 -18.450 0.994 12.677 -19.048 0.994 0.486221 0.970154 0.486827 0.903086 0.524069 0.911536
3 16 16.880 -23.391 0.994 17.122 -23.718 5.415 17.413 -24.897 0.994 0.918486 0.034260 0.857081 0.021146 0.920351 0.012432
3 16 16.880 -23.391 0.994 16.327 -21.173 4.594 17.122 -23.718 5.415 0.918486 0.034260 0.865182 0.059255 0.857081 0.021146
3 16 15.033 -29.313 0.994 16.102 -25.904 5.979 14.369 -27.857 6.408 0.039128 0.770742 0.103018 0.706681 0.112401 0.741933
3 16 15.033 -29.313 0.994 16.940 -26.392 0.994 16.102 -25.904 5.979 0.039128 0.770742 0.030495 0.719956 0.103018 0.706681
3 16 12.685 -30.531 0.994 14.369 -27.857 6.408 12.129 -29.238 6.600 0.052367 0.807613 0.112401 0.741933 0.123454 0.774000
3 16 12.685 -30.531 0.994 15.033 -29.313 0.994 14.369 -27.857 6.408 0.052367 0.807613 0.039128 0.770742 0.112401 0.741933
3 16 9.928 -31.001 0.994 12.129 -29.238 6.600 9.687 -29.883 6.523 0.071879 0.844450 0.123454 0.774000 0.138558 0.806969
3 16 9.928 -31.001 0.994 12.685 -30.531 0.994 12.129 -29.238 6.600 0.071879 0.844450 0.052367 0.807613 0.123454 0.774000
3 16 15.029 -20.432 0.994 16.327 -21.173 4.594 16.880 -23.391 0.994 0.915245 0.082137 0.865182 0.059255 0.918486 0.034260
3 16 15.029 -20.432 0.994 14.610 -18.932 3.869 16.327 -21.173 4.594 0.915245 0.082137 0.875632 0.101277 0.865182 0.059255
3 16 12.677 -19.048 0.994 14.610 -18.932 3.869 15.029 -20.432 0.994 0.918992 0.119052 0.875632 0.101277 0.915245 0.082137
3 16 12.677 -19.048 0.994 12.075 -17.489 3.425 14.610 -18.932 3.869 0.918992 0.119052 0.885822 0.141686 0.875632 0.101277
3 16 9.928 -18.450 0.994 12.075 -17.489 3.425 12.677 -19.048 0.994 0.929300 0.155836 0.885822 0.141686 0.918992 0.119052
3 16 9.928 -18.450 0.994 9.292 -16.960 3.198 12.075 -17.489 3.425 0.929300 0.155836 0.899340 0.177929 0.885822 0.141686
3 16 16.940 -26.392 0.994 15.568 -26.392 -3.050 17.411 -26.392 -2.433 0.159351 0.036498 0.179189 0.090403 0.153428 0.083084
3 16 16.940 -26.392 0.994 9.928 -26.392 0.994 15.568 -26.392 -3.050 0.159351 0.036498 0.255018 0.036550 0.179189 0.090403
3 16 17.413 -24.897 0.994 27.428 -23.391 0.994 16.880 -23.391 0.994 0.134126 0.238148 0.151590 0.101299 0.154565 0.244957
3 16 17.413 -24.897 0.994 27.428 -26.392 0.994 27.428 -23.391 0.994 0.134126 0.238148 0.110739 0.102207 0.151590 0.101299
3 16 9.928 -23.391 0.994 15.568 -23.391 -3.050 14.248 -23.391 -4.392 0.258525 0.332355 0.333937 0.386745 0.315649 0.405223
3 16 9.928 -23.391 0.994 14.248 -23.391 -4.392 13.669 -23.391 -6.221 0.258525 0.332355 0.315649 0.405223 0.308570 0.430648
3 16 13.669 -23.391 -6.221 14.248 -26.392 -4.392 13.669 -26.392 -6.221 0.875972 0.926149 0.849103 0.885431 0.875973 0.885427
3 16 13.669 -23.391 -6.221 14.248 -23.391 -4.392 14.248 -26.392 -4.392 0.875972 0.926149 0.849103 0.926143 0.849103 0.885431
3 16 14.248 -23.391 -4.392 15.568 -26.392 -3.050 14.248 -26.392 -4.392 0.837920 0.828227 0.851241 0.868938 0.837920 0.868936
3 16 14.248 -23.391 -4.392 15.568 -23.391 -3.050 15.568 -26.392 -3.050 0.837920 0.828227 0.851241 0.828226 0.851241 0.868938
3 16 15.568 -23.391 -3.050 17.411 -26.392 -2.433 15.568 -26.392 -3.050 0.851241 0.828226 0.878550 0.868943 0.851241 0.868938
3 16 15.568 -23.391 -3.050 17.411 -23.391 -2.433 17.411 -26.392 -2.433 0.851241 0.828226 0.878549 0.828220 0.878550 0.868943
3 16 9.928 -23.391 -19.006 14.248 -23.391 -13.611 15.568 -23.391 -14.952 0.256678 0.603855 0.314782 0.531656 0.332808 0.550393
3 16 9.928 -23.391 -19.006 13.669 -23.391 -11.782 14.248 -23.391 -13.611 0.256678 0.603855 0.308058 0.506132 0.314782 0.531656
3 16 9.928 -23.391 0.994 13.669 -23.391 -11.782 9.928 -23.391 -19.006 0.258525 0.332355 0.308058 0.506132 0.256678 0.603855
3 16 9.928 -23.391 0.994 13.669 -23.391 -6.221 13.669 -23.391 -11.782 0.258525 0.332355 0.308570 0.430648 0.308058 0.506132
3 16 26.178 -23.391 -11.782 25.599 -26.392 -13.611 26.178 -26.392 -11.782 0.946546 0.592872 0.973415 0.633590 0.946545 0.633594
3 16 26.178 -23.391 -11.782 25.599 -23.391 -13.611 25.599 -26.392 -13.611 0.946546 0.592872 0.973415 0.592878 0.973415 0.633590
3 16 25.599 -23.391 -13.611 24.278 -26.392 -14.894 25.599 -26.392 -13.611 0.983766 0.688809 0.970898 0.648098 0.983766 0.648100
3 16 25.599 -23.391 -13.611 24.278 -23.391 -14.894 24.278 -26.392 -14.894 0.983766 0.688809 0.970898 0.688810 0.970898 0.648098
3 16 24.278 -23.391 -14.894 22.436 -26.392 -15.569 24.278 -26.392 -14.894 0.970898 0.688810 0.943136 0.648093 0.970898 0.648098
3 16 24.278 -23.391 -14.894 22.436 -23.391 -15.569 22.436 -26.392 -15.569 0.970898 0.688810 0.943137 0.688816 0.943136 0.648093
3 16 22.436 -26.392 -15.569 17.411 -23.391 -15.569 17.411 -26.392 -15.569 0.943136 0.648093 0.874910 0.688816 0.874910 0.648093
3 16 22.436 -26.392 -15.569 22.436 -23.391 -15.569 17.411 -23.391 -15.569 0.943136 0.648093 0.943137 0.688816 0.874910 0.688816
3 16 26.178 -23.391 -6.221 26.178 -26.392 -11.782 26.178 -26.392 -6.221 0.871053 0.592872 0.946545 0.633594 0.871053 0.633594
3 16 26.178 -23.391 -6.221 26.178 -23.391 -11.782 26.178 -26.392 -11.782 0.871053 0.592872 0.946546 0.592872 0.946545 0.633594
3 16 9.928 -26.392 0.994 14.248 -26.392 -4.392 15.568 -26.392 -3.050 0.255018 0.036550 0.197346 0.109011 0.179189 0.090403
3 16 9.928 -26.392 0.994 13.669 -26.392 -6.221 14.248 -26.392 -4.392 0.255018 0.036550 0.204248 0.134491 0.197346 0.109011
3 16 9.928 -26.392 -19.006 15.568 -26.392 -14.952 14.248 -26.392 -13.611 0.255039 0.308056 0.179226 0.254089 0.197371 0.235471
3 16 9.928 -26.392 -19.006 14.248 -26.392 -13.611 13.669 -26.392 -11.782 0.255039 0.308056 0.197371 0.235471 0.204262 0.209990
3 16 14.248 -23.391 -13.611 13.669 -26.392 -11.782 14.248 -26.392 -13.611 0.978334 0.926144 0.951465 0.885427 0.978335 0.885433
3 16 14.248 -23.391 -13.611 13.669 -23.391 -11.782 13.669 -26.392 -11.782 0.978334 0.926144 0.951465 0.926149 0.951465 0.885427
3 16 15.568 -23.391 -14.952 14.248 -26.392 -13.611 15.568 -26.392 -14.952 0.991448 0.926141 0.978335 0.885433 0.991447 0.885436
3 16 15.568 -23.391 -14.952 14.248 -23.391 -13.611 14.248 -26.392 -13.611 0.991448 0.926141 0.978334 0.926144 0.978335 0.885433
3 16 17.411 -23.391 -15.569 15.568 -26.392 -14.952 17.411 -26.392 -15.569 0.874910 0.688816 0.847602 0.648098 0.874910 0.648093
3 16 17.411 -23.391 -15.569 15.568 -23.391 -14.952 15.568 -26.392 -14.952 0.874910 0.688816 0.847602 0.688810 0.847602 0.648098
3 16 9.928 -26.392 0.994 13.669 -26.392 -11.782 13.669 -26.392 -6.221 0.255018 0.036550 0.204262 0.209990 0.204248 0.134491
3 16 9.928 -26.392 0.994 9.928 -26.392 -19.006 13.669 -26.392 -11.782 0.255018 0.036550 0.255039 0.308056 0.204262 0.209990
3 16 13.669 -23.391 -11.782 13.669 -26.392 -6.221 13.669 -26.392 -11.782 0.951465 0.926149 0.875973 0.885427 0.951465 0.885427
3 16 13.669 -23.391 -11.782 13.669 -23.391 -6.221 13.669 -26.392 -6.221 0.951465 0.926149 0.875972 0.926149 0.875973 0.885427
3 16 25.599 -23.391 -4.392 26.178 -26.392 -6.221 25.599 -26.392 -4.392 0.844184 0.592876 0.871053 0.633594 0.844183 0.633588
3 16 25.599 -23.391 -4.392 26.178 -23.391 -6.221 26.178 -26.392 -6.221 0.844184 0.592876 0.871053 0.592872 0.871053 0.633594
3 16 24.278 -23.391 -3.050 25.599 -26.392 -4.392 24.278 -26.392 -3.050 0.831070 0.592880 0.844183 0.633588 0.831071 0.633585
3 16 24.278 -23.391 -3.050 25.599 -23.391 -4.392 25.599 -26.392 -4.392 0.831070 0.592880 0.844184 0.592876 0.844183 0.633588
3 16 22.436 -23.391 -2.433 24.278 -26.392 -3.050 22.436 -26.392 -2.433 0.946776 0.828220 0.974084 0.868938 0.946776 0.868943
3 16 22.436 -23.391 -2.433 24.278 -23.391 -3.050 24.278 -26.392 -3.050 0.946776 0.828220 0.974084 0.828226 0.974084 0.868938
3 16 22.436 -23.391 -2.433 17.411 -26.392 -2.433 17.411 -23.391 -2.433 0.946776 0.828220 0.878550 0.868943 0.878549 0.828220
3 16 22.436 -23.391 -2.433 22.436 -26.392 -2.433 17.411 -26.392 -2.433 0.946776 0.828220 0.946776 0.868943 0.878550 0.868943
3 16 9.928 -23.391 -19.006 17.411 -23.391 -15.569 27.428 -23.391 -19.006 0.256678 0.603855 0.358513 0.557906 0.494183 0.605518
3 16 9.928 -23.391 -19.006 15.568 -23.391 -14.952 17.411 -23.391 -15.569 0.256678 0.603855 0.332808 0.550393 0.358513 0.557906
3 16 27.428 -23.391 0.994 25.599 -23.391 -4.392 24.278 -23.391 -3.050 0.496076 0.334048 0.471691 0.406337 0.453672 0.387602
3 16 27.428 -23.391 0.994 24.278 -23.391 -3.050 22.436 -23.391 -2.433 0.496076 0.334048 0.453672 0.387602 0.427971 0.380089
3 16 27.428 -23.391 0.994 26.178 -23.391 -6.221 25.599 -23.391 -4.392 0.496076 0.334048 0.478409 0.431859 0.471691 0.406337
3 16 22.436 -23.391 -2.433 16.880 -23.391 0.994 27.428 -23.391 0.994 0.427971 0.380089 0.352872 0.333022 0.496076 0.334048
3 16 22.436 -23.391 -2.433 17.411 -23.391 -2.433 16.880 -23.391 0.994 0.427971 0.380089 0.359746 0.379599 0.352872 0.333022
3 16 27.428 -23.391 -19.006 24.278 -23.391 -14.894 25.599 -23.391 -13.611 0.494183 0.605518 0.452911 0.550981 0.470817 0.532760
3 16 27.428 -23.391 -19.006 22.436 -23.391 -15.569 24.278 -23.391 -14.894 0.494183 0.605518 0.426737 0.558388 0.452911 0.550981
3 16 25.599 -23.391 -13.611 26.178 -23.391 -11.782 27.428 -23.391 -19.006 0.470817 0.532760 0.477887 0.507334 0.494183 0.605518
3 16 22.436 -23.391 -15.569 27.428 -23.391 -19.006 17.411 -23.391 -15.569 0.426737 0.558388 0.494183 0.605518 0.358513 0.557906
3 16 9.928 -26.392 -19.006 17.411 -26.392 -15.569 15.568 -26.392 -14.952 0.255039 0.308056 0.153478 0.261430 0.179226 0.254089
3 16 9.928 -26.392 -19.006 27.428 -26.392 -19.006 17.411 -26.392 -15.569 0.255039 0.308056 0.017508 0.308140 0.153478 0.261430
3 16 27.428 -26.392 0.994 24.278 -26.392 -3.050 25.599 -26.392 -4.392 0.017373 0.036659 0.059433 0.090481 0.041293 0.109102
3 16 27.428 -26.392 0.994 22.436 -26.392 -2.433 24.278 -26.392 -3.050 0.017373 0.036659 0.085185 0.083133 0.059433 0.090481
3 16 25.599 -26.392 -4.392 26.178 -26.392 -6.221 27.428 -26.392 0.994 0.041293 0.109102 0.034414 0.134581 0.017373 0.036659
3 16 22.436 -26.392 -2.433 16.940 -26.392 0.994 17.411 -26.392 -2.433 0.085185 0.083133 0.159351 0.036498 0.153428 0.083084
3 16 22.436 -26.392 -2.433 27.428 -26.392 0.994 16.940 -26.392 0.994 0.085185 0.083133 0.017373 0.036659 0.159351 0.036498
3 16 27.428 -26.392 -19.006 25.599 -26.392 -13.611 24.278 -26.392 -14.894 0.017508 0.308140 0.041351 0.235534 0.059137 0.253873
3 16 27.428 -26.392 -19.006 24.278 -26.392 -14.894 22.436 -26.392 -15.569 0.017508 0.308140 0.059137 0.253873 0.085260 0.261455
3 16 27.428 -26.392 -19.006 26.178 -26.392 -11.782 25.599 -26.392 -13.611 0.017508 0.308140 0.034448 0.210062 0.041351 0.235534
3 16 22.436 -26.392 -15.569 17.411 -26.392 -15.569 27.428 -26.392 -19.006 0.085260 0.261455 0.153478 0.261430 0.017508 0.308140
3 16 26.178 -23.391 -11.782 27.428 -23.391 0.994 27.428 -23.391 -19.006 0.477887 0.507334 0.496076 0.334048 0.494183 0.605518
3 16 26.178 -23.391 -11.782 26.178 -23.391 -6.221 27.428 -23.391 0.994 0.477887 0.507334 0.478409 0.431859 0.496076 0.334048
3 16 26.178 -26.392 -11.782 27.428 -26.392 0.994 26.178 -26.392 -6.221 0.034448 0.210062 0.017373 0.036659 0.034414 0.134581
3 16 26.178 -26.392 -11.782 27.428 -26.392 -19.006 27.428 -26.392 0.994 0.034448 0.210062 0.017508 0.308140 0.017373 0.036659
3 16 2.894 -26.392 0.994 -2.580 -26.392 -2.433 2.446 -26.392 -2.433 0.351184 0.036399 0.424881 0.083107 0.356649 0.083056
3 16 2.894 -26.392 0.994 -7.572 -26.392 0.994 -2.580 -26.392 -2.433 0.351184 0.036399 0.492693 0.036637 0.424881 0.083107
3 16 2.894 -26.392 0.994 2.624 -24.893 0.901 -7.572 -26.392 0.994 0.393833 0.540826 0.373220 0.537712 0.393371 0.398630
3 16 2.624 -24.893 0.901 2.712 -25.502 4.590 2.280 -22.940 4.132 0.183334 0.949080 0.209666 0.905689 0.236331 0.930164
3 16 2.624 -24.893 0.901 2.894 -26.392 0.994 2.712 -25.502 4.590 0.183334 0.949080 0.166802 0.935565 0.209666 0.905689
3 16 3.070 -23.391 0.994 4.288 -23.391 -3.050 2.446 -23.391 -2.433 0.165747 0.331236 0.182198 0.385595 0.156478 0.378135
3 16 3.070 -23.391 0.994 9.928 -23.391 0.994 4.288 -23.391 -3.050 0.165747 0.331236 0.258525 0.332355 0.182198 0.385595
3 16 -7.572 -23.391 0.994 -6.322 -23.391 -11.782 -7.572 -23.391 -19.006 0.020519 0.331195 0.036778 0.504570 0.019278 0.602540
3 16 -7.572 -23.391 0.994 -6.322 -23.391 -6.221 -6.322 -23.391 -11.782 0.020519 0.331195 0.037151 0.429133 0.036778 0.504570
3 16 -6.322 -26.392 -11.782 -7.572 -26.392 0.994 -7.572 -26.392 -19.006 0.475633 0.210055 0.492693 0.036637 0.492570 0.308140
3 16 -6.322 -26.392 -11.782 -6.322 -26.392 -6.221 -7.572 -26.392 0.994 0.475633 0.210055 0.475657 0.134563 0.492693 0.036637
3 16 -7.572 -26.392 0.994 -7.572 -23.391 -19.006 -7.572 -26.392 -19.006 0.864754 0.574852 0.824030 0.303328 0.864754 0.303328
3 16 -7.572 -26.392 0.994 -7.572 -23.391 0.994 -7.572 -23.391 -19.006 0.864754 0.574852 0.824031 0.574852 0.824030 0.303328
3 16 3.070 -23.391 0.994 2.280 -22.940 4.132 3.122 -20.763 3.850 0.721289 0.058401 0.716713 0.101891 0.684955 0.097212
3 16 3.070 -23.391 0.994 2.624 -24.893 0.901 2.280 -22.940 4.132 0.721289 0.058401 0.742527 0.059513 0.716713 0.101891
3 16 2.894 -26.392 0.994 4.238 -27.803 5.254 2.712 -25.502 4.590 0.166802 0.935565 0.182256 0.876529 0.209666 0.905689
3 16 2.894 -26.392 0.994 4.817 -29.320 0.994 4.238 -27.803 5.254 0.166802 0.935565 0.125594 0.904637 0.182256 0.876529
3 16 4.817 -29.320 0.994 2.894 -26.392 0.994 9.928 -26.392 0.994 0.020070 0.904609 0.022238 0.857970 0.099455 0.914181
3 16 9.928 -26.392 -19.006 -7.572 -23.391 -19.006 9.928 -23.391 -19.006 0.988623 0.250780 0.947900 0.488364 0.947900 0.250780
3 16 9.928 -26.392 -19.006 -7.572 -26.392 -19.006 -7.572 -23.391 -19.006 0.988623 0.250780 0.988623 0.488364 0.947900 0.488364
3 16 4.817 -29.320 0.994 6.687 -29.319 5.944 4.238 -27.803 5.254 0.125594 0.904637 0.157913 0.840726 0.182256 0.876529
3 16 4.817 -29.320 0.994 7.160 -30.563 0.994 6.687 -29.319 5.944 0.125594 0.904637 0.097456 0.877479 0.157913 0.840726
3 16 4.817 -29.320 0.994 9.928 -26.392 0.994 7.160 -30.563 0.994 0.020070 0.904609 0.099455 0.914181 0.035495 0.937148
3 16 7.160 -30.563 0.994 9.687 -29.883 6.523 6.687 -29.319 5.944 0.097456 0.877479 0.138558 0.806969 0.157913 0.840726
3 16 7.160 -30.563 0.994 9.928 -31.001 0.994 9.687 -29.883 6.523 0.097456 0.877479 0.071879 0.844450 0.138558 0.806969
3 16 9.928 -31.001 0.994 7.160 -30.563 0.994 9.928 -26.392 0.994 0.062087 0.964358 0.035495 0.937148 0.099455 0.914181
3 16 4.929 -20.539 0.994 9.928 -23.391 0.994 3.070 -23.391 0.994 0.418708 0.930830 0.486221 0.970154 0.393482 0.969246
3 16 4.929 -20.539 0.994 3.122 -20.763 3.850 4.772 -19.005 3.695 0.675622 0.052329 0.684955 0.097212 0.653300 0.088289
3 16 4.929 -20.539 0.994 3.070 -23.391 0.994 3.122 -20.763 3.850 0.675622 0.052329 0.721289 0.058401 0.684955 0.097212
3 16 7.204 -19.106 0.994 9.928 -23.391 0.994 4.929 -20.539 0.994 0.449757 0.911647 0.486221 0.970154 0.418708 0.930830
3 16 7.204 -19.106 0.994 4.772 -19.005 3.695 6.916 -17.763 3.531 0.642440 0.039667 0.653300 0.088289 0.622604 0.073326
3 16 7.204 -19.106 0.994 4.929 -20.539 0.994 4.772 -19.005 3.695 0.642440 0.039667 0.675622 0.052329 0.653300 0.088289
3 16 9.928 -18.450 0.994 9.928 -23.391 0.994 7.204 -19.106 0.994 0.486827 0.903086 0.486221 0.970154 0.449757 0.911647
3 16 7.204 -19.106 0.994 9.292 -16.960 3.198 9.928 -18.450 0.994 0.642440 0.039667 0.594490 0.053104 0.610066 0.020125
3 16 7.204 -19.106 0.994 6.916 -17.763 3.531 9.292 -16.960 3.198 0.642440 0.039667 0.622604 0.073326 0.594490 0.053104
3 16 5.608 -23.391 -4.392 9.928 -23.391 0.994 6.188 -23.391 -6.221 0.200229 0.404342 0.258525 0.332355 0.206969 0.429895
3 16 6.188 -26.392 -11.782 5.608 -23.391 -13.611 5.608 -26.392 -13.611 0.871231 0.945762 0.844361 0.986479 0.844361 0.945767
3 16 6.188 -26.392 -11.782 6.188 -23.391 -11.782 5.608 -23.391 -13.611 0.871231 0.945762 0.871231 0.986484 0.844361 0.986479
3 16 5.608 -26.392 -13.611 9.928 -26.392 -19.006 6.188 -26.392 -11.782 0.312706 0.235458 0.255039 0.308056 0.305818 0.209976
3 16 4.288 -23.391 -3.050 9.928 -23.391 0.994 5.608 -23.391 -4.392 0.182198 0.385595 0.258525 0.332355 0.200229 0.404342
3 16 9.928 -23.391 0.994 6.188 -23.391 -11.782 6.188 -23.391 -6.221 0.258525 0.332355 0.206519 0.505447 0.206969 0.429895
3 16 9.928 -23.391 0.994 9.928 -23.391 -19.006 6.188 -23.391 -11.782 0.258525 0.332355 0.256678 0.603855 0.206519 0.505447
3 16 5.608 -23.391 -13.611 9.928 -23.391 -19.006 4.288 -23.391 -14.952 0.199480 0.530898 0.256678 0.603855 0.181234 0.549412
3 16 9.928 -23.391 -19.006 2.446 -23.391 -15.569 4.288 -23.391 -14.952 0.256678 0.603855 0.155457 0.556601 0.181234 0.549412
3 16 9.928 -23.391 -19.006 -7.572 -23.391 -19.006 2.446 -23.391 -15.569 0.256678 0.603855 0.019278 0.602540 0.155457 0.556601
3 16 6.188 -23.391 -11.782 9.928 -23.391 -19.006 5.608 -23.391 -13.611 0.206519 0.505447 0.256678 0.603855 0.199480 0.530898
3 16 -7.572 -23.391 -19.006 -2.580 -23.391 -15.569 2.446 -23.391 -15.569 0.019278 0.602540 0.087272 0.556230 0.155457 0.556601
3 16 -4.422 -23.391 -3.050 -7.572 -23.391 0.994 -2.580 -23.391 -2.433 0.062372 0.385161 0.020519 0.331195 0.088167 0.377923
3 16 -5.742 -23.391 -4.392 -7.572 -23.391 0.994 -4.422 -23.391 -3.050 0.044146 0.403696 0.020519 0.331195 0.062372 0.385161
3 16 -6.322 -23.391 -6.221 -7.572 -23.391 0.994 -5.742 -23.391 -4.392 0.037151 0.429133 0.020519 0.331195 0.044146 0.403696
3 16 -4.422 -23.391 -14.894 -7.572 -23.391 -19.006 -5.742 -23.391 -13.611 0.061205 0.548505 0.019278 0.602540 0.043533 0.530072
3 16 -6.322 -23.391 -11.782 -5.742 -23.391 -13.611 -7.572 -23.391 -19.006 0.036778 0.504570 0.043533 0.530072 0.019278 0.602540
3 16 -2.580 -23.391 -15.569 -7.572 -23.391 -19.006 -4.422 -23.391 -14.894 0.087272 0.556230 0.019278 0.602540 0.061205 0.548505
3 16 5.608 -26.392 -4.392 9.928 -26.392 0.994 4.288 -26.392 -3.050 0.312729 0.108993 0.255018 0.036550 0.330887 0.090380
3 16 4.288 -26.392 -3.050 5.608 -23.391 -4.392 5.608 -26.392 -4.392 0.973696 0.812665 0.987017 0.771955 0.987017 0.812664
3 16 4.288 -26.392 -3.050 4.288 -23.391 -3.050 5.608 -23.391 -4.392 0.973696 0.812665 0.973696 0.771953 0.987017 0.771955
3 16 2.446 -26.392 -2.433 4.288 -23.391 -3.050 4.288 -26.392 -3.050 0.946387 0.812671 0.973696 0.771953 0.973696 0.812665
3 16 2.446 -26.392 -2.433 2.446 -23.391 -2.433 4.288 -23.391 -3.050 0.946387 0.812671 0.946388 0.771948 0.973696 0.771953
3 16 6.188 -26.392 -6.221 9.928 -26.392 0.994 5.608 -26.392 -4.392 0.305828 0.134475 0.255018 0.036550 0.312729 0.108993
3 16 5.608 -26.392 -4.392 6.188 -23.391 -6.221 6.188 -26.392 -6.221 0.973593 0.945766 0.946723 0.986484 0.946723 0.945762
3 16 5.608 -26.392 -4.392 5.608 -23.391 -4.392 6.188 -23.391 -6.221 0.973593 0.945766 0.973593 0.986478 0.946723 0.986484
3 16 2.446 -26.392 -2.433 -2.580 -23.391 -2.433 2.446 -23.391 -2.433 0.946387 0.812671 0.878161 0.771948 0.946388 0.771948
3 16 2.446 -26.392 -2.433 -2.580 -26.392 -2.433 -2.580 -23.391 -2.433 0.946387 0.812671 0.878161 0.812671 0.878161 0.771948
3 16 6.188 -26.392 -11.782 9.928 -26.392 0.994 6.188 -26.392 -6.221 0.305818 0.209976 0.255018 0.036550 0.305828 0.134475
3 16 6.188 -26.392 -11.782 9.928 -26.392 -19.006 9.928 -26.392 0.994 0.305818 0.209976 0.255039 0.308056 0.255018 0.036550
3 16 6.188 -26.392 -6.221 6.188 -23.391 -11.782 6.188 -26.392 -11.782 0.946723 0.945762 0.871231 0.986484 0.871231 0.945762
3 16 6.188 -26.392 -6.221 6.188 -23.391 -6.221 6.188 -23.391 -11.782 0.946723 0.945762 0.946723 0.986484 0.871231 0.986484
3 16 5.608 -26.392 -13.611 4.288 -23.391 -14.952 4.288 -26.392 -14.952 0.844361 0.945767 0.831247 0.986475 0.831249 0.945770
3 16 5.608 -26.392 -13.611 5.608 -23.391 -13.611 4.288 -23.391 -14.952 0.844361 0.945767 0.844361 0.986479 0.831247 0.986475
3 16 4.288 -26.392 -14.952 9.928 -26.392 -19.006 5.608 -26.392 -13.611 0.330851 0.254077 0.255039 0.308056 0.312706 0.235458
3 16 2.446 -26.392 -15.569 9.928 -26.392 -19.006 4.288 -26.392 -14.952 0.356600 0.261420 0.255039 0.308056 0.330851 0.254077
3 16 2.446 -26.392 -15.569 -7.572 -26.392 -19.006 9.928 -26.392 -19.006 0.356600 0.261420 0.492570 0.308140 0.255039 0.308056
3 16 4.288 -26.392 -14.952 2.446 -23.391 -15.569 2.446 -26.392 -15.569 0.968056 0.709413 0.940747 0.750131 0.940747 0.709408
3 16 4.288 -26.392 -14.952 4.288 -23.391 -14.952 2.446 -23.391 -15.569 0.968056 0.709413 0.968056 0.750125 0.940747 0.750131
3 16 2.446 -26.392 -15.569 -2.580 -26.392 -15.569 -7.572 -26.392 -19.006 0.356600 0.261420 0.424820 0.261451 0.492570 0.308140
3 16 2.446 -23.391 -15.569 -2.580 -26.392 -15.569 2.446 -26.392 -15.569 0.940747 0.750131 0.872521 0.709408 0.940747 0.709408
3 16 2.446 -23.391 -15.569 -2.580 -23.391 -15.569 -2.580 -26.392 -15.569 0.940747 0.750131 0.872521 0.750131 0.872521 0.709408
3 16 -5.742 -26.392 -4.392 -4.422 -23.391 -3.050 -4.422 -26.392 -3.050 0.437599 0.108720 0.396891 0.095606 0.437596 0.095608
3 16 -5.742 -26.392 -4.392 -5.742 -23.391 -4.392 -4.422 -23.391 -3.050 0.437599 0.108720 0.396887 0.108720 0.396891 0.095606
3 16 -4.422 -26.392 -3.050 -7.572 -26.392 0.994 -5.742 -26.392 -4.392 0.450631 0.090457 0.492693 0.036637 0.468773 0.109080
3 16 -6.322 -26.392 -6.221 -5.742 -23.391 -4.392 -5.742 -26.392 -4.392 0.437604 0.135589 0.396887 0.108720 0.437599 0.108720
3 16 -6.322 -26.392 -6.221 -6.322 -23.391 -6.221 -5.742 -23.391 -4.392 0.437604 0.135589 0.396882 0.135589 0.396887 0.108720
3 16 -6.322 -26.392 -6.221 -5.742 -26.392 -4.392 -7.572 -26.392 0.994 0.475657 0.134563 0.468773 0.109080 0.492693 0.036637
3 16 -2.580 -26.392 -2.433 -7.572 -26.392 0.994 -4.422 -26.392 -3.050 0.424881 0.083107 0.492693 0.036637 0.450631 0.090457
3 16 -4.422 -26.392 -3.050 -2.580 -23.391 -2.433 -2.580 -26.392 -2.433 0.850853 0.812665 0.878161 0.771948 0.878161 0.812671
3 16 -4.422 -26.392 -3.050 -4.422 -23.391 -3.050 -2.580 -23.391 -2.433 0.850853 0.812665 0.850853 0.771953 0.878161 0.771948
3 16 -6.322 -26.392 -11.782 -6.322 -23.391 -6.221 -6.322 -26.392 -6.221 0.437605 0.211082 0.396882 0.135589 0.437604 0.135589
3 16 -6.322 -26.392 -11.782 -6.322 -23.391 -11.782 -6.322 -23.391 -6.221 0.437605 0.211082 0.396882 0.211082 0.396882 0.135589
3 16 -2.580 -26.392 -15.569 -4.422 -23.391 -14.894 -4.422 -26.392 -14.894 0.872521 0.709408 0.844760 0.750126 0.844760 0.709413
3 16 -2.580 -26.392 -15.569 -2.580 -23.391 -15.569 -4.422 -23.391 -14.894 0.872521 0.709408 0.872521 0.750131 0.844760 0.750126
3 16 -4.422 -26.392 -14.894 -7.572 -26.392 -19.006 -2.580 -26.392 -15.569 0.450944 0.253870 0.492570 0.308140 0.424820 0.261451
3 16 -5.742 -26.392 -13.611 -7.572 -26.392 -19.006 -4.422 -26.392 -14.894 0.468730 0.235530 0.492570 0.308140 0.450944 0.253870
3 16 -4.422 -26.392 -14.894 -5.742 -23.391 -13.611 -5.742 -26.392 -13.611 0.844760 0.709413 0.831892 0.750124 0.831892 0.709415
3 16 -4.422 -26.392 -14.894 -4.422 -23.391 -14.894 -5.742 -23.391 -13.611 0.844760 0.709413 0.844760 0.750126 0.831892 0.750124
3 16 -6.322 -26.392 -11.782 -7.572 -26.392 -19.006 -5.742 -26.392 -13.611 0.475633 0.210055 0.492570 0.308140 0.468730 0.235530
3 16 -5.742 -26.392 -13.611 -6.322 -23.391 -11.782 -6.322 -26.392 -11.782 0.437600 0.237951 0.396882 0.211082 0.437605 0.211082
3 16 -5.742 -26.392 -13.611 -5.742 -23.391 -13.611 -6.322 -23.391 -11.782 0.437600 0.237951 0.396888 0.237951 0.396882 0.211082
3 16 2.624 -24.893 0.901 -7.572 -23.391 0.994 -7.572 -26.392 0.994 0.373220 0.537712 0.352509 0.398713 0.393371 0.398630
3 16 2.624 -24.893 0.901 3.070 -23.391 0.994 -7.572 -23.391 0.994 0.373220 0.537712 0.354294 0.543719 0.352509 0.398713
3 16 17.413 -24.897 0.994 16.940 -26.392 0.994 27.428 -26.392 0.994 0.134126 0.238148 0.113786 0.244790 0.110739 0.102207
3 16 16.940 -26.392 0.994 17.122 -23.718 5.415 16.102 -25.904 5.979 0.030495 0.719956 0.093644 0.671202 0.103018 0.706681
3 16 16.940 -26.392 0.994 17.413 -24.897 0.994 17.122 -23.718 5.415 0.030495 0.719956 0.028201 0.698216 0.093644 0.671202
3 16 4.288 -26.392 -3.050 2.894 -26.392 0.994 2.446 -26.392 -2.433 0.330887 0.090380 0.351184 0.036399 0.356649 0.083056
3 16 4.288 -26.392 -3.050 9.928 -26.392 0.994 2.894 -26.392 0.994 0.330887 0.090380 0.255018 0.036550 0.351184 0.036399
3 16 3.070 -23.391 0.994 -2.580 -23.391 -2.433 -7.572 -23.391 0.994 0.165747 0.331236 0.088167 0.377923 0.020519 0.331195
3 16 3.070 -23.391 0.994 2.446 -23.391 -2.433 -2.580 -23.391 -2.433 0.165747 0.331236 0.156478 0.378135 0.088167 0.377923
3 16 15.568 -23.391 -3.050 16.880 -23.391 0.994 17.411 -23.391 -2.433 0.333937 0.386745 0.352872 0.333022 0.359746 0.379599
3 16 15.568 -23.391 -3.050 9.928 -23.391 0.994 16.880 -23.391 0.994 0.333937 0.386745 0.258525 0.332355 0.352872 0.333022
2 24 16.940 -26.392 0.994 15.033 -29.313 0.994
2 24 -6.322 -23.391 -11.782 -6.322 -23.391 -6.221
2 24 22.436 -26.392 -15.569 17.411 -26.392 -15.569
2 24 2.446 -26.392 -15.569 -2.580 -26.392 -15.569
2 24 6.188 -26.392 -11.782 6.188 -26.392 -6.221
2 24 6.188 -23.391 -6.221 5.608 -23.391 -4.392
2 24 -2.580 -23.391 -15.569 -4.422 -23.391 -14.894
2 24 24.278 -23.391 -3.050 22.436 -23.391 -2.433
2 24 3.070 -23.391 0.994 2.624 -24.893 0.901
2 24 9.928 -18.450 0.994 7.204 -19.106 0.994
2 24 -2.580 -23.391 -2.433 -4.422 -23.391 -3.050
2 24 2.894 -26.392 0.994 2.624 -24.893 0.901
2 24 4.288 -23.391 -3.050 2.446 -23.391 -2.433
2 24 -5.742 -23.391 -13.611 -6.322 -23.391 -11.782
2 24 17.411 -23.391 -2.433 15.568 -23.391 -3.050
2 24 15.568 -23.391 -14.952 14.248 -23.391 -13.611
2 24 17.411 -23.391 -15.569 15.568 -23.391 -14.952
2 24 25.599 -23.391 -4.392 24.278 -23.391 -3.050
2 24 5.608 -23.391 -4.392 4.288 -23.391 -3.050
2 24 -4.422 -23.391 -14.894 -5.742 -23.391 -13.611
2 24 27.428 -23.391 0.994 -7.572 -23.391 0.994
2 24 7.204 -19.106 0.994 4.929 -20.539 0.994
2 24 -5.742 -26.392 -4.392 -6.322 -26.392 -6.221
2 24 22.436 -26.392 -2.433 17.411 -26.392 -2.433
2 24 2.446 -26.392 -2.433 -2.580 -26.392 -2.433
2 24 -6.322 -26.392 -11.782 -6.322 -26.392 -6.221
2 24 4.929 -20.539 0.994 3.070 -23.391 0.994
2 24 -4.422 -23.391 -3.050 -5.742 -23.391 -4.392
2 24 -5.742 -23.391 -4.392 -6.322 -23.391 -6.221
2 24 15.033 -29.313 0.994 12.685 -30.531 0.994
2 24 -4.422 -26.392 -3.050 -5.742 -26.392 -4.392
2 24 -7.572 -26.392 -19.006 -7.572 -26.392 0.994
2 24 17.411 -26.392 -15.569 15.568 -26.392 -14.952
2 24 15.029 -20.432 0.994 12.677 -19.048 0.994
2 24 14.248 -26.392 -13.611 13.669 -26.392 -11.782
2 24 6.188 -26.392 -6.221 5.608 -26.392 -4.392
2 24 -2.580 -26.392 -15.569 -4.422 -26.392 -14.894
2 24 17.413 -24.897 0.994 16.940 -26.392 0.994
2 24 27.428 -26.392 0.994 -7.572 -26.392 0.994
2 24 7.160 -30.563 0.994 4.817 -29.320 0.994
2 24 24.278 -26.392 -3.050 22.436 -26.392 -2.433
2 24 -2.580 -26.392 -2.433 -4.422 -26.392 -3.050
2 24 14.248 -23.391 -13.611 13.669 -23.391 -11.782
2 24 6.188 -26.392 -11.782 5.608 -26.392 -13.611
2 24 15.568 -26.392 -3.050 14.248 -26.392 -4.392
2 24 4.288 -23.391 -14.952 2.446 -23.391 -15.569
2 24 27.428 -23.391 -19.006 -7.572 -23.391 -19.006
2 24 6.188 -23.391 -11.782 5.608 -23.391 -13.611
2 24 13.669 -26.392 -11.782 13.669 -26.392 -6.221
2 24 5.608 -26.392 -13.611 4.288 -26.392 -14.952
2 24 27.428 -23.391 0.994 27.428 -26.392 0.994
2 24 24.278 -23.391 -14.894 22.436 -23.391 -15.569
2 24 16.880 -23.391 0.994 15.029 -20.432 0.994
2 24 5.608 -23.391 -13.611 4.288 -23.391 -14.952
2 24 13.669 -23.391 -11.782 13.669 -23.391 -6.221
2 24 26.178 -26.392 -6.221 25.599 -26.392 -4.392
2 24 14.248 -26.392 -4.392 13.669 -26.392 -6.221
2 24 24.278 -26.392 -14.894 22.436 -26.392 -15.569
2 24 -7.572 -23.391 -19.006 -7.572 -26.392 -19.006
2 24 17.411 -26.392 -2.433 15.568 -26.392 -3.050
2 24 15.568 -26.392 -14.952 14.248 -26.392 -13.611
2 24 5.608 -26.392 -4.392 4.288 -26.392 -3.050
2 24 -4.422 -26.392 -14.894 -5.742 -26.392 -13.611
2 24 25.599 -26.392 -4.392 24.278 -26.392 -3.050
2 24 22.436 -23.391 -2.433 17.411 -23.391 -2.433
2 24 2.446 -23.391 -2.433 -2.580 -23.391 -2.433
2 24 12.677 -19.048 0.994 9.928 -18.450 0.994
2 24 22.436 -23.391 -15.569 17.411 -23.391 -15.569
2 24 2.446 -23.391 -15.569 -2.580 -23.391 -15.569
2 24 6.188 -23.391 -11.782 6.188 -23.391 -6.221
2 24 4.288 -26.392 -14.952 2.446 -26.392 -15.569
2 24 27.428 -26.392 -19.006 -7.572 -26.392 -19.006
2 24 15.568 -23.391 -3.050 14.248 -23.391 -4.392
2 24 17.413 -24.897 0.994 16.880 -23.391 0.994
2 24 9.928 -31.001 0.994 7.160 -30.563 0.994
2 24 12.685 -30.531 0.994 9.928 -31.001 0.994
2 24 -7.572 -23.391 0.994 -7.572 -26.392 0.994
2 24 -7.572 -23.391 -19.006 -7.572 -23.391 0.994
2 24 4.817 -29.320 0.994 2.894 -26.392 0.994
2 24 4.288 -26.392 -3.050 2.446 -26.392 -2.433
2 24 -5.742 -26.392 -13.611 -6.322 -26.392 -11.782
2 24 26.178 -23.391 -6.221 25.599 -23.391 -4.392
2 24 14.248 -23.391 -4.392 13.669 -23.391 -6.221
2 24 27.428 -23.391 -19.006 27.428 -26.392 -19.006
2 24 27.428 -26.392 -19.006 27.428 -26.392 0.994
2 24 26.178 -23.391 -11.782 26.178 -23.391 -6.221
2 24 27.428 -23.391 -19.006 27.428 -23.391 0.994
2 24 26.178 -26.392 -11.782 25.599 -26.392 -13.611
2 24 25.599 -23.391 -13.611 24.278 -23.391 -14.894
2 24 25.599 -26.392 -13.611 24.278 -26.392 -14.894
2 24 26.178 -23.391 -11.782 25.599 -23.391 -13.611
2 24 26.178 -26.392 -11.782 26.178 -26.392 -6.221
