0 FILE bl_80179.dat
0 80179
0 Name:  bl_80179.dat
0 Author:  
0 BFC CERTIFY CCW
3 16 -2.000 0.000 -4.152 -3.464 0.000 -2.688 0.000 0.000 -0.688 0.753491 0.089036 0.793721 0.065812 0.816943 0.152494
3 16 0.000 -4.000 3.067 -0.500 -3.134 3.067 -0.866 -3.500 3.067 0.821812 0.451184 0.816002 0.472853 0.805946 0.467045
3 16 0.000 -4.000 3.067 -0.866 -3.500 3.067 -1.000 -4.000 3.067 0.821812 0.451184 0.805946 0.467045 0.800141 0.456987
3 16 0.000 -4.000 3.067 0.000 -3.000 3.067 -0.500 -3.134 3.067 0.821812 0.451184 0.827615 0.472855 0.816002 0.472853
3 16 0.000 -4.000 3.067 -1.000 -4.000 3.067 -0.866 -4.500 3.067 0.821812 0.451184 0.800141 0.456987 0.800143 0.445374
3 16 0.000 0.000 -4.688 -2.000 0.000 -4.152 0.000 0.000 -0.688 0.730263 0.129264 0.753491 0.089036 0.816943 0.152494
3 16 0.000 -4.000 3.067 -0.866 -4.500 3.067 -0.500 -4.866 3.067 0.821812 0.451184 0.800143 0.445374 0.805951 0.435318
3 16 0.000 -4.000 3.067 -0.500 -4.866 3.067 0.000 -5.000 3.067 0.821812 0.451184 0.805951 0.435318 0.816009 0.429513
3 16 -3.464 0.000 -2.688 -4.000 0.000 -0.688 0.000 0.000 -0.688 0.793721 0.065812 0.840173 0.065815 0.816943 0.152494
3 16 -2.000 0.000 2.777 0.000 0.000 3.313 0.000 0.000 -0.688 0.903625 0.129273 0.903622 0.175725 0.816943 0.152494
3 16 -4.000 0.000 -0.688 -3.464 0.000 1.313 0.000 0.000 -0.688 0.840173 0.065815 0.880401 0.089043 0.816943 0.152494
3 16 -3.464 0.000 1.313 -2.000 0.000 2.777 0.000 0.000 -0.688 0.880401 0.089043 0.903625 0.129273 0.816943 0.152494
3 16 -2.000 -4.033 -4.152 0.000 0.000 -4.688 0.000 -4.033 -4.688 0.579489 0.734493 0.628213 0.645332 0.625882 0.735990
3 16 -2.000 -4.033 -4.152 -2.000 0.000 -4.152 0.000 0.000 -4.688 0.579489 0.734493 0.581697 0.644065 0.628213 0.645332
3 16 -3.464 -4.033 -2.688 -2.000 0.000 -4.152 -2.000 -4.033 -4.152 0.533100 0.733323 0.581697 0.644065 0.579489 0.734493
3 16 -3.464 -4.033 -2.688 -3.464 0.000 -2.688 -2.000 0.000 -4.152 0.533100 0.733323 0.535126 0.642912 0.581697 0.644065
3 16 -4.000 -4.033 -0.688 -3.464 0.000 -2.688 -3.464 -4.033 -2.688 0.486716 0.732285 0.535126 0.642912 0.533100 0.733323
3 16 -4.000 -4.033 -0.688 -4.000 0.000 -0.688 -3.464 0.000 -2.688 0.486716 0.732285 0.488514 0.641901 0.535126 0.642912
3 16 -3.464 -4.033 1.313 -4.000 0.000 -0.688 -4.000 -4.033 -0.688 0.440330 0.731495 0.488514 0.641901 0.486716 0.732285
3 16 -3.464 -4.033 1.313 -3.464 0.000 1.313 -4.000 0.000 -0.688 0.440330 0.731495 0.441892 0.641048 0.488514 0.641901
3 16 -4.000 -15.621 -0.688 -3.464 -4.033 1.313 -4.000 -4.033 -0.688 0.481514 0.992935 0.440330 0.731495 0.486716 0.732285
3 16 -4.000 -15.621 -0.688 -3.464 -15.621 1.313 -3.464 -4.033 1.313 0.481514 0.992935 0.439460 0.990514 0.440330 0.731495
3 16 -3.464 -15.621 1.313 -1.000 -5.732 3.180 -1.732 -5.000 2.919 0.439460 0.990514 0.370490 0.769886 0.387417 0.752861
3 16 -3.464 -15.621 1.313 -2.000 -15.584 2.777 -1.000 -5.732 3.180 0.439460 0.990514 0.392064 0.990778 0.370490 0.769886
3 16 -1.732 -3.000 2.916 -3.464 -4.033 1.313 -2.000 -4.000 2.777 0.387472 0.707621 0.440330 0.731495 0.393664 0.730272
3 16 -1.732 -3.000 2.916 -3.464 0.000 1.313 -3.464 -4.033 1.313 0.387472 0.707621 0.441892 0.641048 0.440330 0.731495
3 16 -3.464 -4.033 1.313 -1.732 -5.000 2.919 -2.000 -4.000 2.777 0.440330 0.731495 0.387417 0.752861 0.393664 0.730272
3 16 -3.464 -4.033 1.313 -3.464 -15.621 1.313 -1.732 -5.000 2.919 0.440330 0.731495 0.439460 0.990514 0.387417 0.752861
3 16 0.000 -6.000 1.061 -0.500 -4.866 1.061 -1.000 -5.732 1.061 0.963944 0.487255 0.953879 0.461338 0.975551 0.467138
3 16 0.000 -6.000 1.061 0.000 -5.000 1.061 -0.500 -4.866 1.061 0.963944 0.487255 0.948075 0.471397 0.953879 0.461338
3 16 -1.000 -5.732 1.061 -0.866 -4.500 1.061 -1.732 -5.000 1.061 0.975551 0.467138 0.953875 0.449725 0.975544 0.443912
3 16 -1.000 -5.732 1.061 -0.500 -4.866 1.061 -0.866 -4.500 1.061 0.975551 0.467138 0.953879 0.461338 0.953875 0.449725
3 16 -1.732 -5.000 1.061 -1.000 -4.000 1.061 -2.000 -4.000 1.061 0.975544 0.443912 0.948066 0.439669 0.963925 0.423801
3 16 -1.732 -5.000 1.061 -0.866 -4.500 1.061 -1.000 -4.000 1.061 0.975544 0.443912 0.953875 0.449725 0.948066 0.439669
3 16 -2.000 -4.000 1.061 -0.866 -3.500 1.061 -1.732 -3.000 1.061 0.963925 0.423801 0.938007 0.433866 0.943807 0.412194
3 16 -2.000 -4.000 1.061 -1.000 -4.000 1.061 -0.866 -3.500 1.061 0.963925 0.423801 0.948066 0.439669 0.938007 0.433866
3 16 -1.732 -3.000 1.061 -0.500 -3.134 1.061 -1.000 -2.268 1.061 0.943807 0.412194 0.926394 0.433869 0.920581 0.412201
3 16 -1.732 -3.000 1.061 -0.866 -3.500 1.061 -0.500 -3.134 1.061 0.943807 0.412194 0.938007 0.433866 0.926394 0.433869
3 16 -1.000 -2.268 1.061 0.000 -3.000 1.061 0.000 -2.000 1.061 0.920581 0.412201 0.916338 0.439679 0.900470 0.423820
3 16 -1.000 -2.268 1.061 -0.500 -3.134 1.061 0.000 -3.000 1.061 0.920581 0.412201 0.926394 0.433869 0.916338 0.439679
3 16 -0.866 -3.500 3.067 -0.500 -3.134 1.061 -0.866 -3.500 1.061 0.903236 0.572925 0.891624 0.527930 0.903237 0.527930
3 16 -0.866 -3.500 3.067 -0.500 -3.134 3.067 -0.500 -3.134 1.061 0.903236 0.572925 0.891623 0.572925 0.891624 0.527930
3 16 -1.000 -4.000 3.067 -0.866 -3.500 1.061 -1.000 -4.000 1.061 0.914849 0.572925 0.903237 0.527930 0.914850 0.527930
3 16 -1.000 -4.000 3.067 -0.866 -3.500 3.067 -0.866 -3.500 1.061 0.914849 0.572925 0.903236 0.572925 0.903237 0.527930
3 16 -0.500 -3.134 3.067 0.000 -3.000 1.061 -0.500 -3.134 1.061 0.891623 0.572925 0.880011 0.527930 0.891624 0.527930
3 16 -0.500 -3.134 3.067 0.000 -3.000 3.067 0.000 -3.000 1.061 0.891623 0.572925 0.880010 0.572925 0.880011 0.527930
3 16 -0.866 -4.500 3.067 -1.000 -4.000 1.061 -0.866 -4.500 1.061 0.926462 0.572925 0.914850 0.527930 0.926463 0.527931
3 16 -0.866 -4.500 3.067 -1.000 -4.000 3.067 -1.000 -4.000 1.061 0.926462 0.572925 0.914849 0.572925 0.914850 0.527930
3 16 -0.500 -4.866 3.067 -0.866 -4.500 1.061 -0.500 -4.866 1.061 0.938075 0.572925 0.926463 0.527931 0.938076 0.527931
3 16 -0.500 -4.866 3.067 -0.866 -4.500 3.067 -0.866 -4.500 1.061 0.938075 0.572925 0.926462 0.572925 0.926463 0.527931
3 16 0.000 -5.000 3.067 -0.500 -4.866 1.061 0.000 -5.000 1.061 0.949688 0.572926 0.938076 0.527931 0.949689 0.527931
3 16 0.000 -5.000 3.067 -0.500 -4.866 3.067 -0.500 -4.866 1.061 0.949688 0.572926 0.938075 0.572925 0.938076 0.527931
3 16 -1.000 -5.732 3.180 0.000 -6.000 1.061 -1.000 -5.732 1.061 0.967027 0.178479 0.919484 0.201709 0.919482 0.178483
3 16 -1.000 -5.732 3.180 0.000 -6.000 3.313 0.000 -6.000 1.061 0.967027 0.178479 0.969990 0.201705 0.919484 0.201709
3 16 -1.732 -5.000 2.919 -1.000 -5.732 1.061 -1.732 -5.000 1.061 0.961168 0.155253 0.919482 0.178483 0.919481 0.155257
3 16 -1.732 -5.000 2.919 -1.000 -5.732 3.180 -1.000 -5.732 1.061 0.961168 0.155253 0.967027 0.178479 0.919482 0.178483
3 16 -2.000 -4.000 2.777 -1.732 -5.000 1.061 -2.000 -4.000 1.061 0.957962 0.132028 0.919481 0.155257 0.919479 0.132031
3 16 -2.000 -4.000 2.777 -1.732 -5.000 2.919 -1.732 -5.000 1.061 0.957962 0.132028 0.961168 0.155253 0.919481 0.155257
3 16 -2.000 -4.000 2.777 -1.732 -3.000 1.061 -1.732 -3.000 2.916 0.957962 0.132028 0.919477 0.108805 0.961085 0.108801
3 16 -2.000 -4.000 2.777 -2.000 -4.000 1.061 -1.732 -3.000 1.061 0.957962 0.132028 0.919479 0.132031 0.919477 0.108805
3 16 -1.732 -3.000 2.916 -1.000 -2.268 1.061 -1.000 -2.268 3.186 0.961085 0.108801 0.919475 0.085578 0.967141 0.085575
3 16 -1.732 -3.000 2.916 -1.732 -3.000 1.061 -1.000 -2.268 1.061 0.961085 0.108801 0.919477 0.108805 0.919475 0.085578
3 16 -1.000 -2.268 3.186 0.000 -2.000 1.061 0.000 -2.000 3.313 0.967141 0.085575 0.919474 0.062352 0.969980 0.062349
3 16 -1.000 -2.268 3.186 -1.000 -2.268 1.061 0.000 -2.000 1.061 0.967141 0.085575 0.919475 0.085578 0.919474 0.062352
3 16 -1.000 -2.268 3.186 0.000 0.000 3.313 -2.000 0.000 2.777 0.370538 0.690419 0.348138 0.639214 0.395331 0.640041
3 16 -1.000 -2.268 3.186 0.000 -2.000 3.313 0.000 0.000 3.313 0.370538 0.690419 0.348119 0.683916 0.348138 0.639214
3 16 -2.000 0.000 2.777 -1.732 -3.000 2.916 -1.000 -2.268 3.186 0.395331 0.640041 0.387472 0.707621 0.370538 0.690419
3 16 -2.000 0.000 2.777 -3.464 0.000 1.313 -1.732 -3.000 2.916 0.395331 0.640041 0.441892 0.641048 0.387472 0.707621
3 16 0.000 -14.047 -4.586 -2.000 -4.033 -4.152 0.000 -4.033 -4.688 0.617239 0.960732 0.579489 0.734493 0.625882 0.735990
3 16 0.000 -14.047 -4.586 -2.000 -14.703 -4.152 -2.000 -4.033 -4.152 0.617239 0.960732 0.579681 0.974117 0.579489 0.734493
3 16 -2.000 -15.584 2.777 0.000 -6.000 3.313 -1.000 -5.732 3.180 0.392064 0.990778 0.348129 0.776219 0.370490 0.769886
3 16 -2.000 -15.584 2.777 0.000 -15.546 3.313 0.000 -6.000 3.313 0.392064 0.990778 0.348151 0.989772 0.348129 0.776219
3 16 -3.464 -15.621 -2.688 -4.000 -4.033 -0.688 -3.464 -4.033 -2.688 0.523601 0.993036 0.486716 0.732285 0.533100 0.733323
3 16 -3.464 -15.621 -2.688 -4.000 -15.621 -0.688 -4.000 -4.033 -0.688 0.523601 0.993036 0.481514 0.992935 0.486716 0.732285
3 16 0.000 -15.659 -3.067 -2.000 -14.703 -4.152 0.000 -14.047 -4.586 0.620944 0.069173 0.584649 0.038735 0.620111 0.020008
3 16 0.000 -15.659 -3.067 -1.636 -16.031 -3.143 -2.000 -14.703 -4.152 0.620944 0.069173 0.584114 0.076518 0.584649 0.038735
3 16 -1.636 -16.031 -3.143 0.000 -17.650 -2.938 -1.559 -17.650 -2.938 0.584114 0.076518 0.621690 0.113214 0.586624 0.113572
3 16 -1.636 -16.031 -3.143 0.000 -15.659 -3.067 0.000 -17.650 -2.938 0.584114 0.076518 0.620944 0.069173 0.621690 0.113214
3 16 -2.247 -19.155 -2.655 -2.496 -17.650 -1.979 -2.191 -17.650 -2.707 0.078888 0.544685 0.098778 0.573172 0.080774 0.572106
3 16 -2.247 -19.155 -2.655 -2.506 -19.155 -1.885 -2.496 -17.650 -1.979 0.078888 0.544685 0.097221 0.542314 0.098778 0.573172
3 16 -1.549 -19.155 -2.938 -2.191 -17.650 -2.707 -1.559 -17.650 -2.938 0.587533 0.147430 0.571517 0.114217 0.586624 0.113572
3 16 -1.549 -19.155 -2.938 -2.247 -19.155 -2.655 -2.191 -17.650 -2.707 0.587533 0.147430 0.570624 0.147732 0.571517 0.114217
3 16 -2.905 -16.359 -0.593 -2.576 -17.650 0.765 -2.746 -16.357 0.831 0.130394 0.602286 0.166031 0.571820 0.164816 0.602981
3 16 -2.905 -16.359 -0.593 -2.616 -17.650 -0.581 -2.576 -17.650 0.765 0.130394 0.602286 0.132306 0.572574 0.166031 0.571820
3 16 -1.724 -16.279 1.890 0.000 -17.650 1.602 0.000 -16.289 2.022 0.200482 0.604394 0.242540 0.568773 0.243026 0.601707
3 16 -1.724 -16.279 1.890 -1.740 -17.650 1.587 0.000 -17.650 1.602 0.200482 0.604394 0.196640 0.571173 0.242540 0.568773
3 16 -2.000 -15.584 2.777 0.000 -16.289 2.022 0.000 -15.546 3.313 0.203641 0.627037 0.243026 0.601707 0.243486 0.632847
3 16 -2.000 -15.584 2.777 -1.724 -16.279 1.890 0.000 -16.289 2.022 0.203641 0.627037 0.200482 0.604394 0.243026 0.601707
3 16 -2.746 -16.357 0.831 -1.740 -17.650 1.587 -1.724 -16.279 1.890 0.164816 0.602981 0.196640 0.571173 0.200482 0.604394
3 16 -2.746 -16.357 0.831 -2.576 -17.650 0.765 -1.740 -17.650 1.587 0.164816 0.602981 0.166031 0.571820 0.196640 0.571173
3 16 -2.582 -19.155 0.786 -1.740 -17.650 1.587 -2.576 -17.650 0.765 0.163620 0.534953 0.196640 0.571173 0.166031 0.571820
3 16 -2.582 -19.155 0.786 -1.560 -19.155 1.563 -1.740 -17.650 1.587 0.163620 0.534953 0.198724 0.534453 0.196640 0.571173
3 16 -1.560 -19.155 1.563 0.000 -17.650 1.602 -1.740 -17.650 1.587 0.198724 0.534453 0.242540 0.568773 0.196640 0.571173
3 16 -1.560 -19.155 1.563 0.000 -19.155 1.602 0.000 -17.650 1.602 0.198724 0.534453 0.242029 0.534179 0.242540 0.568773
3 16 0.000 -17.650 -2.938 -1.549 -19.155 -2.938 -1.559 -17.650 -2.938 0.621690 0.113214 0.587533 0.147430 0.586624 0.113572
3 16 0.000 -17.650 -2.938 0.000 -19.155 -2.938 -1.549 -19.155 -2.938 0.621690 0.113214 0.622261 0.146935 0.587533 0.147430
3 16 -2.616 -17.650 -0.581 -2.582 -19.155 0.786 -2.576 -17.650 0.765 0.132306 0.572574 0.163620 0.534953 0.166031 0.571820
3 16 -2.616 -17.650 -0.581 -2.610 -19.155 -0.602 -2.582 -19.155 0.786 0.132306 0.572574 0.127794 0.538843 0.163620 0.534953
3 16 -3.464 -15.621 1.313 -1.724 -16.279 1.890 -2.000 -15.584 2.777 0.162954 0.626997 0.200482 0.604394 0.203641 0.627037
3 16 -3.464 -15.621 1.313 -2.746 -16.357 0.831 -1.724 -16.279 1.890 0.162954 0.626997 0.164816 0.602981 0.200482 0.604394
3 16 -2.506 -19.155 -1.885 -2.616 -17.650 -0.581 -2.496 -17.650 -1.979 0.097221 0.542314 0.132306 0.572574 0.098778 0.573172
3 16 -2.506 -19.155 -1.885 -2.610 -19.155 -0.602 -2.616 -17.650 -0.581 0.097221 0.542314 0.127794 0.538843 0.132306 0.572574
3 16 -2.496 -17.650 -1.979 -2.905 -16.359 -0.593 -2.747 -16.306 -2.018 0.098778 0.573172 0.130394 0.602286 0.096141 0.602243
3 16 -2.496 -17.650 -1.979 -2.616 -17.650 -0.581 -2.905 -16.359 -0.593 0.098778 0.573172 0.132306 0.572574 0.130394 0.602286
3 16 -4.000 -15.621 -0.688 -2.746 -16.357 0.831 -3.464 -15.621 1.313 0.125454 0.627300 0.164816 0.602981 0.162954 0.626997
3 16 -4.000 -15.621 -0.688 -2.905 -16.359 -0.593 -2.746 -16.357 0.831 0.125454 0.627300 0.130394 0.602286 0.164816 0.602981
3 16 -2.747 -16.306 -2.018 -4.000 -15.621 -0.688 -3.464 -15.621 -2.688 0.096141 0.602243 0.125454 0.627300 0.086109 0.623199
3 16 -2.747 -16.306 -2.018 -2.905 -16.359 -0.593 -4.000 -15.621 -0.688 0.096141 0.602243 0.130394 0.602286 0.125454 0.627300
3 16 -1.596 -33.332 -0.161 0.000 -30.966 0.319 0.000 -33.332 -0.026 0.791461 0.869470 0.828186 0.817820 0.827263 0.869826
3 16 -1.596 -33.332 -0.161 -1.788 -30.911 0.086 0.000 -30.966 0.319 0.791461 0.869470 0.788516 0.815789 0.828186 0.817820
3 16 -2.690 -34.883 -0.834 -4.586 -33.183 -1.484 -3.282 -33.257 -0.735 0.765358 0.905427 0.717403 0.867886 0.751575 0.868310
3 16 -2.690 -34.883 -0.834 -3.580 -35.778 -1.629 -4.586 -33.183 -1.484 0.765358 0.905427 0.741892 0.929318 0.717403 0.867886
3 16 -1.411 -36.227 -0.977 -3.580 -35.778 -1.629 -2.690 -34.883 -0.834 0.794150 0.936041 0.741892 0.929318 0.765358 0.905427
3 16 -1.411 -36.227 -0.977 -2.067 -37.315 -1.897 -3.580 -35.778 -1.629 0.794150 0.936041 0.777087 0.966630 0.741892 0.929318
3 16 0.000 -36.498 -0.976 -2.067 -37.315 -1.897 -1.411 -36.227 -0.977 0.825971 0.942591 0.777087 0.966630 0.794150 0.936041
3 16 0.000 -36.498 -0.976 0.000 -38.056 -2.081 -2.067 -37.315 -1.897 0.825971 0.942591 0.825217 0.985009 0.777087 0.966630
3 16 -1.411 -36.227 -0.977 0.000 -33.332 -0.026 0.000 -36.498 -0.976 0.794150 0.936041 0.827263 0.869826 0.825971 0.942591
3 16 -1.411 -36.227 -0.977 -1.596 -33.332 -0.161 0.000 -33.332 -0.026 0.794150 0.936041 0.791461 0.869470 0.827263 0.869826
3 16 -1.596 -33.332 -0.161 -2.690 -34.883 -0.834 -3.282 -33.257 -0.735 0.791461 0.869470 0.765358 0.905427 0.751575 0.868310
3 16 -1.596 -33.332 -0.161 -1.411 -36.227 -0.977 -2.690 -34.883 -0.834 0.791461 0.869470 0.794150 0.936041 0.765358 0.905427
3 16 -4.586 -33.183 -1.484 -3.581 -30.678 -0.538 -3.282 -33.257 -0.735 0.717403 0.867886 0.746624 0.809566 0.751575 0.868310
3 16 -4.586 -33.183 -1.484 -5.061 -30.948 -1.539 -3.581 -30.678 -0.538 0.717403 0.867886 0.706670 0.814664 0.746624 0.809566
3 16 -3.282 -33.257 -0.735 -1.788 -30.911 0.086 -1.596 -33.332 -0.161 0.751575 0.868310 0.788516 0.815789 0.791461 0.869470
3 16 -3.282 -33.257 -0.735 -3.581 -30.678 -0.538 -1.788 -30.911 0.086 0.751575 0.868310 0.746624 0.809566 0.788516 0.815789
3 16 0.000 -28.772 0.148 -1.788 -30.911 0.086 -1.872 -28.775 -0.083 0.829035 0.770037 0.788516 0.815789 0.787543 0.768699
3 16 0.000 -28.772 0.148 0.000 -30.966 0.319 -1.788 -30.911 0.086 0.829035 0.770037 0.828186 0.817820 0.788516 0.815789
3 16 -1.872 -28.775 -0.083 -3.581 -30.678 -0.538 -3.712 -28.810 -0.727 0.787543 0.768699 0.746624 0.809566 0.744429 0.766991
3 16 -1.872 -28.775 -0.083 -1.788 -30.911 0.086 -3.581 -30.678 -0.538 0.787543 0.768699 0.788516 0.815789 0.746624 0.809566
3 16 -3.712 -28.810 -0.727 -5.061 -30.948 -1.539 -5.250 -28.852 -1.613 0.744429 0.766991 0.706670 0.814664 0.704939 0.764623
3 16 -3.712 -28.810 -0.727 -3.581 -30.678 -0.538 -5.061 -30.948 -1.539 0.744429 0.766991 0.746624 0.809566 0.706670 0.814664
3 16 -3.461 -21.699 -2.498 -4.286 -24.045 -2.532 -5.058 -23.473 -2.282 0.544603 0.205300 0.527271 0.257969 0.508788 0.245641
3 16 -3.461 -21.699 -2.498 -2.641 -22.354 -2.685 -4.286 -24.045 -2.532 0.544603 0.205300 0.563861 0.219659 0.527271 0.257969
3 16 -6.609 -29.031 -1.692 -5.154 -26.355 -1.954 -5.250 -28.852 -1.613 0.476272 0.372320 0.508403 0.311570 0.506783 0.368064
3 16 -6.609 -29.031 -1.692 -6.277 -25.941 -1.976 -5.154 -26.355 -1.954 0.476272 0.372320 0.483062 0.302537 0.508403 0.311570
3 16 -6.277 -25.941 -1.976 -4.286 -24.045 -2.532 -5.154 -26.355 -1.954 0.483062 0.302537 0.527271 0.257969 0.508403 0.311570
3 16 -6.277 -25.941 -1.976 -5.058 -23.473 -2.282 -4.286 -24.045 -2.532 0.483062 0.302537 0.508788 0.245641 0.527271 0.257969
3 16 -5.061 -30.948 -1.539 -6.609 -29.031 -1.692 -5.250 -28.852 -1.613 0.511745 0.415032 0.476272 0.372320 0.506783 0.368064
3 16 -5.061 -30.948 -1.539 -6.359 -31.190 -1.539 -6.609 -29.031 -1.692 0.511745 0.415032 0.482690 0.420944 0.476272 0.372320
3 16 -2.818 -38.518 -1.897 0.000 -38.056 -2.081 0.000 -39.322 -2.081 0.566365 0.583751 0.629460 0.572072 0.629941 0.600477
3 16 -2.818 -38.518 -1.897 -2.067 -37.315 -1.897 0.000 -38.056 -2.081 0.566365 0.583751 0.582587 0.556370 0.629460 0.572072
3 16 -4.715 -36.541 -1.629 -2.067 -37.315 -1.897 -2.818 -38.518 -1.897 0.522367 0.540429 0.582587 0.556370 0.566365 0.583751
3 16 -4.715 -36.541 -1.629 -3.580 -35.778 -1.629 -2.067 -37.315 -1.897 0.522367 0.540429 0.547351 0.522634 0.582587 0.556370
3 16 -5.887 -33.773 -1.484 -3.580 -35.778 -1.629 -4.715 -36.541 -1.629 0.494341 0.478863 0.547351 0.522634 0.522367 0.540429
3 16 -5.887 -33.773 -1.484 -4.586 -33.183 -1.484 -3.580 -35.778 -1.629 0.494341 0.478863 0.523219 0.464974 0.547351 0.522634
3 16 -6.359 -31.190 -1.539 -4.586 -33.183 -1.484 -5.887 -33.773 -1.484 0.482690 0.420944 0.523219 0.464974 0.494341 0.478863
3 16 -6.359 -31.190 -1.539 -5.061 -30.948 -1.539 -4.586 -33.183 -1.484 0.482690 0.420944 0.511745 0.415032 0.523219 0.464974
3 16 -3.739 -21.575 -1.849 -5.058 -23.473 -2.282 -5.289 -23.331 -1.714 0.075579 0.486534 0.038587 0.439714 0.051880 0.435982
3 16 -3.739 -21.575 -1.849 -3.461 -21.699 -2.498 -5.058 -23.473 -2.282 0.075579 0.486534 0.061055 0.491981 0.038587 0.439714
3 16 -5.289 -23.331 -1.714 -6.277 -25.941 -1.976 -6.277 -25.941 -1.136 0.051880 0.435982 0.017911 0.369724 0.036173 0.366354
3 16 -5.289 -23.331 -1.714 -5.058 -23.473 -2.282 -6.277 -25.941 -1.976 0.051880 0.435982 0.038587 0.439714 0.017911 0.369724
3 16 -6.277 -25.941 -1.136 -6.609 -29.031 -1.692 -6.609 -29.031 -0.725 0.036173 0.366354 0.009973 0.284849 0.031427 0.285178
3 16 -6.277 -25.941 -1.136 -6.277 -25.941 -1.976 -6.609 -29.031 -1.692 0.036173 0.366354 0.017911 0.369724 0.009973 0.284849
3 16 -6.359 -31.190 -1.539 -6.609 -29.031 -0.725 -6.609 -29.031 -1.692 0.017166 0.222050 0.031427 0.285178 0.009973 0.284849
3 16 -6.359 -31.190 -1.539 -6.359 -31.190 -0.579 -6.609 -29.031 -0.725 0.017166 0.222050 0.038354 0.227407 0.031427 0.285178
3 16 -5.887 -33.773 -0.657 -6.359 -31.190 -1.539 -5.887 -33.773 -1.484 0.056733 0.158792 0.017166 0.222050 0.040768 0.149480
3 16 -5.887 -33.773 -0.657 -6.359 -31.190 -0.579 -6.359 -31.190 -1.539 0.056733 0.158792 0.038354 0.227407 0.017166 0.222050
3 16 -4.715 -36.541 -0.876 -5.887 -33.773 -1.484 -4.715 -36.541 -1.629 0.098950 0.088036 0.040768 0.149480 0.087944 0.075195
3 16 -4.715 -36.541 -0.876 -5.887 -33.773 -0.657 -5.887 -33.773 -1.484 0.098950 0.088036 0.056733 0.158792 0.040768 0.149480
3 16 -2.818 -38.518 -1.019 -4.715 -36.541 -1.629 -2.818 -38.518 -1.897 0.158431 0.042617 0.087944 0.075195 0.151826 0.024116
3 16 -2.818 -38.518 -1.019 -4.715 -36.541 -0.876 -4.715 -36.541 -1.629 0.158431 0.042617 0.098950 0.088036 0.087944 0.075195
3 16 0.000 -39.322 -1.033 -2.818 -38.518 -1.897 0.000 -39.322 -2.081 0.234519 0.025796 0.151826 0.024116 0.234182 0.002994
3 16 0.000 -39.322 -1.033 -2.818 -38.518 -1.019 -2.818 -38.518 -1.897 0.234519 0.025796 0.158431 0.042617 0.151826 0.024116
3 16 -2.603 -20.612 -2.598 -2.506 -19.155 -1.885 -2.247 -19.155 -2.655 0.070897 0.517764 0.097221 0.542314 0.078888 0.544685
3 16 -2.603 -20.612 -2.598 -2.857 -20.490 -1.875 -2.506 -19.155 -1.885 0.070897 0.517764 0.088255 0.514700 0.097221 0.542314
3 16 -1.985 -20.835 -2.905 -2.247 -19.155 -2.655 -1.549 -19.155 -2.938 0.578513 0.185257 0.570624 0.147732 0.587533 0.147430
3 16 -1.985 -20.835 -2.905 -2.603 -20.612 -2.598 -2.247 -19.155 -2.655 0.578513 0.185257 0.563024 0.180461 0.570624 0.147732
3 16 -3.461 -21.699 -2.498 -2.857 -20.490 -1.875 -2.603 -20.612 -2.598 0.061055 0.491981 0.088255 0.514700 0.070897 0.517764
3 16 -3.461 -21.699 -2.498 -3.739 -21.575 -1.849 -2.857 -20.490 -1.875 0.061055 0.491981 0.075579 0.486534 0.088255 0.514700
3 16 -2.641 -22.354 -2.685 -2.603 -20.612 -2.598 -1.985 -20.835 -2.905 0.563861 0.219659 0.563024 0.180461 0.578513 0.185257
3 16 -2.641 -22.354 -2.685 -3.461 -21.699 -2.498 -2.603 -20.612 -2.598 0.563861 0.219659 0.544603 0.205300 0.563024 0.180461
3 16 -1.872 -28.775 -0.083 0.000 -26.051 -0.677 0.000 -28.772 0.148 0.787543 0.768699 0.830143 0.707605 0.829035 0.770037
3 16 -1.872 -28.775 -0.083 -1.863 -26.151 -0.833 0.000 -26.051 -0.677 0.787543 0.768699 0.788245 0.708410 0.830143 0.707605
3 16 -1.937 -23.851 -1.955 0.000 -26.051 -0.677 -1.863 -26.151 -0.833 0.786786 0.651408 0.830143 0.707605 0.788245 0.708410
3 16 -1.937 -23.851 -1.955 0.000 -23.654 -1.905 0.000 -26.051 -0.677 0.786786 0.651408 0.831199 0.648159 0.830143 0.707605
3 16 -3.712 -28.810 -0.727 -1.863 -26.151 -0.833 -1.872 -28.775 -0.083 0.744429 0.766991 0.788245 0.708410 0.787543 0.768699
3 16 -3.712 -28.810 -0.727 -3.719 -26.355 -1.334 -1.863 -26.151 -0.833 0.744429 0.766991 0.745074 0.709805 0.788245 0.708410
3 16 -5.250 -28.852 -1.613 -3.719 -26.355 -1.334 -3.712 -28.810 -0.727 0.704939 0.764623 0.745074 0.709805 0.744429 0.766991
3 16 -5.250 -28.852 -1.613 -5.154 -26.355 -1.954 -3.719 -26.355 -1.334 0.704939 0.764623 0.710259 0.705951 0.745074 0.709805
3 16 -5.154 -26.355 -1.954 -3.242 -24.536 -1.901 -3.719 -26.355 -1.334 0.710259 0.705951 0.756495 0.666463 0.745074 0.709805
3 16 -5.154 -26.355 -1.954 -4.286 -24.045 -2.532 -3.242 -24.536 -1.901 0.710259 0.705951 0.731300 0.651230 0.756495 0.666463
3 16 -3.242 -24.536 -1.901 -1.863 -26.151 -0.833 -3.719 -26.355 -1.334 0.756495 0.666463 0.788245 0.708410 0.745074 0.709805
3 16 -3.242 -24.536 -1.901 -1.937 -23.851 -1.955 -1.863 -26.151 -0.833 0.756495 0.666463 0.786786 0.651408 0.788245 0.708410
3 16 -2.641 -22.354 -2.685 -3.242 -24.536 -1.901 -4.286 -24.045 -2.532 0.771024 0.614096 0.756495 0.666463 0.731300 0.651230
3 16 -2.641 -22.354 -2.685 -1.937 -23.851 -1.955 -3.242 -24.536 -1.901 0.771024 0.614096 0.786786 0.651408 0.756495 0.666463
3 16 -1.937 -23.851 -1.955 0.000 -21.896 -2.680 0.000 -23.654 -1.905 0.786786 0.651408 0.831964 0.605075 0.831199 0.648159
3 16 -1.937 -23.851 -1.955 -2.641 -22.354 -2.685 0.000 -21.896 -2.680 0.786786 0.651408 0.771024 0.614096 0.831964 0.605075
3 16 0.000 -20.802 -2.850 -1.549 -19.155 -2.938 0.000 -19.155 -2.938 0.622889 0.184055 0.587533 0.147430 0.622261 0.146935
3 16 0.000 -20.802 -2.850 -1.985 -20.835 -2.905 -1.549 -19.155 -2.938 0.622889 0.184055 0.578513 0.185257 0.587533 0.147430
3 16 0.000 -21.896 -2.680 -1.985 -20.835 -2.905 0.000 -20.802 -2.850 0.623313 0.209064 0.578513 0.185257 0.622889 0.184055
3 16 0.000 -21.896 -2.680 -2.641 -22.354 -2.685 -1.985 -20.835 -2.905 0.623313 0.209064 0.563861 0.219659 0.578513 0.185257
3 16 -2.582 -19.155 0.786 -2.181 -20.906 1.654 -1.560 -19.155 1.563 0.163620 0.534953 0.182377 0.491242 0.198724 0.534453
3 16 -2.582 -19.155 0.786 -2.956 -20.557 0.756 -2.181 -20.906 1.654 0.163620 0.534953 0.151143 0.500152 0.182377 0.491242
3 16 -2.956 -20.557 0.756 -3.786 -22.048 1.460 -2.181 -20.906 1.654 0.151143 0.500152 0.143637 0.456820 0.182377 0.491242
3 16 -2.956 -20.557 0.756 -4.148 -21.796 0.644 -3.786 -22.048 1.460 0.151143 0.500152 0.124435 0.463686 0.143637 0.456820
3 16 -2.582 -19.155 0.786 -2.991 -20.497 -0.560 -2.956 -20.557 0.756 0.163620 0.534953 0.118882 0.508019 0.151143 0.500152
3 16 -2.582 -19.155 0.786 -2.610 -19.155 -0.602 -2.991 -20.497 -0.560 0.163620 0.534953 0.127794 0.538843 0.118882 0.508019
3 16 -2.857 -20.490 -1.875 -2.610 -19.155 -0.602 -2.506 -19.155 -1.885 0.088255 0.514700 0.127794 0.538843 0.097221 0.542314
3 16 -2.857 -20.490 -1.875 -2.991 -20.497 -0.560 -2.610 -19.155 -0.602 0.088255 0.514700 0.118882 0.508019 0.127794 0.538843
3 16 -4.866 -23.580 1.629 -4.148 -21.796 0.644 -5.407 -23.414 0.686 0.122849 0.416430 0.124435 0.463686 0.099674 0.420073
3 16 -4.866 -23.580 1.629 -3.786 -22.048 1.460 -4.148 -21.796 0.644 0.122849 0.416430 0.143637 0.456820 0.124435 0.463686
3 16 -3.976 -21.654 -0.530 -2.956 -20.557 0.756 -2.991 -20.497 -0.560 0.102288 0.475627 0.151143 0.500152 0.118882 0.508019
3 16 -3.976 -21.654 -0.530 -4.148 -21.796 0.644 -2.956 -20.557 0.756 0.102288 0.475627 0.124435 0.463686 0.151143 0.500152
3 16 -3.739 -21.575 -1.849 -2.991 -20.497 -0.560 -2.857 -20.490 -1.875 0.075579 0.486534 0.118882 0.508019 0.088255 0.514700
3 16 -3.739 -21.575 -1.849 -3.976 -21.654 -0.530 -2.991 -20.497 -0.560 0.075579 0.486534 0.102288 0.475627 0.118882 0.508019
3 16 -5.289 -23.331 -1.714 -3.976 -21.654 -0.530 -3.739 -21.575 -1.849 0.051880 0.435982 0.102288 0.475627 0.075579 0.486534
3 16 -5.289 -23.331 -1.714 -5.455 -23.440 -0.437 -3.976 -21.654 -0.530 0.051880 0.435982 0.076508 0.425141 0.102288 0.475627
3 16 -4.148 -21.796 0.644 -5.455 -23.440 -0.437 -5.407 -23.414 0.686 0.124435 0.463686 0.076508 0.425141 0.099674 0.420073
3 16 -4.148 -21.796 0.644 -3.976 -21.654 -0.530 -5.455 -23.440 -0.437 0.124435 0.463686 0.102288 0.475627 0.076508 0.425141
3 16 -6.275 -25.735 1.108 -4.866 -23.580 1.629 -5.407 -23.414 0.686 0.084912 0.364623 0.122849 0.416430 0.099674 0.420073
3 16 -6.275 -25.735 1.108 -5.886 -25.883 1.956 -4.866 -23.580 1.629 0.084912 0.364623 0.104060 0.361148 0.122849 0.416430
3 16 -2.794 -38.552 -0.180 0.000 -39.360 0.481 -2.757 -38.571 0.750 0.165717 0.059056 0.234985 0.057309 0.173915 0.076764
3 16 -2.794 -38.552 -0.180 0.000 -39.331 -0.316 0.000 -39.360 0.481 0.165717 0.059056 0.234741 0.040845 0.234985 0.057309
3 16 -4.707 -36.587 0.048 -2.757 -38.571 0.750 -4.681 -36.626 1.072 0.112926 0.102498 0.173915 0.076764 0.128304 0.117909
3 16 -4.707 -36.587 0.048 -2.794 -38.552 -0.180 -2.757 -38.571 0.750 0.112926 0.102498 0.165717 0.059056 0.173915 0.076764
3 16 -4.681 -36.626 1.072 -5.809 -33.845 0.289 -4.707 -36.587 0.048 0.128304 0.117909 0.076129 0.167317 0.112926 0.102498
3 16 -4.681 -36.626 1.072 -5.782 -33.943 1.457 -5.809 -33.845 0.289 0.128304 0.117909 0.099618 0.177885 0.076129 0.167317
3 16 -5.809 -33.845 0.289 -6.448 -31.210 1.554 -6.407 -31.200 0.433 0.076129 0.167317 0.083007 0.239464 0.059756 0.233023
3 16 -5.809 -33.845 0.289 -5.782 -33.943 1.457 -6.448 -31.210 1.554 0.076129 0.167317 0.099618 0.177885 0.083007 0.239464
3 16 -6.600 -28.798 1.405 -6.407 -31.200 0.433 -6.448 -31.210 1.554 0.077709 0.293872 0.059756 0.233023 0.083007 0.239464
3 16 -6.600 -28.798 1.405 -6.614 -28.920 0.286 -6.407 -31.200 0.433 0.077709 0.293872 0.053573 0.289192 0.059756 0.233023
3 16 -6.275 -25.735 1.108 -6.614 -28.920 0.286 -6.600 -28.798 1.405 0.084912 0.364623 0.053573 0.289192 0.077709 0.293872
3 16 -6.275 -25.735 1.108 -6.263 -25.845 -0.071 -6.614 -28.920 0.286 0.084912 0.364623 0.059576 0.365337 0.053573 0.289192
3 16 -2.818 -38.518 -1.019 0.000 -39.331 -0.316 -2.794 -38.552 -0.180 0.158431 0.042617 0.234741 0.040845 0.165717 0.059056
3 16 -2.818 -38.518 -1.019 0.000 -39.322 -1.033 0.000 -39.331 -0.316 0.158431 0.042617 0.234519 0.025796 0.234741 0.040845
3 16 -4.715 -36.541 -0.876 -2.794 -38.552 -0.180 -4.707 -36.587 0.048 0.098950 0.088036 0.165717 0.059056 0.112926 0.102498
3 16 -4.715 -36.541 -0.876 -2.818 -38.518 -1.019 -2.794 -38.552 -0.180 0.098950 0.088036 0.158431 0.042617 0.165717 0.059056
3 16 -4.707 -36.587 0.048 -5.887 -33.773 -0.657 -4.715 -36.541 -0.876 0.112926 0.102498 0.056733 0.158792 0.098950 0.088036
3 16 -4.707 -36.587 0.048 -5.809 -33.845 0.289 -5.887 -33.773 -0.657 0.112926 0.102498 0.076129 0.167317 0.056733 0.158792
3 16 -5.887 -33.773 -0.657 -6.407 -31.200 0.433 -6.359 -31.190 -0.579 0.056733 0.158792 0.059756 0.233023 0.038354 0.227407
3 16 -5.887 -33.773 -0.657 -5.809 -33.845 0.289 -6.407 -31.200 0.433 0.056733 0.158792 0.076129 0.167317 0.059756 0.233023
3 16 -6.614 -28.920 0.286 -6.359 -31.190 -0.579 -6.407 -31.200 0.433 0.053573 0.289192 0.038354 0.227407 0.059756 0.233023
3 16 -6.614 -28.920 0.286 -6.609 -29.031 -0.725 -6.359 -31.190 -0.579 0.053573 0.289192 0.031427 0.285178 0.038354 0.227407
3 16 -6.263 -25.845 -0.071 -6.609 -29.031 -0.725 -6.614 -28.920 0.286 0.059576 0.365337 0.031427 0.285178 0.053573 0.289192
3 16 -6.263 -25.845 -0.071 -6.277 -25.941 -1.136 -6.609 -29.031 -0.725 0.059576 0.365337 0.036173 0.366354 0.031427 0.285178
3 16 -5.455 -23.440 -0.437 -6.277 -25.941 -1.136 -6.263 -25.845 -0.071 0.076508 0.425141 0.036173 0.366354 0.059576 0.365337
3 16 -5.455 -23.440 -0.437 -5.289 -23.331 -1.714 -6.277 -25.941 -1.136 0.076508 0.425141 0.051880 0.435982 0.036173 0.366354
3 16 -5.407 -23.414 0.686 -6.263 -25.845 -0.071 -6.275 -25.735 1.108 0.099674 0.420073 0.059576 0.365337 0.084912 0.364623
3 16 -5.407 -23.414 0.686 -5.455 -23.440 -0.437 -6.263 -25.845 -0.071 0.099674 0.420073 0.076508 0.425141 0.059576 0.365337
3 16 -5.886 -25.883 1.956 -6.600 -28.798 1.405 -6.233 -28.792 2.251 0.104060 0.361148 0.077709 0.293872 0.097260 0.295858
3 16 -5.886 -25.883 1.956 -6.275 -25.735 1.108 -6.600 -28.798 1.405 0.104060 0.361148 0.084912 0.364623 0.077709 0.293872
3 16 -6.233 -28.792 2.251 -6.448 -31.210 1.554 -6.124 -31.152 2.295 0.097260 0.295858 0.083007 0.239464 0.100003 0.244345
3 16 -6.233 -28.792 2.251 -6.600 -28.798 1.405 -6.448 -31.210 1.554 0.097260 0.295858 0.077709 0.293872 0.083007 0.239464
3 16 -5.438 -33.743 2.308 -6.448 -31.210 1.554 -5.782 -33.943 1.457 0.116602 0.189151 0.083007 0.239464 0.099618 0.177885
3 16 -5.438 -33.743 2.308 -6.124 -31.152 2.295 -6.448 -31.210 1.554 0.116602 0.189151 0.100003 0.244345 0.083007 0.239464
3 16 -5.782 -33.943 1.457 -4.358 -36.431 1.981 -5.438 -33.743 2.308 0.099618 0.177885 0.143144 0.132540 0.116602 0.189151
3 16 -5.782 -33.943 1.457 -4.681 -36.626 1.072 -4.358 -36.431 1.981 0.099618 0.177885 0.128304 0.117909 0.143144 0.132540
3 16 -4.681 -36.626 1.072 -2.566 -38.213 1.573 -4.358 -36.431 1.981 0.128304 0.117909 0.181393 0.094531 0.143144 0.132540
3 16 -4.681 -36.626 1.072 -2.757 -38.571 0.750 -2.566 -38.213 1.573 0.128304 0.117909 0.173915 0.076764 0.181393 0.094531
3 16 0.000 -39.015 1.262 -2.757 -38.571 0.750 0.000 -39.360 0.481 0.235250 0.075276 0.173915 0.076764 0.234985 0.057309
3 16 0.000 -39.015 1.262 -2.566 -38.213 1.573 -2.757 -38.571 0.750 0.235250 0.075276 0.181393 0.094531 0.173915 0.076764
3 16 -1.560 -19.155 1.563 0.000 -20.772 1.602 0.000 -19.155 1.602 0.198724 0.534453 0.241483 0.497210 0.242029 0.534179
3 16 -1.560 -19.155 1.563 -2.181 -20.906 1.654 0.000 -20.772 1.602 0.198724 0.534453 0.182377 0.491242 0.241483 0.497210
3 16 0.000 -25.611 3.834 -2.203 -23.925 2.933 -2.090 -25.806 3.734 0.239706 0.376962 0.189669 0.415940 0.194534 0.371224
3 16 0.000 -25.611 3.834 0.000 -23.833 3.080 -2.203 -23.925 2.933 0.239706 0.376962 0.240333 0.419358 0.189669 0.415940
3 16 0.000 -36.691 3.068 -2.566 -38.213 1.573 0.000 -39.015 1.262 0.236156 0.136580 0.181393 0.094531 0.235250 0.075276
3 16 0.000 -36.691 3.068 -2.079 -36.331 3.023 -2.566 -38.213 1.573 0.236156 0.136580 0.193618 0.143662 0.181393 0.094531
3 16 -2.079 -36.331 3.023 0.000 -33.580 4.330 -2.307 -33.518 4.060 0.193618 0.143662 0.237181 0.205999 0.190085 0.205688
3 16 -2.079 -36.331 3.023 0.000 -36.691 3.068 0.000 -33.580 4.330 0.193618 0.143662 0.236156 0.136580 0.237181 0.205999
3 16 -2.090 -25.806 3.734 0.000 -28.139 4.532 0.000 -25.611 3.834 0.194534 0.371224 0.238871 0.320418 0.239706 0.376962
3 16 -2.090 -25.806 3.734 -2.254 -28.446 4.375 0.000 -28.139 4.532 0.194534 0.371224 0.192264 0.312601 0.238871 0.320418
3 16 0.000 -33.580 4.330 -2.352 -30.765 4.479 -2.307 -33.518 4.060 0.237181 0.205999 0.190072 0.263631 0.190085 0.205688
3 16 0.000 -33.580 4.330 0.000 -30.461 4.688 -2.352 -30.765 4.479 0.237181 0.205999 0.238144 0.271169 0.190072 0.263631
3 16 -2.079 -36.331 3.023 -4.358 -36.431 1.981 -2.566 -38.213 1.573 0.193618 0.143662 0.143144 0.132540 0.181393 0.094531
3 16 -2.079 -36.331 3.023 -3.654 -35.369 2.885 -4.358 -36.431 1.981 0.193618 0.143662 0.160073 0.161051 0.143144 0.132540
3 16 -5.438 -33.743 2.308 -3.654 -35.369 2.885 -4.052 -33.359 3.385 0.116602 0.189151 0.160073 0.161051 0.151916 0.204363
3 16 -5.438 -33.743 2.308 -4.358 -36.431 1.981 -3.654 -35.369 2.885 0.116602 0.189151 0.143144 0.132540 0.160073 0.161051
3 16 -2.307 -33.518 4.060 -3.654 -35.369 2.885 -2.079 -36.331 3.023 0.190085 0.205688 0.160073 0.161051 0.193618 0.143662
3 16 -2.307 -33.518 4.060 -4.052 -33.359 3.385 -3.654 -35.369 2.885 0.190085 0.205688 0.151916 0.204363 0.160073 0.161051
3 16 0.000 -30.461 4.688 -2.254 -28.446 4.375 -2.352 -30.765 4.479 0.238144 0.271169 0.192264 0.312601 0.190072 0.263631
3 16 0.000 -30.461 4.688 0.000 -28.139 4.532 -2.254 -28.446 4.375 0.238144 0.271169 0.238871 0.320418 0.192264 0.312601
3 16 -2.307 -33.518 4.060 -4.348 -31.026 3.634 -4.052 -33.359 3.385 0.190085 0.205688 0.145759 0.253864 0.151916 0.204363
3 16 -2.307 -33.518 4.060 -2.352 -30.765 4.479 -4.348 -31.026 3.634 0.190085 0.205688 0.190072 0.263631 0.145759 0.253864
3 16 -5.438 -33.743 2.308 -4.348 -31.026 3.634 -6.124 -31.152 2.295 0.116602 0.189151 0.145759 0.253864 0.100003 0.244345
3 16 -5.438 -33.743 2.308 -4.052 -33.359 3.385 -4.348 -31.026 3.634 0.116602 0.189151 0.151916 0.204363 0.145759 0.253864
3 16 -2.352 -30.765 4.479 -4.464 -28.603 3.526 -4.348 -31.026 3.634 0.190072 0.263631 0.143141 0.305274 0.145759 0.253864
3 16 -2.352 -30.765 4.479 -2.254 -28.446 4.375 -4.464 -28.603 3.526 0.190072 0.263631 0.192264 0.312601 0.143141 0.305274
3 16 -4.348 -31.026 3.634 -6.233 -28.792 2.251 -6.124 -31.152 2.295 0.145759 0.253864 0.097260 0.295858 0.100003 0.244345
3 16 -4.348 -31.026 3.634 -4.464 -28.603 3.526 -6.233 -28.792 2.251 0.145759 0.253864 0.143141 0.305274 0.097260 0.295858
3 16 -4.464 -28.603 3.526 -5.886 -25.883 1.956 -6.233 -28.792 2.251 0.143141 0.305274 0.104060 0.361148 0.097260 0.295858
3 16 -4.464 -28.603 3.526 -4.184 -25.987 3.068 -5.886 -25.883 1.956 0.143141 0.305274 0.147393 0.363280 0.104060 0.361148
3 16 -2.254 -28.446 4.375 -4.184 -25.987 3.068 -4.464 -28.603 3.526 0.192264 0.312601 0.147393 0.363280 0.143141 0.305274
3 16 -2.254 -28.446 4.375 -2.090 -25.806 3.734 -4.184 -25.987 3.068 0.192264 0.312601 0.194534 0.371224 0.147393 0.363280
3 16 -3.894 -24.085 2.492 -5.886 -25.883 1.956 -4.184 -25.987 3.068 0.150609 0.407761 0.104060 0.361148 0.147393 0.363280
3 16 -3.894 -24.085 2.492 -4.866 -23.580 1.629 -5.886 -25.883 1.956 0.150609 0.407761 0.122849 0.416430 0.104060 0.361148
3 16 -3.306 -22.887 2.196 -4.866 -23.580 1.629 -3.894 -24.085 2.492 0.161096 0.437829 0.122849 0.416430 0.150609 0.407761
3 16 -3.306 -22.887 2.196 -3.786 -22.048 1.460 -4.866 -23.580 1.629 0.161096 0.437829 0.143637 0.456820 0.122849 0.416430
3 16 -2.181 -20.906 1.654 0.000 -22.164 2.370 0.000 -20.772 1.602 0.182377 0.491242 0.240955 0.461488 0.241483 0.497210
3 16 -2.181 -20.906 1.654 -2.336 -22.185 2.135 0.000 -22.164 2.370 0.182377 0.491242 0.182720 0.458405 0.240955 0.461488
3 16 -2.336 -22.185 2.135 -3.786 -22.048 1.460 -3.306 -22.887 2.196 0.182720 0.458405 0.143637 0.456820 0.161096 0.437829
3 16 -2.336 -22.185 2.135 -2.181 -20.906 1.654 -3.786 -22.048 1.460 0.182720 0.458405 0.182377 0.491242 0.143637 0.456820
3 16 0.000 -22.164 2.370 -2.203 -23.925 2.933 0.000 -23.833 3.080 0.240955 0.461488 0.189669 0.415940 0.240333 0.419358
3 16 0.000 -22.164 2.370 -2.336 -22.185 2.135 -2.203 -23.925 2.933 0.240955 0.461488 0.182720 0.458405 0.189669 0.415940
3 16 -2.203 -23.925 2.933 -3.306 -22.887 2.196 -3.894 -24.085 2.492 0.189669 0.415940 0.161096 0.437829 0.150609 0.407761
3 16 -2.203 -23.925 2.933 -2.336 -22.185 2.135 -3.306 -22.887 2.196 0.189669 0.415940 0.182720 0.458405 0.161096 0.437829
3 16 -2.090 -25.806 3.734 -3.894 -24.085 2.492 -4.184 -25.987 3.068 0.194534 0.371224 0.150609 0.407761 0.147393 0.363280
3 16 -2.090 -25.806 3.734 -2.203 -23.925 2.933 -3.894 -24.085 2.492 0.194534 0.371224 0.189669 0.415940 0.150609 0.407761
3 16 1.732 -5.000 1.061 2.000 -4.000 2.777 2.000 -4.000 1.061 0.919488 0.248161 0.957973 0.271384 0.919490 0.271387
3 16 1.732 -5.000 1.061 1.732 -5.000 2.919 2.000 -4.000 2.777 0.919488 0.248161 0.961175 0.248158 0.957973 0.271384
3 16 0.500 -3.134 3.067 0.000 -4.000 3.067 0.866 -3.500 3.067 0.837673 0.467050 0.821812 0.451184 0.843481 0.456993
3 16 0.866 -3.500 3.067 0.000 -4.000 3.067 1.000 -4.000 3.067 0.843481 0.456993 0.821812 0.451184 0.843483 0.445380
3 16 0.000 -3.000 3.067 0.000 -4.000 3.067 0.500 -3.134 3.067 0.827615 0.472855 0.821812 0.451184 0.837673 0.467050
3 16 1.000 -4.000 3.067 0.000 -4.000 3.067 0.866 -4.500 3.067 0.843483 0.445380 0.821812 0.451184 0.837678 0.435322
3 16 0.866 -4.500 3.067 0.000 -4.000 3.067 0.500 -4.866 3.067 0.837678 0.435322 0.821812 0.451184 0.827622 0.429515
3 16 1.000 -5.732 1.061 1.732 -5.000 2.919 1.732 -5.000 1.061 0.919486 0.224935 0.961175 0.248158 0.919488 0.248161
3 16 1.000 -5.732 1.061 1.000 -5.732 3.180 1.732 -5.000 2.919 0.919486 0.224935 0.967030 0.224931 0.961175 0.248158
3 16 0.500 -4.866 3.067 0.000 -4.000 3.067 0.000 -5.000 3.067 0.827622 0.429515 0.821812 0.451184 0.816009 0.429513
3 16 0.000 -6.000 1.061 1.000 -5.732 3.180 1.000 -5.732 1.061 0.919484 0.201709 0.967030 0.224931 0.919486 0.224935
3 16 0.000 -6.000 1.061 0.000 -6.000 3.313 1.000 -5.732 3.180 0.919484 0.201709 0.969990 0.201705 0.967030 0.224931
3 16 2.000 -4.000 2.777 1.732 -3.000 1.061 2.000 -4.000 1.061 0.957973 0.271384 0.919491 0.294613 0.919490 0.271387
3 16 2.000 -4.000 2.777 1.732 -3.000 2.916 1.732 -3.000 1.061 0.957973 0.271384 0.961099 0.294610 0.919491 0.294613
3 16 0.000 -2.000 1.061 1.000 -2.268 3.186 0.000 -2.000 3.313 0.919495 0.341065 0.967159 0.317835 0.970001 0.341061
3 16 0.000 -2.000 1.061 1.000 -2.268 1.061 1.000 -2.268 3.186 0.919495 0.341065 0.919493 0.317839 0.967159 0.317835
3 16 1.732 -3.000 2.916 1.000 -2.268 1.061 1.732 -3.000 1.061 0.961099 0.294610 0.919493 0.317839 0.919491 0.294613
3 16 1.732 -3.000 2.916 1.000 -2.268 3.186 1.000 -2.268 1.061 0.961099 0.294610 0.967159 0.317835 0.919493 0.317839
3 16 1.000 -2.268 3.186 0.000 0.000 3.313 0.000 -2.000 3.313 0.325696 0.690352 0.348138 0.639214 0.348119 0.683916
3 16 1.000 -2.268 3.186 2.000 0.000 2.777 0.000 0.000 3.313 0.325696 0.690352 0.300892 0.640011 0.348138 0.639214
3 16 1.732 -5.000 2.919 3.464 -4.033 1.313 2.000 -4.000 2.777 0.308840 0.752847 0.255920 0.731513 0.302586 0.730287
3 16 3.464 -4.033 1.313 1.732 -5.000 2.919 3.464 -15.621 1.313 0.255920 0.731513 0.308840 0.752847 0.256856 0.990523
3 16 3.464 -4.033 1.313 4.000 -15.621 -0.688 4.000 -4.033 -0.688 0.255920 0.731513 0.214804 0.992958 0.209534 0.732317
3 16 3.464 -4.033 1.313 3.464 -15.621 1.313 4.000 -15.621 -0.688 0.255920 0.731513 0.256856 0.990523 0.214804 0.992958
3 16 4.000 -4.033 -0.688 3.464 -15.621 -2.688 3.464 -4.033 -2.688 0.209534 0.732317 0.172718 0.993072 0.163149 0.733371
3 16 4.000 -4.033 -0.688 4.000 -15.621 -0.688 3.464 -15.621 -2.688 0.209534 0.732317 0.214804 0.992958 0.172718 0.993072
3 16 1.732 -3.000 2.916 3.464 -4.033 1.313 3.464 0.000 1.313 0.308775 0.707615 0.255920 0.731513 0.254324 0.641056
3 16 1.732 -3.000 2.916 2.000 -4.000 2.777 3.464 -4.033 1.313 0.308775 0.707615 0.302586 0.730287 0.255920 0.731513
3 16 1.000 -5.732 3.180 3.464 -15.621 1.313 1.732 -5.000 2.919 0.325775 0.769834 0.256856 0.990523 0.308840 0.752847
3 16 1.000 -5.732 3.180 2.000 -15.584 2.777 3.464 -15.621 1.313 0.325775 0.769834 0.304240 0.990779 0.256856 0.990523
3 16 0.000 0.000 -4.688 2.000 -4.033 -4.152 0.000 -4.033 -4.688 0.068004 0.645414 0.116761 0.734556 0.070368 0.736068
3 16 0.000 0.000 -4.688 2.000 0.000 -4.152 2.000 -4.033 -4.152 0.068004 0.645414 0.114518 0.644131 0.116761 0.734556
3 16 2.000 0.000 -4.152 3.464 -4.033 -2.688 2.000 -4.033 -4.152 0.114518 0.644131 0.163149 0.733371 0.116761 0.734556
3 16 2.000 0.000 -4.152 3.464 0.000 -2.688 3.464 -4.033 -2.688 0.114518 0.644131 0.161088 0.642962 0.163149 0.733371
3 16 3.464 0.000 -2.688 4.000 -4.033 -0.688 3.464 -4.033 -2.688 0.161088 0.642962 0.209534 0.732317 0.163149 0.733371
3 16 3.464 0.000 -2.688 4.000 0.000 -0.688 4.000 -4.033 -0.688 0.161088 0.642962 0.207700 0.641932 0.209534 0.732317
3 16 4.000 0.000 -0.688 3.464 -4.033 1.313 4.000 -4.033 -0.688 0.207700 0.641932 0.255920 0.731513 0.209534 0.732317
3 16 4.000 0.000 -0.688 3.464 0.000 1.313 3.464 -4.033 1.313 0.207700 0.641932 0.254324 0.641056 0.255920 0.731513
3 16 0.500 -4.866 1.061 0.000 -6.000 1.061 1.000 -5.732 1.061 0.938020 0.477206 0.963944 0.487255 0.943833 0.498875
3 16 0.500 -4.866 1.061 0.000 -5.000 1.061 0.000 -6.000 1.061 0.938020 0.477206 0.948075 0.471397 0.963944 0.487255
3 16 0.866 -4.500 1.061 1.000 -5.732 1.061 1.732 -5.000 1.061 0.926407 0.477210 0.943833 0.498875 0.920607 0.498882
3 16 0.866 -4.500 1.061 0.500 -4.866 1.061 1.000 -5.732 1.061 0.926407 0.477210 0.938020 0.477206 0.943833 0.498875
3 16 1.000 -4.000 1.061 1.732 -5.000 1.061 2.000 -4.000 1.061 0.916348 0.471406 0.920607 0.498882 0.900489 0.487275
3 16 1.000 -4.000 1.061 0.866 -4.500 1.061 1.732 -5.000 1.061 0.916348 0.471406 0.926407 0.477210 0.920607 0.498882
3 16 0.866 -3.500 1.061 2.000 -4.000 1.061 1.732 -3.000 1.061 0.910538 0.461351 0.900489 0.487275 0.888870 0.467164
3 16 0.866 -3.500 1.061 1.000 -4.000 1.061 2.000 -4.000 1.061 0.910538 0.461351 0.916348 0.471406 0.900489 0.487275
3 16 0.500 -3.134 1.061 1.732 -3.000 1.061 1.000 -2.268 1.061 0.910535 0.449738 0.888870 0.467164 0.888863 0.443938
3 16 0.500 -3.134 1.061 0.866 -3.500 1.061 1.732 -3.000 1.061 0.910535 0.449738 0.910538 0.461351 0.888870 0.467164
3 16 0.000 -3.000 1.061 1.000 -2.268 1.061 0.000 -2.000 1.061 0.916338 0.439679 0.888863 0.443938 0.900470 0.423820
3 16 0.000 -3.000 1.061 0.500 -3.134 1.061 1.000 -2.268 1.061 0.916338 0.439679 0.910535 0.449738 0.888863 0.443938
3 16 0.500 -3.134 1.061 0.866 -3.500 3.067 0.866 -3.500 1.061 0.822158 0.521315 0.810548 0.566310 0.810545 0.521316
3 16 0.500 -3.134 1.061 0.500 -3.134 3.067 0.866 -3.500 3.067 0.822158 0.521315 0.822161 0.566309 0.810548 0.566310
3 16 0.866 -3.500 1.061 1.000 -4.000 3.067 1.000 -4.000 1.061 0.810545 0.521316 0.798935 0.566311 0.798932 0.521316
3 16 0.866 -3.500 1.061 0.866 -3.500 3.067 1.000 -4.000 3.067 0.810545 0.521316 0.810548 0.566310 0.798935 0.566311
3 16 0.000 -3.000 1.061 0.500 -3.134 3.067 0.500 -3.134 1.061 0.833771 0.521314 0.822161 0.566309 0.822158 0.521315
3 16 0.000 -3.000 1.061 0.000 -3.000 3.067 0.500 -3.134 3.067 0.833771 0.521314 0.833775 0.566308 0.822161 0.566309
3 16 1.000 -4.000 1.061 0.866 -4.500 3.067 0.866 -4.500 1.061 0.798932 0.521316 0.787323 0.566312 0.787319 0.521317
3 16 1.000 -4.000 1.061 1.000 -4.000 3.067 0.866 -4.500 3.067 0.798932 0.521316 0.798935 0.566311 0.787323 0.566312
3 16 0.866 -4.500 1.061 0.500 -4.866 3.067 0.500 -4.866 1.061 0.787319 0.521317 0.775709 0.566313 0.775706 0.521318
3 16 0.866 -4.500 1.061 0.866 -4.500 3.067 0.500 -4.866 3.067 0.787319 0.521317 0.787323 0.566312 0.775709 0.566313
3 16 0.500 -4.866 1.061 0.000 -5.000 3.067 0.000 -5.000 1.061 0.775706 0.521318 0.764096 0.566313 0.764093 0.521319
3 16 0.500 -4.866 1.061 0.500 -4.866 3.067 0.000 -5.000 3.067 0.775706 0.521318 0.775709 0.566313 0.764096 0.566313
3 16 1.732 -3.000 2.916 2.000 0.000 2.777 1.000 -2.268 3.186 0.308775 0.707615 0.300892 0.640011 0.325696 0.690352
3 16 1.732 -3.000 2.916 3.464 0.000 1.313 2.000 0.000 2.777 0.308775 0.707615 0.254324 0.641056 0.300892 0.640011
3 16 0.000 -6.000 3.313 2.000 -15.584 2.777 1.000 -5.732 3.180 0.348129 0.776219 0.304240 0.990779 0.325775 0.769834
3 16 0.000 -6.000 3.313 0.000 -15.546 3.313 2.000 -15.584 2.777 0.348129 0.776219 0.348151 0.989772 0.304240 0.990779
3 16 2.000 -14.703 -4.152 0.000 -15.659 -3.067 0.000 -14.047 -4.586 0.656187 0.037524 0.620944 0.069173 0.620111 0.020008
3 16 2.000 -14.703 -4.152 1.636 -16.031 -3.143 0.000 -15.659 -3.067 0.656187 0.037524 0.658001 0.075266 0.620944 0.069173
3 16 0.000 -14.047 -4.586 2.000 -4.033 -4.152 2.000 -14.703 -4.152 0.079071 0.960799 0.116761 0.734556 0.116633 0.974171
3 16 0.000 -14.047 -4.586 0.000 -4.033 -4.688 2.000 -4.033 -4.152 0.079071 0.960799 0.070368 0.736068 0.116761 0.734556
3 16 0.000 -17.650 -2.938 1.636 -16.031 -3.143 1.559 -17.650 -2.938 0.621690 0.113214 0.658001 0.075266 0.656748 0.112384
3 16 0.000 -17.650 -2.938 0.000 -15.659 -3.067 1.636 -16.031 -3.143 0.621690 0.113214 0.620944 0.069173 0.658001 0.075266
3 16 2.247 -19.155 -2.655 2.496 -17.650 -1.979 2.506 -19.155 -1.885 0.405408 0.539862 0.386368 0.568924 0.387013 0.538033
3 16 2.247 -19.155 -2.655 2.191 -17.650 -2.707 2.496 -17.650 -1.979 0.405408 0.539862 0.404333 0.567327 0.386368 0.568924
3 16 1.549 -19.155 -2.938 2.191 -17.650 -2.707 2.247 -19.155 -2.655 0.656985 0.146254 0.671867 0.112517 0.673895 0.145983
3 16 1.549 -19.155 -2.938 1.559 -17.650 -2.938 2.191 -17.650 -2.707 0.656985 0.146254 0.656748 0.112384 0.671867 0.112517
3 16 2.905 -16.359 -0.593 2.576 -17.650 0.765 2.616 -17.650 -0.581 0.355626 0.598959 0.319104 0.569559 0.352838 0.569316
3 16 2.905 -16.359 -0.593 2.746 -16.357 0.831 2.576 -17.650 0.765 0.355626 0.598959 0.321239 0.600670 0.319104 0.569559
3 16 1.724 -16.279 1.890 0.000 -17.650 1.602 1.740 -17.650 1.587 0.285631 0.603136 0.242540 0.568773 0.288490 0.569817
3 16 1.724 -16.279 1.890 0.000 -16.289 2.022 0.000 -17.650 1.602 0.285631 0.603136 0.243026 0.601707 0.242540 0.568773
3 16 0.000 -16.289 2.022 2.000 -15.584 2.777 0.000 -15.546 3.313 0.243026 0.601707 0.283142 0.625863 0.243486 0.632847
3 16 0.000 -16.289 2.022 1.724 -16.279 1.890 2.000 -15.584 2.777 0.243026 0.601707 0.285631 0.603136 0.283142 0.625863
3 16 2.746 -16.357 0.831 1.740 -17.650 1.587 2.576 -17.650 0.765 0.321239 0.600670 0.288490 0.569817 0.319104 0.569559
3 16 2.746 -16.357 0.831 1.724 -16.279 1.890 1.740 -17.650 1.587 0.321239 0.600670 0.285631 0.603136 0.288490 0.569817
3 16 2.582 -19.155 0.786 1.740 -17.650 1.587 1.560 -19.155 1.563 0.320426 0.532637 0.288490 0.569817 0.285322 0.533174
3 16 2.582 -19.155 0.786 2.576 -17.650 0.765 1.740 -17.650 1.587 0.320426 0.532637 0.319104 0.569559 0.288490 0.569817
3 16 1.560 -19.155 1.563 0.000 -17.650 1.602 0.000 -19.155 1.602 0.285322 0.533174 0.242540 0.568773 0.242029 0.534179
3 16 1.560 -19.155 1.563 1.740 -17.650 1.587 0.000 -17.650 1.602 0.285322 0.533174 0.288490 0.569817 0.242540 0.568773
3 16 1.549 -19.155 -2.938 0.000 -17.650 -2.938 1.559 -17.650 -2.938 0.656985 0.146254 0.621690 0.113214 0.656748 0.112384
3 16 1.549 -19.155 -2.938 0.000 -19.155 -2.938 0.000 -17.650 -2.938 0.656985 0.146254 0.622261 0.146935 0.621690 0.113214
3 16 2.582 -19.155 0.786 2.616 -17.650 -0.581 2.576 -17.650 0.765 0.320426 0.532637 0.352838 0.569316 0.319104 0.569559
3 16 2.582 -19.155 0.786 2.610 -19.155 -0.602 2.616 -17.650 -0.581 0.320426 0.532637 0.356351 0.535467 0.352838 0.569316
3 16 1.724 -16.279 1.890 3.464 -15.621 1.313 2.000 -15.584 2.777 0.285631 0.603136 0.323810 0.624621 0.283142 0.625863
3 16 1.724 -16.279 1.890 2.746 -16.357 0.831 3.464 -15.621 1.313 0.285631 0.603136 0.321239 0.600670 0.323810 0.624621
3 16 2.506 -19.155 -1.885 2.616 -17.650 -0.581 2.610 -19.155 -0.602 0.387013 0.538033 0.352838 0.569316 0.356351 0.535467
3 16 2.506 -19.155 -1.885 2.496 -17.650 -1.979 2.616 -17.650 -0.581 0.387013 0.538033 0.386368 0.568924 0.352838 0.569316
3 16 2.496 -17.650 -1.979 2.905 -16.359 -0.593 2.616 -17.650 -0.581 0.386368 0.568924 0.355626 0.598959 0.352838 0.569316
3 16 2.496 -17.650 -1.979 2.747 -16.306 -2.018 2.905 -16.359 -0.593 0.386368 0.568924 0.389863 0.597904 0.355626 0.598959
3 16 2.746 -16.357 0.831 4.000 -15.621 -0.688 3.464 -15.621 1.313 0.321239 0.600670 0.361302 0.623816 0.323810 0.624621
3 16 2.746 -16.357 0.831 2.905 -16.359 -0.593 4.000 -15.621 -0.688 0.321239 0.600670 0.355626 0.598959 0.361302 0.623816
3 16 4.000 -15.621 -0.688 2.747 -16.306 -2.018 3.464 -15.621 -2.688 0.361302 0.623816 0.389863 0.597904 0.400510 0.618555
3 16 4.000 -15.621 -0.688 2.905 -16.359 -0.593 2.747 -16.306 -2.018 0.361302 0.623816 0.355626 0.598959 0.389863 0.597904
3 16 0.000 -30.966 0.319 1.596 -33.332 -0.161 0.000 -33.332 -0.026 0.828186 0.817820 0.863054 0.870741 0.827263 0.869826
3 16 0.000 -30.966 0.319 1.788 -30.911 0.086 1.596 -33.332 -0.161 0.828186 0.817820 0.867903 0.817199 0.863054 0.870741
3 16 2.690 -34.883 -0.834 4.586 -33.183 -1.484 3.580 -35.778 -1.629 0.887864 0.907603 0.937122 0.871788 0.910467 0.932311
3 16 2.690 -34.883 -0.834 3.282 -33.257 -0.735 4.586 -33.183 -1.484 0.887864 0.907603 0.902956 0.870998 0.937122 0.871788
3 16 3.580 -35.778 -1.629 1.411 -36.227 -0.977 2.690 -34.883 -0.834 0.910467 0.932311 0.858003 0.937175 0.887864 0.907603
3 16 3.580 -35.778 -1.629 2.067 -37.315 -1.897 1.411 -36.227 -0.977 0.910467 0.932311 0.873970 0.968350 0.858003 0.937175
3 16 2.067 -37.315 -1.897 0.000 -36.498 -0.976 1.411 -36.227 -0.977 0.873970 0.968350 0.825971 0.942591 0.858003 0.937175
3 16 2.067 -37.315 -1.897 0.000 -38.056 -2.081 0.000 -36.498 -0.976 0.873970 0.968350 0.825217 0.985009 0.825971 0.942591
3 16 0.000 -33.332 -0.026 1.411 -36.227 -0.977 0.000 -36.498 -0.976 0.827263 0.869826 0.858003 0.937175 0.825971 0.942591
3 16 0.000 -33.332 -0.026 1.596 -33.332 -0.161 1.411 -36.227 -0.977 0.827263 0.869826 0.863054 0.870741 0.858003 0.937175
3 16 2.690 -34.883 -0.834 1.596 -33.332 -0.161 3.282 -33.257 -0.735 0.887864 0.907603 0.863054 0.870741 0.902956 0.870998
3 16 2.690 -34.883 -0.834 1.411 -36.227 -0.977 1.596 -33.332 -0.161 0.887864 0.907603 0.858003 0.937175 0.863054 0.870741
3 16 4.586 -33.183 -1.484 3.581 -30.678 -0.538 5.061 -30.948 -1.539 0.937122 0.871788 0.909990 0.812467 0.949737 0.818981
3 16 4.586 -33.183 -1.484 3.282 -33.257 -0.735 3.581 -30.678 -0.538 0.937122 0.871788 0.902956 0.870998 0.909990 0.812467
3 16 3.282 -33.257 -0.735 1.788 -30.911 0.086 3.581 -30.678 -0.538 0.902956 0.870998 0.867903 0.817199 0.909990 0.812467
3 16 3.282 -33.257 -0.735 1.596 -33.332 -0.161 1.788 -30.911 0.086 0.902956 0.870998 0.863054 0.870741 0.867903 0.817199
3 16 0.000 -28.772 0.148 1.788 -30.911 0.086 0.000 -30.966 0.319 0.829035 0.770037 0.867903 0.817199 0.828186 0.817820
3 16 0.000 -28.772 0.148 1.872 -28.775 -0.083 1.788 -30.911 0.086 0.829035 0.770037 0.870548 0.770173 0.867903 0.817199
3 16 3.581 -30.678 -0.538 1.872 -28.775 -0.083 3.712 -28.810 -0.727 0.909990 0.812467 0.870548 0.770173 0.913695 0.769997
3 16 3.581 -30.678 -0.538 1.788 -30.911 0.086 1.872 -28.775 -0.083 0.909990 0.812467 0.867903 0.817199 0.870548 0.770173
3 16 5.061 -30.948 -1.539 3.712 -28.810 -0.727 5.250 -28.852 -1.613 0.949737 0.818981 0.913695 0.769997 0.953244 0.769032
3 16 5.061 -30.948 -1.539 3.581 -30.678 -0.538 3.712 -28.810 -0.727 0.949737 0.818981 0.909990 0.812467 0.913695 0.769997
3 16 3.461 -21.699 -2.498 4.286 -24.045 -2.532 2.641 -22.354 -2.685 0.701850 0.202637 0.720956 0.254689 0.683089 0.217640
3 16 3.461 -21.699 -2.498 5.058 -23.473 -2.282 4.286 -24.045 -2.532 0.701850 0.202637 0.739010 0.241742 0.720956 0.254689
3 16 5.154 -26.355 -1.954 6.609 -29.031 -1.692 5.250 -28.852 -1.613 0.741627 0.307621 0.775797 0.367247 0.745160 0.364027
3 16 5.154 -26.355 -1.954 6.277 -25.941 -1.976 6.609 -29.031 -1.692 0.741627 0.307621 0.766648 0.297735 0.775797 0.367247
3 16 4.286 -24.045 -2.532 6.277 -25.941 -1.976 5.154 -26.355 -1.954 0.720956 0.254689 0.766648 0.297735 0.741627 0.307621
3 16 4.286 -24.045 -2.532 5.058 -23.473 -2.282 6.277 -25.941 -1.976 0.720956 0.254689 0.739010 0.241742 0.766648 0.297735
3 16 5.061 -30.948 -1.539 6.609 -29.031 -1.692 6.359 -31.190 -1.539 0.741791 0.411137 0.775797 0.367247 0.771029 0.416061
3 16 5.061 -30.948 -1.539 5.250 -28.852 -1.613 6.609 -29.031 -1.692 0.741791 0.411137 0.745160 0.364027 0.775797 0.367247
3 16 2.818 -38.518 -1.897 0.000 -38.056 -2.081 2.067 -37.315 -1.897 0.692915 0.581608 0.629460 0.572072 0.675775 0.554792
3 16 2.818 -38.518 -1.897 0.000 -39.322 -2.081 0.000 -38.056 -2.081 0.692915 0.581608 0.629941 0.600477 0.629460 0.572072
3 16 4.715 -36.541 -1.629 2.067 -37.315 -1.897 3.580 -35.778 -1.629 0.735420 0.536821 0.675775 0.554792 0.709848 0.519882
3 16 4.715 -36.541 -1.629 2.818 -38.518 -1.897 2.067 -37.315 -1.897 0.735420 0.536821 0.692915 0.581608 0.675775 0.554792
3 16 5.887 -33.773 -1.484 3.580 -35.778 -1.629 4.586 -33.183 -1.484 0.761346 0.474342 0.709848 0.519882 0.732014 0.461438
3 16 5.887 -33.773 -1.484 4.715 -36.541 -1.629 3.580 -35.778 -1.629 0.761346 0.474342 0.735420 0.536821 0.709848 0.519882
3 16 6.359 -31.190 -1.539 4.586 -33.183 -1.484 5.061 -30.948 -1.539 0.771029 0.416061 0.732014 0.461438 0.741791 0.411137
3 16 6.359 -31.190 -1.539 5.887 -33.773 -1.484 4.586 -33.183 -1.484 0.771029 0.416061 0.761346 0.474342 0.732014 0.461438
3 16 3.739 -21.575 -1.849 5.058 -23.473 -2.282 3.461 -21.699 -2.498 0.406999 0.481639 0.442592 0.433747 0.421677 0.486655
3 16 3.739 -21.575 -1.849 5.289 -23.331 -1.714 5.058 -23.473 -2.282 0.406999 0.481639 0.429194 0.430408 0.442592 0.433747
3 16 5.289 -23.331 -1.714 6.277 -25.941 -1.976 5.058 -23.473 -2.282 0.429194 0.430408 0.461191 0.363176 0.442592 0.433747
3 16 5.289 -23.331 -1.714 6.277 -25.941 -1.136 6.277 -25.941 -1.976 0.429194 0.430408 0.442838 0.360347 0.461191 0.363176
3 16 6.277 -25.941 -1.136 6.609 -29.031 -1.692 6.277 -25.941 -1.976 0.442838 0.360347 0.466619 0.278104 0.461191 0.363176
3 16 6.277 -25.941 -1.136 6.609 -29.031 -0.725 6.609 -29.031 -1.692 0.442838 0.360347 0.445184 0.279066 0.466619 0.278104
3 16 6.359 -31.190 -1.539 6.609 -29.031 -0.725 6.359 -31.190 -0.579 0.457575 0.215545 0.445184 0.279066 0.436554 0.221525
3 16 6.359 -31.190 -1.539 6.609 -29.031 -1.692 6.609 -29.031 -0.725 0.457575 0.215545 0.466619 0.278104 0.445184 0.279066
3 16 6.359 -31.190 -1.539 5.887 -33.773 -0.657 5.887 -33.773 -1.484 0.457575 0.215545 0.416156 0.153483 0.431839 0.143703
3 16 6.359 -31.190 -1.539 6.359 -31.190 -0.579 5.887 -33.773 -0.657 0.457575 0.215545 0.436554 0.221525 0.416156 0.153483
3 16 5.887 -33.773 -1.484 4.715 -36.541 -0.876 4.715 -36.541 -1.629 0.431839 0.143703 0.371868 0.084005 0.382489 0.070844
3 16 5.887 -33.773 -1.484 5.887 -33.773 -0.657 4.715 -36.541 -0.876 0.431839 0.143703 0.416156 0.153483 0.371868 0.084005
3 16 4.715 -36.541 -1.629 2.818 -38.518 -1.019 2.818 -38.518 -1.897 0.382489 0.070844 0.311071 0.040361 0.317127 0.021674
3 16 4.715 -36.541 -1.629 4.715 -36.541 -0.876 2.818 -38.518 -1.019 0.382489 0.070844 0.371868 0.084005 0.311071 0.040361
3 16 2.818 -38.518 -1.897 0.000 -39.322 -1.033 0.000 -39.322 -2.081 0.317127 0.021674 0.234519 0.025796 0.234182 0.002994
3 16 2.818 -38.518 -1.897 2.818 -38.518 -1.019 0.000 -39.322 -1.033 0.317127 0.021674 0.311071 0.040361 0.234519 0.025796
3 16 2.603 -20.612 -2.598 2.506 -19.155 -1.885 2.857 -20.490 -1.875 0.412601 0.512717 0.387013 0.538033 0.395159 0.510167
3 16 2.603 -20.612 -2.598 2.247 -19.155 -2.655 2.506 -19.155 -1.885 0.412601 0.512717 0.405408 0.539862 0.387013 0.538033
3 16 1.985 -20.835 -2.905 2.247 -19.155 -2.655 2.603 -20.612 -2.598 0.667281 0.183754 0.673895 0.145983 0.682598 0.178436
3 16 1.985 -20.835 -2.905 1.549 -19.155 -2.938 2.247 -19.155 -2.655 0.667281 0.183754 0.656985 0.146254 0.673895 0.145983
3 16 2.857 -20.490 -1.875 3.461 -21.699 -2.498 2.603 -20.612 -2.598 0.395159 0.510167 0.421677 0.486655 0.412601 0.512717
3 16 2.857 -20.490 -1.875 3.739 -21.575 -1.849 3.461 -21.699 -2.498 0.395159 0.510167 0.406999 0.481639 0.421677 0.486655
3 16 2.603 -20.612 -2.598 2.641 -22.354 -2.685 1.985 -20.835 -2.905 0.682598 0.178436 0.683089 0.217640 0.667281 0.183754
3 16 2.603 -20.612 -2.598 3.461 -21.699 -2.498 2.641 -22.354 -2.685 0.682598 0.178436 0.701850 0.202637 0.683089 0.217640
3 16 0.000 -26.051 -0.677 1.872 -28.775 -0.083 0.000 -28.772 0.148 0.830143 0.707605 0.870548 0.770173 0.829035 0.770037
3 16 0.000 -26.051 -0.677 1.863 -26.151 -0.833 1.872 -28.775 -0.083 0.830143 0.707605 0.871986 0.709897 0.870548 0.770173
3 16 0.000 -26.051 -0.677 1.937 -23.851 -1.955 1.863 -26.151 -0.833 0.830143 0.707605 0.875468 0.652983 0.871986 0.709897
3 16 0.000 -26.051 -0.677 0.000 -23.654 -1.905 1.937 -23.851 -1.955 0.830143 0.707605 0.831199 0.648159 0.875468 0.652983
3 16 1.863 -26.151 -0.833 3.712 -28.810 -0.727 1.872 -28.775 -0.083 0.871986 0.709897 0.913695 0.769997 0.870548 0.770173
3 16 1.863 -26.151 -0.833 3.719 -26.355 -1.334 3.712 -28.810 -0.727 0.871986 0.709897 0.915081 0.712824 0.913695 0.769997
3 16 3.719 -26.355 -1.334 5.250 -28.852 -1.613 3.712 -28.810 -0.727 0.915081 0.712824 0.953244 0.769032 0.913695 0.769997
3 16 3.719 -26.355 -1.334 5.154 -26.355 -1.954 5.250 -28.852 -1.613 0.915081 0.712824 0.950011 0.710208 0.953244 0.769032
3 16 3.242 -24.536 -1.901 5.154 -26.355 -1.954 3.719 -26.355 -1.334 0.905206 0.669104 0.950011 0.710208 0.915081 0.712824
3 16 3.242 -24.536 -1.901 4.286 -24.045 -2.532 5.154 -26.355 -1.954 0.905206 0.669104 0.930925 0.654774 0.950011 0.710208
3 16 3.242 -24.536 -1.901 1.863 -26.151 -0.833 1.937 -23.851 -1.955 0.905206 0.669104 0.871986 0.709897 0.875468 0.652983
3 16 3.242 -24.536 -1.901 3.719 -26.355 -1.334 1.863 -26.151 -0.833 0.905206 0.669104 0.915081 0.712824 0.871986 0.709897
3 16 2.641 -22.354 -2.685 3.242 -24.536 -1.901 1.937 -23.851 -1.955 0.892545 0.616254 0.905206 0.669104 0.875468 0.652983
3 16 2.641 -22.354 -2.685 4.286 -24.045 -2.532 3.242 -24.536 -1.901 0.892545 0.616254 0.930925 0.654774 0.905206 0.669104
3 16 1.937 -23.851 -1.955 0.000 -21.896 -2.680 2.641 -22.354 -2.685 0.875468 0.652983 0.831964 0.605075 0.892545 0.616254
3 16 1.937 -23.851 -1.955 0.000 -23.654 -1.905 0.000 -21.896 -2.680 0.875468 0.652983 0.831199 0.648159 0.831964 0.605075
3 16 1.549 -19.155 -2.938 0.000 -20.802 -2.850 0.000 -19.155 -2.938 0.656985 0.146254 0.622889 0.184055 0.622261 0.146935
3 16 1.549 -19.155 -2.938 1.985 -20.835 -2.905 0.000 -20.802 -2.850 0.656985 0.146254 0.667281 0.183754 0.622889 0.184055
3 16 1.985 -20.835 -2.905 0.000 -21.896 -2.680 0.000 -20.802 -2.850 0.667281 0.183754 0.623313 0.209064 0.622889 0.184055
3 16 1.985 -20.835 -2.905 2.641 -22.354 -2.685 0.000 -21.896 -2.680 0.667281 0.183754 0.683089 0.217640 0.623313 0.209064
3 16 2.181 -20.906 1.654 2.582 -19.155 0.786 1.560 -19.155 1.563 0.300386 0.489499 0.320426 0.532637 0.285322 0.533174
3 16 2.181 -20.906 1.654 2.956 -20.557 0.756 2.582 -19.155 0.786 0.300386 0.489499 0.331869 0.497482 0.320426 0.532637
3 16 3.786 -22.048 1.460 2.956 -20.557 0.756 2.181 -20.906 1.654 0.338092 0.453948 0.331869 0.497482 0.300386 0.489499
3 16 3.786 -22.048 1.460 4.148 -21.796 0.644 2.956 -20.557 0.756 0.338092 0.453948 0.357489 0.460244 0.331869 0.497482
3 16 2.582 -19.155 0.786 2.991 -20.497 -0.560 2.610 -19.155 -0.602 0.320426 0.532637 0.364349 0.504393 0.356351 0.535467
3 16 2.582 -19.155 0.786 2.956 -20.557 0.756 2.991 -20.497 -0.560 0.320426 0.532637 0.331869 0.497482 0.364349 0.504393
3 16 2.857 -20.490 -1.875 2.610 -19.155 -0.602 2.991 -20.497 -0.560 0.395159 0.510167 0.356351 0.535467 0.364349 0.504393
3 16 2.857 -20.490 -1.875 2.506 -19.155 -1.885 2.610 -19.155 -0.602 0.395159 0.510167 0.387013 0.538033 0.356351 0.535467
3 16 4.866 -23.580 1.629 4.148 -21.796 0.644 3.786 -22.048 1.460 0.357679 0.412962 0.357489 0.460244 0.338092 0.453948
3 16 4.866 -23.580 1.629 5.407 -23.414 0.686 4.148 -21.796 0.644 0.357679 0.412962 0.380951 0.415918 0.357489 0.460244
3 16 3.976 -21.654 -0.530 2.956 -20.557 0.756 4.148 -21.796 0.644 0.379979 0.471525 0.331869 0.497482 0.357489 0.460244
3 16 3.976 -21.654 -0.530 2.991 -20.497 -0.560 2.956 -20.557 0.756 0.379979 0.471525 0.364349 0.504393 0.331869 0.497482
3 16 3.739 -21.575 -1.849 2.991 -20.497 -0.560 3.976 -21.654 -0.530 0.406999 0.481639 0.364349 0.504393 0.379979 0.471525
3 16 3.739 -21.575 -1.849 2.857 -20.490 -1.875 2.991 -20.497 -0.560 0.406999 0.481639 0.395159 0.510167 0.364349 0.504393
3 16 5.289 -23.331 -1.714 3.976 -21.654 -0.530 5.455 -23.440 -0.437 0.429194 0.430408 0.379979 0.471525 0.404257 0.420300
3 16 5.289 -23.331 -1.714 3.739 -21.575 -1.849 3.976 -21.654 -0.530 0.429194 0.430408 0.406999 0.481639 0.379979 0.471525
3 16 4.148 -21.796 0.644 5.455 -23.440 -0.437 3.976 -21.654 -0.530 0.357489 0.460244 0.404257 0.420300 0.379979 0.471525
3 16 4.148 -21.796 0.644 5.407 -23.414 0.686 5.455 -23.440 -0.437 0.357489 0.460244 0.380951 0.415918 0.404257 0.420300
3 16 6.275 -25.735 1.108 4.866 -23.580 1.629 5.886 -25.883 1.956 0.394069 0.360056 0.357679 0.412962 0.374827 0.357149
3 16 6.275 -25.735 1.108 5.407 -23.414 0.686 4.866 -23.580 1.629 0.394069 0.360056 0.380951 0.415918 0.357679 0.412962
3 16 0.000 -39.360 0.481 2.794 -38.552 -0.180 2.757 -38.571 0.750 0.234985 0.057309 0.304274 0.057009 0.296603 0.074951
3 16 0.000 -39.360 0.481 0.000 -39.331 -0.316 2.794 -38.552 -0.180 0.234985 0.057309 0.234741 0.040845 0.304274 0.057009
3 16 2.757 -38.571 0.750 4.707 -36.587 0.048 4.681 -36.626 1.072 0.296603 0.074951 0.358325 0.098873 0.343409 0.114732
3 16 2.757 -38.571 0.750 2.794 -38.552 -0.180 4.707 -36.587 0.048 0.296603 0.074951 0.304274 0.057009 0.358325 0.098873
3 16 5.809 -33.845 0.289 4.681 -36.626 1.072 4.707 -36.587 0.048 0.397021 0.162577 0.343409 0.114732 0.358325 0.098873
3 16 5.809 -33.845 0.289 5.782 -33.943 1.457 4.681 -36.626 1.072 0.397021 0.162577 0.373854 0.173834 0.343409 0.114732
3 16 5.809 -33.845 0.289 6.448 -31.210 1.554 5.782 -33.943 1.457 0.397021 0.162577 0.392277 0.234896 0.373854 0.173834
3 16 5.809 -33.845 0.289 6.407 -31.200 0.433 6.448 -31.210 1.554 0.397021 0.162577 0.415327 0.227770 0.392277 0.234896
3 16 6.600 -28.798 1.405 6.407 -31.200 0.433 6.614 -28.920 0.286 0.399179 0.289124 0.415327 0.227770 0.423166 0.283732
3 16 6.600 -28.798 1.405 6.448 -31.210 1.554 6.407 -31.200 0.433 0.399179 0.289124 0.392277 0.234896 0.415327 0.227770
3 16 6.275 -25.735 1.108 6.614 -28.920 0.286 6.263 -25.845 -0.071 0.394069 0.360056 0.423166 0.283732 0.419415 0.360022
3 16 6.275 -25.735 1.108 6.600 -28.798 1.405 6.614 -28.920 0.286 0.394069 0.360056 0.399179 0.289124 0.423166 0.283732
3 16 0.000 -39.331 -0.316 2.818 -38.518 -1.019 2.794 -38.552 -0.180 0.234741 0.040845 0.311071 0.040361 0.304274 0.057009
3 16 0.000 -39.331 -0.316 0.000 -39.322 -1.033 2.818 -38.518 -1.019 0.234741 0.040845 0.234519 0.025796 0.311071 0.040361
3 16 2.794 -38.552 -0.180 4.715 -36.541 -0.876 4.707 -36.587 0.048 0.304274 0.057009 0.371868 0.084005 0.358325 0.098873
3 16 2.794 -38.552 -0.180 2.818 -38.518 -1.019 4.715 -36.541 -0.876 0.304274 0.057009 0.311071 0.040361 0.371868 0.084005
3 16 5.887 -33.773 -0.657 4.707 -36.587 0.048 4.715 -36.541 -0.876 0.416156 0.153483 0.358325 0.098873 0.371868 0.084005
3 16 5.887 -33.773 -0.657 5.809 -33.845 0.289 4.707 -36.587 0.048 0.416156 0.153483 0.397021 0.162577 0.358325 0.098873
3 16 5.887 -33.773 -0.657 6.407 -31.200 0.433 5.809 -33.845 0.289 0.416156 0.153483 0.415327 0.227770 0.397021 0.162577
3 16 5.887 -33.773 -0.657 6.359 -31.190 -0.579 6.407 -31.200 0.433 0.416156 0.153483 0.436554 0.221525 0.415327 0.227770
3 16 6.614 -28.920 0.286 6.359 -31.190 -0.579 6.609 -29.031 -0.725 0.423166 0.283732 0.436554 0.221525 0.445184 0.279066
3 16 6.614 -28.920 0.286 6.407 -31.200 0.433 6.359 -31.190 -0.579 0.423166 0.283732 0.415327 0.227770 0.436554 0.221525
3 16 6.263 -25.845 -0.071 6.609 -29.031 -0.725 6.277 -25.941 -1.136 0.419415 0.360022 0.445184 0.279066 0.442838 0.360347
3 16 6.263 -25.845 -0.071 6.614 -28.920 0.286 6.609 -29.031 -0.725 0.419415 0.360022 0.423166 0.283732 0.445184 0.279066
3 16 5.455 -23.440 -0.437 6.277 -25.941 -1.136 5.289 -23.331 -1.714 0.404257 0.420300 0.442838 0.360347 0.429194 0.430408
3 16 5.455 -23.440 -0.437 6.263 -25.845 -0.071 6.277 -25.941 -1.136 0.404257 0.420300 0.419415 0.360022 0.442838 0.360347
3 16 5.407 -23.414 0.686 6.263 -25.845 -0.071 5.455 -23.440 -0.437 0.380951 0.415918 0.419415 0.360022 0.404257 0.420300
3 16 5.407 -23.414 0.686 6.275 -25.735 1.108 6.263 -25.845 -0.071 0.380951 0.415918 0.394069 0.360056 0.419415 0.360022
3 16 5.886 -25.883 1.956 6.600 -28.798 1.405 6.275 -25.735 1.108 0.374827 0.357149 0.399179 0.289124 0.394069 0.360056
3 16 5.886 -25.883 1.956 6.233 -28.792 2.251 6.600 -28.798 1.405 0.374827 0.357149 0.379695 0.291686 0.399179 0.289124
3 16 6.233 -28.792 2.251 6.448 -31.210 1.554 6.600 -28.798 1.405 0.379695 0.291686 0.392277 0.234896 0.399179 0.289124
3 16 6.233 -28.792 2.251 6.124 -31.152 2.295 6.448 -31.210 1.554 0.379695 0.291686 0.375432 0.240276 0.392277 0.234896
3 16 6.448 -31.210 1.554 5.438 -33.743 2.308 5.782 -33.943 1.457 0.392277 0.234896 0.357210 0.185597 0.373854 0.173834
3 16 6.448 -31.210 1.554 6.124 -31.152 2.295 5.438 -33.743 2.308 0.392277 0.234896 0.375432 0.240276 0.357210 0.185597
3 16 4.358 -36.431 1.981 5.782 -33.943 1.457 5.438 -33.743 2.308 0.329008 0.129794 0.373854 0.173834 0.357210 0.185597
3 16 4.358 -36.431 1.981 4.681 -36.626 1.072 5.782 -33.943 1.457 0.329008 0.129794 0.343409 0.114732 0.373854 0.173834
3 16 2.566 -38.213 1.573 4.681 -36.626 1.072 4.358 -36.431 1.981 0.289652 0.092932 0.343409 0.114732 0.329008 0.129794
3 16 2.566 -38.213 1.573 2.757 -38.571 0.750 4.681 -36.626 1.072 0.289652 0.092932 0.296603 0.074951 0.343409 0.114732
3 16 2.757 -38.571 0.750 0.000 -39.015 1.262 0.000 -39.360 0.481 0.296603 0.074951 0.235250 0.075276 0.234985 0.057309
3 16 2.757 -38.571 0.750 2.566 -38.213 1.573 0.000 -39.015 1.262 0.296603 0.074951 0.289652 0.092932 0.235250 0.075276
3 16 1.560 -19.155 1.563 0.000 -20.772 1.602 2.181 -20.906 1.654 0.285322 0.533174 0.241483 0.497210 0.300386 0.489499
3 16 1.560 -19.155 1.563 0.000 -19.155 1.602 0.000 -20.772 1.602 0.285322 0.533174 0.242029 0.534179 0.241483 0.497210
3 16 2.203 -23.925 2.933 0.000 -25.611 3.834 2.090 -25.806 3.734 0.290873 0.414445 0.239706 0.376962 0.284689 0.369892
3 16 2.203 -23.925 2.933 0.000 -23.833 3.080 0.000 -25.611 3.834 0.290873 0.414445 0.240333 0.419358 0.239706 0.376962
3 16 0.000 -36.691 3.068 2.566 -38.213 1.573 2.079 -36.331 3.023 0.236156 0.136580 0.289652 0.092932 0.278884 0.142402
3 16 0.000 -36.691 3.068 0.000 -39.015 1.262 2.566 -38.213 1.573 0.236156 0.136580 0.235250 0.075276 0.289652 0.092932
3 16 2.079 -36.331 3.023 0.000 -33.580 4.330 0.000 -36.691 3.068 0.278884 0.142402 0.237181 0.205999 0.236156 0.136580
3 16 2.079 -36.331 3.023 2.307 -33.518 4.060 0.000 -33.580 4.330 0.278884 0.142402 0.284248 0.204297 0.237181 0.205999
3 16 0.000 -28.139 4.532 2.090 -25.806 3.734 0.000 -25.611 3.834 0.238871 0.320418 0.284689 0.369892 0.239706 0.376962
3 16 0.000 -28.139 4.532 2.254 -28.446 4.375 2.090 -25.806 3.734 0.238871 0.320418 0.285227 0.311228 0.284689 0.369892
3 16 0.000 -33.580 4.330 2.352 -30.765 4.479 0.000 -30.461 4.688 0.237181 0.205999 0.285972 0.262215 0.238144 0.271169
3 16 0.000 -33.580 4.330 2.307 -33.518 4.060 2.352 -30.765 4.479 0.237181 0.205999 0.284248 0.204297 0.285972 0.262215
3 16 2.079 -36.331 3.023 4.358 -36.431 1.981 3.654 -35.369 2.885 0.278884 0.142402 0.329008 0.129794 0.312928 0.158793
3 16 2.079 -36.331 3.023 2.566 -38.213 1.573 4.358 -36.431 1.981 0.278884 0.142402 0.289652 0.092932 0.329008 0.129794
3 16 3.654 -35.369 2.885 5.438 -33.743 2.308 4.052 -33.359 3.385 0.312928 0.158793 0.357210 0.185597 0.322360 0.201845
3 16 3.654 -35.369 2.885 4.358 -36.431 1.981 5.438 -33.743 2.308 0.312928 0.158793 0.329008 0.129794 0.357210 0.185597
3 16 2.307 -33.518 4.060 3.654 -35.369 2.885 4.052 -33.359 3.385 0.284248 0.204297 0.312928 0.158793 0.322360 0.201845
3 16 2.307 -33.518 4.060 2.079 -36.331 3.023 3.654 -35.369 2.885 0.284248 0.204297 0.278884 0.142402 0.312928 0.158793
3 16 0.000 -30.461 4.688 2.254 -28.446 4.375 0.000 -28.139 4.532 0.238144 0.271169 0.285227 0.311228 0.238871 0.320418
3 16 0.000 -30.461 4.688 2.352 -30.765 4.479 2.254 -28.446 4.375 0.238144 0.271169 0.285972 0.262215 0.285227 0.311228
3 16 4.348 -31.026 3.634 2.307 -33.518 4.060 4.052 -33.359 3.385 0.329977 0.251143 0.284248 0.204297 0.322360 0.201845
3 16 4.348 -31.026 3.634 2.352 -30.765 4.479 2.307 -33.518 4.060 0.329977 0.251143 0.285972 0.262215 0.284248 0.204297
3 16 5.438 -33.743 2.308 4.348 -31.026 3.634 4.052 -33.359 3.385 0.357210 0.185597 0.329977 0.251143 0.322360 0.201845
3 16 5.438 -33.743 2.308 6.124 -31.152 2.295 4.348 -31.026 3.634 0.357210 0.185597 0.375432 0.240276 0.329977 0.251143
3 16 4.464 -28.603 3.526 2.352 -30.765 4.479 4.348 -31.026 3.634 0.334112 0.302453 0.285972 0.262215 0.329977 0.251143
3 16 4.464 -28.603 3.526 2.254 -28.446 4.375 2.352 -30.765 4.479 0.334112 0.302453 0.285227 0.311228 0.285972 0.262215
3 16 6.233 -28.792 2.251 4.348 -31.026 3.634 6.124 -31.152 2.295 0.379695 0.291686 0.329977 0.251143 0.375432 0.240276
3 16 6.233 -28.792 2.251 4.464 -28.603 3.526 4.348 -31.026 3.634 0.379695 0.291686 0.334112 0.302453 0.329977 0.251143
3 16 5.886 -25.883 1.956 4.464 -28.603 3.526 6.233 -28.792 2.251 0.374827 0.357149 0.334112 0.302453 0.379695 0.291686
3 16 5.886 -25.883 1.956 4.184 -25.987 3.068 4.464 -28.603 3.526 0.374827 0.357149 0.331576 0.360560 0.334112 0.302453
3 16 4.184 -25.987 3.068 2.254 -28.446 4.375 4.464 -28.603 3.526 0.331576 0.360560 0.285227 0.311228 0.334112 0.302453
3 16 4.184 -25.987 3.068 2.090 -25.806 3.734 2.254 -28.446 4.375 0.331576 0.360560 0.284689 0.369892 0.285227 0.311228
3 16 3.894 -24.085 2.492 5.886 -25.883 1.956 4.866 -23.580 1.629 0.329674 0.405116 0.374827 0.357149 0.357679 0.412962
3 16 3.894 -24.085 2.492 4.184 -25.987 3.068 5.886 -25.883 1.956 0.329674 0.405116 0.331576 0.360560 0.374827 0.357149
3 16 3.306 -22.887 2.196 4.866 -23.580 1.629 3.786 -22.048 1.460 0.320080 0.435481 0.357679 0.412962 0.338092 0.453948
3 16 3.306 -22.887 2.196 3.894 -24.085 2.492 4.866 -23.580 1.629 0.320080 0.435481 0.329674 0.405116 0.357679 0.412962
3 16 2.181 -20.906 1.654 0.000 -22.164 2.370 2.336 -22.185 2.135 0.300386 0.489499 0.240955 0.461488 0.299073 0.456686
3 16 2.181 -20.906 1.654 0.000 -20.772 1.602 0.000 -22.164 2.370 0.300386 0.489499 0.241483 0.497210 0.240955 0.461488
3 16 3.786 -22.048 1.460 2.336 -22.185 2.135 3.306 -22.887 2.196 0.338092 0.453948 0.299073 0.456686 0.320080 0.435481
3 16 3.786 -22.048 1.460 2.181 -20.906 1.654 2.336 -22.185 2.135 0.338092 0.453948 0.300386 0.489499 0.299073 0.456686
3 16 2.203 -23.925 2.933 0.000 -22.164 2.370 0.000 -23.833 3.080 0.290873 0.414445 0.240955 0.461488 0.240333 0.419358
3 16 2.203 -23.925 2.933 2.336 -22.185 2.135 0.000 -22.164 2.370 0.290873 0.414445 0.299073 0.456686 0.240955 0.461488
3 16 3.306 -22.887 2.196 2.203 -23.925 2.933 3.894 -24.085 2.492 0.320080 0.435481 0.290873 0.414445 0.329674 0.405116
3 16 3.306 -22.887 2.196 2.336 -22.185 2.135 2.203 -23.925 2.933 0.320080 0.435481 0.299073 0.456686 0.290873 0.414445
3 16 2.090 -25.806 3.734 3.894 -24.085 2.492 2.203 -23.925 2.933 0.284689 0.369892 0.329674 0.405116 0.290873 0.414445
3 16 2.090 -25.806 3.734 4.184 -25.987 3.068 3.894 -24.085 2.492 0.284689 0.369892 0.331576 0.360560 0.329674 0.405116
3 16 2.000 0.000 -4.152 0.000 0.000 -4.688 0.000 0.000 -0.688 0.730261 0.175716 0.730263 0.129264 0.816943 0.152494
3 16 3.464 0.000 -2.688 2.000 0.000 -4.152 0.000 0.000 -0.688 0.753485 0.215946 0.730261 0.175716 0.816943 0.152494
3 16 4.000 0.000 -0.688 3.464 0.000 -2.688 0.000 0.000 -0.688 0.793712 0.239174 0.753485 0.215946 0.816943 0.152494
3 16 3.464 0.000 1.313 4.000 0.000 -0.688 0.000 0.000 -0.688 0.840164 0.239176 0.793712 0.239174 0.816943 0.152494
3 16 2.000 0.000 2.777 3.464 0.000 1.313 0.000 0.000 -0.688 0.880394 0.215952 0.840164 0.239176 0.816943 0.152494
3 16 0.000 0.000 3.313 2.000 0.000 2.777 0.000 0.000 -0.688 0.903622 0.175725 0.880394 0.215952 0.816943 0.152494
3 16 -3.464 -15.621 -2.688 -3.464 -4.033 -2.688 -2.789 -15.621 -3.591 0.523601 0.993036 0.533100 0.733323 0.552158 0.990215
3 16 3.464 -15.621 -2.688 2.789 -15.621 -3.591 3.464 -4.033 -2.688 0.172718 0.993072 0.144160 0.990261 0.163149 0.733371
3 16 -2.000 -14.703 -4.152 -3.464 -4.033 -2.688 -2.000 -4.033 -4.152 0.579681 0.974117 0.533100 0.733323 0.579489 0.734493
3 16 -2.000 -14.703 -4.152 -2.789 -15.621 -3.591 -3.464 -4.033 -2.688 0.579681 0.974117 0.552158 0.990215 0.533100 0.733323
3 16 2.000 -14.703 -4.152 3.464 -4.033 -2.688 2.789 -15.621 -3.591 0.116633 0.974171 0.163149 0.733371 0.144160 0.990261
3 16 2.000 -14.703 -4.152 2.000 -4.033 -4.152 3.464 -4.033 -2.688 0.116633 0.974171 0.116761 0.734556 0.163149 0.733371
3 16 -1.636 -16.031 -3.143 -2.789 -15.621 -3.591 -2.000 -14.703 -4.152 0.584114 0.076518 0.561462 0.060093 0.584649 0.038735
3 16 -1.636 -16.031 -3.143 -2.233 -16.259 -2.910 -2.789 -15.621 -3.591 0.584114 0.076518 0.570210 0.083010 0.561462 0.060093
3 16 2.789 -15.621 -3.591 1.636 -16.031 -3.143 2.000 -14.703 -4.152 0.680084 0.058085 0.658001 0.075266 0.656187 0.037524
3 16 2.789 -15.621 -3.591 2.233 -16.259 -2.910 1.636 -16.031 -3.143 0.680084 0.058085 0.672117 0.081284 0.658001 0.075266
3 16 -3.464 -15.621 -2.688 -2.233 -16.259 -2.910 -2.747 -16.306 -2.018 0.086109 0.623199 0.072533 0.598013 0.096141 0.602243
3 16 -3.464 -15.621 -2.688 -2.789 -15.621 -3.591 -2.233 -16.259 -2.910 0.086109 0.623199 0.057835 0.617959 0.072533 0.598013
3 16 3.464 -15.621 -2.688 2.233 -16.259 -2.910 2.789 -15.621 -3.591 0.400510 0.618555 0.413336 0.592979 0.428617 0.612482
3 16 3.464 -15.621 -2.688 2.747 -16.306 -2.018 2.233 -16.259 -2.910 0.400510 0.618555 0.389863 0.597904 0.413336 0.592979
3 16 -2.747 -16.306 -2.018 -2.191 -17.650 -2.707 -2.496 -17.650 -1.979 0.096141 0.602243 0.080774 0.572106 0.098778 0.573172
3 16 -2.747 -16.306 -2.018 -2.233 -16.259 -2.910 -2.191 -17.650 -2.707 0.096141 0.602243 0.072533 0.598013 0.080774 0.572106
3 16 2.191 -17.650 -2.707 2.747 -16.306 -2.018 2.496 -17.650 -1.979 0.404333 0.567327 0.389863 0.597904 0.386368 0.568924
3 16 2.191 -17.650 -2.707 2.233 -16.259 -2.910 2.747 -16.306 -2.018 0.404333 0.567327 0.413336 0.592979 0.389863 0.597904
3 16 -2.233 -16.259 -2.910 -1.559 -17.650 -2.938 -2.191 -17.650 -2.707 0.570210 0.083010 0.586624 0.113572 0.571517 0.114217
3 16 -2.233 -16.259 -2.910 -1.636 -16.031 -3.143 -1.559 -17.650 -2.938 0.570210 0.083010 0.584114 0.076518 0.586624 0.113572
3 16 1.559 -17.650 -2.938 2.233 -16.259 -2.910 2.191 -17.650 -2.707 0.656748 0.112384 0.672117 0.081284 0.671867 0.112517
3 16 1.559 -17.650 -2.938 1.636 -16.031 -3.143 2.233 -16.259 -2.910 0.656748 0.112384 0.658001 0.075266 0.672117 0.081284
2 24 -6.277 -25.941 -1.976 -6.609 -29.031 -1.692
2 24 2.000 -4.000 1.061 1.732 -5.000 1.061
2 24 -2.191 -17.650 -2.707 -2.247 -19.155 -2.655
2 24 2.000 -4.000 1.061 1.732 -3.000 1.061
2 24 -2.000 0.000 -4.152 -3.464 0.000 -2.688
2 24 2.000 -4.000 2.777 1.732 -5.000 2.919
2 24 1.000 -4.000 1.061 0.866 -4.500 1.061
2 24 3.464 0.000 1.313 2.000 0.000 2.777
2 24 4.715 -36.541 -1.629 2.818 -38.518 -1.897
2 24 1.000 -4.000 1.061 0.866 -3.500 1.061
2 24 2.603 -20.612 -2.598 2.247 -19.155 -2.655
2 24 -0.500 -3.134 3.067 -0.866 -3.500 3.067
2 24 -0.866 -3.500 3.067 -1.000 -4.000 3.067
2 24 -0.866 -4.500 3.067 -1.000 -4.000 3.067
2 24 0.000 0.000 3.313 -2.000 0.000 2.777
2 24 -2.000 0.000 2.777 -3.464 0.000 1.313
2 24 -1.732 -5.000 2.919 -2.000 -4.000 2.777
2 24 0.000 -3.000 1.061 -0.500 -3.134 1.061
2 24 0.866 -4.500 3.067 0.500 -4.866 3.067
2 24 1.000 -2.268 1.061 0.000 -2.000 1.061
2 24 -1.732 -3.000 2.916 -2.000 -4.000 2.777
2 24 0.866 -3.500 3.067 0.500 -3.134 3.067
2 24 0.500 -4.866 1.061 0.000 -5.000 1.061
2 24 0.500 -3.134 1.061 0.000 -3.000 1.061
2 24 -0.500 -4.866 3.067 -0.866 -4.500 3.067
2 24 -1.000 -5.732 3.180 -1.732 -5.000 2.919
2 24 0.000 -5.000 1.061 -0.500 -4.866 1.061
2 24 -1.000 -5.732 1.061 -1.732 -5.000 1.061
2 24 0.500 -4.866 3.067 0.000 -5.000 3.067
2 24 1.000 -5.732 3.180 0.000 -6.000 3.313
2 24 -1.732 -5.000 1.061 -2.000 -4.000 1.061
2 24 0.000 -2.000 1.061 -1.000 -2.268 1.061
2 24 0.866 -3.500 1.061 0.500 -3.134 1.061
2 24 0.000 -3.000 3.067 -0.500 -3.134 3.067
2 24 -0.500 -4.866 1.061 -0.866 -4.500 1.061
2 24 -1.000 -2.268 3.186 -1.732 -3.000 2.916
2 24 0.000 -2.000 3.313 -1.000 -2.268 3.186
2 24 -6.359 -31.190 -1.539 -6.609 -29.031 -1.692
2 24 1.000 -5.732 1.061 0.000 -6.000 1.061
2 24 1.000 -2.268 3.186 0.000 -2.000 3.313
2 24 1.732 -3.000 2.916 1.000 -2.268 3.186
2 24 0.000 -14.047 -4.586 -2.000 -14.703 -4.152
2 24 0.000 0.000 -4.688 -2.000 0.000 -4.152
2 24 4.000 0.000 -0.688 3.464 0.000 1.313
2 24 -2.000 -14.703 -4.152 -2.789 -15.621 -3.591
2 24 -3.464 0.000 -2.688 -4.000 0.000 -0.688
2 24 -3.464 0.000 1.313 -4.000 0.000 -0.688
2 24 2.000 0.000 2.777 0.000 0.000 3.313
2 24 0.000 -5.000 3.067 -0.500 -4.866 3.067
2 24 4.000 -15.621 -0.688 3.464 -15.621 -2.688
2 24 3.464 -15.621 -2.688 2.789 -15.621 -3.591
2 24 -0.866 -4.500 1.061 -1.000 -4.000 1.061
2 24 -1.732 -3.000 1.061 -2.000 -4.000 1.061
2 24 1.000 -4.000 3.067 0.866 -4.500 3.067
2 24 1.732 -5.000 2.919 1.000 -5.732 3.180
2 24 6.277 -25.941 -1.976 5.058 -23.473 -2.282
2 24 2.789 -15.621 -3.591 2.000 -14.703 -4.152
2 24 -2.247 -19.155 -2.655 -2.603 -20.612 -2.598
2 24 -2.603 -20.612 -2.598 -3.461 -21.699 -2.498
2 24 -0.866 -3.500 1.061 -1.000 -4.000 1.061
2 24 2.000 -4.000 2.777 1.732 -3.000 2.916
2 24 0.500 -3.134 3.067 0.000 -3.000 3.067
2 24 -1.000 -2.268 1.061 -1.732 -3.000 1.061
2 24 -0.500 -3.134 1.061 -0.866 -3.500 1.061
2 24 1.000 -4.000 3.067 0.866 -3.500 3.067
2 24 1.732 -5.000 1.061 1.000 -5.732 1.061
2 24 1.732 -3.000 1.061 1.000 -2.268 1.061
2 24 0.866 -4.500 1.061 0.500 -4.866 1.061
2 24 -3.464 -15.621 1.313 -4.000 -15.621 -0.688
2 24 -3.464 -15.621 -2.688 -4.000 -15.621 -0.688
2 24 -2.747 -16.306 -2.018 -2.905 -16.359 -0.593
2 24 2.000 -15.584 2.777 0.000 -15.546 3.313
2 24 0.000 -6.000 1.061 -1.000 -5.732 1.061
2 24 -2.000 -15.584 2.777 -3.464 -15.621 1.313
2 24 0.000 -15.546 3.313 -2.000 -15.584 2.777
2 24 0.000 -6.000 3.313 -1.000 -5.732 3.180
2 24 2.000 -14.703 -4.152 0.000 -14.047 -4.586
2 24 -5.887 -33.773 -1.484 -6.359 -31.190 -1.539
2 24 2.905 -16.359 -0.593 2.747 -16.306 -2.018
2 24 3.461 -21.699 -2.498 2.603 -20.612 -2.598
2 24 2.747 -16.306 -2.018 2.233 -16.259 -2.910
2 24 5.058 -23.473 -2.282 3.461 -21.699 -2.498
2 24 2.905 -16.359 -0.593 2.746 -16.357 0.831
2 24 4.000 -15.621 -0.688 3.464 -15.621 1.313
2 24 -3.461 -21.699 -2.498 -5.058 -23.473 -2.282
2 24 3.464 -15.621 1.313 2.000 -15.584 2.777
2 24 -2.789 -15.621 -3.591 -3.464 -15.621 -2.688
2 24 -2.233 -16.259 -2.910 -2.747 -16.306 -2.018
2 24 -2.746 -16.357 0.831 -2.905 -16.359 -0.593
2 24 -4.715 -36.541 -1.629 -5.887 -33.773 -1.484
2 24 2.818 -38.518 -1.897 0.000 -39.322 -2.081
2 24 -2.818 -38.518 -1.897 -4.715 -36.541 -1.629
2 24 -5.058 -23.473 -2.282 -6.277 -25.941 -1.976
2 24 2.247 -19.155 -2.655 2.191 -17.650 -2.707
2 24 2.000 0.000 -4.152 0.000 0.000 -4.688
2 24 0.000 -39.322 -2.081 -2.818 -38.518 -1.897
2 24 3.464 0.000 -2.688 2.000 0.000 -4.152
2 24 4.000 0.000 -0.688 3.464 0.000 -2.688
2 24 6.609 -29.031 -1.692 6.277 -25.941 -1.976
2 24 5.887 -33.773 -1.484 4.715 -36.541 -1.629
2 24 6.359 -31.190 -1.539 5.887 -33.773 -1.484
2 24 6.609 -29.031 -1.692 6.359 -31.190 -1.539
