0 FILE bl_98856.dat
0 WEAPON, W/ CROSS AXLE, NO. 6
0 Name:  bl_98856.dat
0 Author:  
0 BFC CERTIFY CCW
3 16 12.393 0.000 -2.250 8.518 0.000 2.250 12.393 0.000 2.250 0.479997 0.946433 0.458274 0.966430 0.457776 0.947221
3 16 12.393 0.000 -2.250 8.518 0.000 -2.250 8.518 0.000 2.250 0.479997 0.946433 0.480577 0.965418 0.458274 0.966430
3 16 16.893 0.000 6.125 12.393 -19.991 6.125 16.893 -20.009 6.151 0.083645 0.822732 0.104034 0.912227 0.084043 0.912069
3 16 16.893 0.000 6.125 12.393 0.000 6.125 12.393 -19.991 6.125 0.083645 0.822732 0.103620 0.822508 0.104034 0.912227
3 16 12.393 0.000 2.250 16.893 0.000 -2.250 12.393 0.000 -2.250 0.457776 0.947221 0.479341 0.924245 0.479997 0.946433
3 16 12.393 0.000 2.250 16.893 0.000 2.250 16.893 0.000 -2.250 0.457776 0.947221 0.457200 0.924779 0.479341 0.924245
3 16 16.893 0.000 6.125 16.893 -19.991 2.250 16.893 0.000 2.250 0.046385 0.032039 0.029442 0.131012 0.029132 0.029014
3 16 16.893 0.000 6.125 16.893 -20.009 6.151 16.893 -19.991 2.250 0.046385 0.032039 0.046132 0.131446 0.029442 0.131012
3 16 16.893 0.000 2.250 20.768 0.000 -2.250 16.893 0.000 -2.250 0.457200 0.924779 0.479206 0.905073 0.479341 0.924245
3 16 16.893 0.000 2.250 20.768 0.000 2.250 20.768 0.000 -2.250 0.457200 0.924779 0.456832 0.905735 0.479206 0.905073
3 16 16.893 -19.991 -6.125 16.893 0.000 -2.250 16.893 -19.991 -2.250 0.732836 0.928781 0.749456 0.826926 0.749687 0.927799
3 16 16.893 -19.991 -6.125 16.893 0.000 -6.125 16.893 0.000 -2.250 0.732836 0.928781 0.732777 0.829587 0.749456 0.826926
3 16 20.768 -19.991 2.250 16.893 0.000 2.250 16.893 -19.991 2.250 0.969319 0.755160 0.985539 0.652883 0.986087 0.754773
3 16 20.768 -19.991 2.250 20.768 0.000 2.250 16.893 0.000 2.250 0.969319 0.755160 0.969130 0.656511 0.985539 0.652883
3 16 20.768 -19.991 -2.250 20.768 0.000 2.250 20.768 -19.991 2.250 0.827974 0.955967 0.851039 0.866407 0.850125 0.955967
3 16 20.768 -19.991 -2.250 20.768 0.000 -2.250 20.768 0.000 2.250 0.827974 0.955967 0.830961 0.866407 0.851039 0.866407
3 16 16.893 -19.991 -2.250 20.768 0.000 -2.250 20.768 -19.991 -2.250 0.602123 0.898143 0.619081 0.799883 0.618908 0.898538
3 16 16.893 -19.991 -2.250 16.893 0.000 -2.250 20.768 0.000 -2.250 0.602123 0.898143 0.603573 0.805720 0.619081 0.799883
3 16 12.393 -19.991 -2.250 12.393 0.000 -6.125 12.393 -19.991 -6.125 0.579667 0.929487 0.596216 0.830258 0.596561 0.929106
3 16 12.393 -19.991 -2.250 12.393 0.000 -2.250 12.393 0.000 -6.125 0.579667 0.929487 0.579470 0.828094 0.596216 0.830258
3 16 8.518 -19.991 -2.250 12.393 0.000 -2.250 12.393 -19.991 -2.250 0.505223 0.552069 0.521513 0.450724 0.522091 0.551521
3 16 8.518 -19.991 -2.250 8.518 0.000 -2.250 12.393 0.000 -2.250 0.505223 0.552069 0.504743 0.454167 0.521513 0.450724
3 16 8.518 -19.991 2.250 8.518 0.000 -2.250 8.518 -19.991 -2.250 0.180503 0.637134 0.203568 0.547574 0.202654 0.637134
3 16 8.518 -19.991 2.250 8.518 0.000 2.250 8.518 0.000 -2.250 0.180503 0.637134 0.183490 0.547574 0.203568 0.547574
3 16 12.393 -19.991 2.250 8.518 0.000 2.250 8.518 -19.991 2.250 0.160120 0.887757 0.177079 0.789496 0.176905 0.888152
3 16 12.393 -19.991 2.250 12.393 0.000 2.250 8.518 0.000 2.250 0.160120 0.887757 0.160675 0.785871 0.177079 0.789496
3 16 12.393 -19.991 6.125 12.393 0.000 2.250 12.393 -19.991 2.250 0.504725 0.833040 0.521835 0.731146 0.521427 0.831641
3 16 12.393 -19.991 6.125 12.393 0.000 6.125 12.393 0.000 2.250 0.504725 0.833040 0.504417 0.733460 0.521835 0.731146
3 16 12.393 -19.991 -6.125 16.893 0.000 -6.125 16.893 -19.991 -6.125 0.693920 0.974418 0.716792 0.884039 0.714779 0.974499
3 16 12.393 -19.991 -6.125 12.393 0.000 -6.125 16.893 0.000 -6.125 0.693920 0.974418 0.695781 0.883818 0.716792 0.884039
3 16 16.893 0.000 -2.250 12.393 0.000 -6.125 12.393 0.000 -2.250 0.479341 0.924245 0.499151 0.945710 0.479997 0.946433
3 16 16.893 0.000 -2.250 16.893 0.000 -6.125 12.393 0.000 -6.125 0.479341 0.924245 0.498395 0.923358 0.499151 0.945710
3 16 16.893 0.000 2.250 12.393 0.000 6.125 16.893 0.000 6.125 0.457200 0.924779 0.438514 0.946980 0.438207 0.924783
3 16 16.893 0.000 2.250 12.393 0.000 2.250 12.393 0.000 6.125 0.457200 0.924779 0.457776 0.947221 0.438514 0.946980
3 16 6.949 -30.911 3.363 17.998 -22.793 6.563 11.153 -22.777 6.563 0.789630 0.914210 0.741516 0.969315 0.743505 0.933958
3 16 6.949 -30.911 3.363 21.668 -30.612 1.037 17.998 -22.793 6.563 0.789630 0.914210 0.789786 0.991314 0.741516 0.969315
3 16 17.998 -22.793 6.563 23.441 -20.000 4.073 18.077 -20.000 6.563 0.589750 0.020234 0.555708 0.016143 0.584773 0.006680
3 16 17.998 -22.793 6.563 21.668 -30.612 1.037 23.441 -20.000 4.073 0.589750 0.020234 0.574190 0.070905 0.555708 0.016143
3 16 5.447 -20.000 3.171 11.153 -22.777 6.563 11.168 -20.000 6.563 0.110438 0.015770 0.073715 0.022364 0.076788 0.008304
3 16 5.447 -20.000 3.171 6.949 -30.911 3.363 11.153 -22.777 6.563 0.110438 0.015770 0.091160 0.069498 0.073715 0.022364
3 16 1.185 -90.151 6.300 6.949 -30.911 3.363 -18.043 -76.344 3.545 0.865113 0.641614 0.999979 0.362858 0.988159 0.631307
3 16 1.185 -90.151 6.300 21.668 -30.612 1.037 6.949 -30.911 3.363 0.865113 0.641614 0.934619 0.321714 0.999979 0.362858
3 16 17.846 -90.363 1.703 21.668 -30.612 1.037 1.185 -90.151 6.300 0.492564 0.428762 0.541301 0.122265 0.580188 0.447433
3 16 -12.118 -156.101 -2.011 18.832 -186.553 -3.014 -5.003 -171.654 -1.338 0.104150 0.052432 0.104991 0.277184 0.075820 0.134518
3 16 2.015 -225.711 -1.033 16.393 -247.993 -2.539 -2.427 -234.411 -1.910 0.050828 0.816459 0.105097 0.689941 0.101276 0.810217
3 16 2.255 -86.513 2.232 -0.359 -113.107 -2.794 -18.523 -122.821 0.081 0.021096 0.555570 0.105650 0.668376 0.064873 0.768101
3 16 2.255 -86.513 2.232 16.650 -89.787 -3.630 -0.359 -113.107 -2.794 0.021096 0.555570 0.094893 0.519184 0.105650 0.668376
3 16 -0.359 -113.107 -2.794 -12.441 -128.784 -2.038 -18.523 -122.821 0.081 0.824717 0.352892 0.737205 0.406767 0.717715 0.365786
3 16 2.255 -86.513 2.232 20.802 -30.684 -3.891 16.650 -89.787 -3.630 0.326288 0.317881 0.365906 0.013868 0.408610 0.317979
3 16 5.489 -20.000 -3.089 11.128 -22.894 -6.563 7.663 -30.443 -3.803 0.828512 0.350964 0.864371 0.361843 0.846235 0.403447
3 16 5.489 -20.000 -3.089 11.080 -20.000 -6.563 11.128 -22.894 -6.563 0.828512 0.350964 0.862382 0.346980 0.864371 0.361843
3 16 17.998 -22.793 6.563 11.168 -20.000 6.563 11.153 -22.777 6.563 0.016628 0.974132 0.002169 0.938729 0.016562 0.938654
3 16 17.998 -22.793 6.563 18.077 -20.000 6.563 11.168 -20.000 6.563 0.016628 0.974132 0.002153 0.974533 0.002169 0.938729
3 16 11.128 -22.894 -6.563 20.802 -30.684 -3.891 7.663 -30.443 -3.803 0.376802 0.956265 0.420385 0.906864 0.418165 0.974943
3 16 11.128 -22.894 -6.563 17.985 -22.806 -6.563 20.802 -30.684 -3.891 0.376802 0.956265 0.376995 0.920724 0.420385 0.906864
3 16 -18.043 -76.344 3.545 6.949 -30.911 3.363 -21.922 -66.102 0.819 0.923102 0.331128 0.863994 0.593311 0.870690 0.357109
3 16 17.985 -22.806 -6.563 23.475 -20.000 -2.984 20.802 -30.684 -3.891 0.282460 0.513446 0.255143 0.488546 0.311492 0.478366
3 16 17.985 -22.806 -6.563 18.056 -20.000 -6.563 23.475 -20.000 -2.984 0.282460 0.513446 0.269089 0.519170 0.255143 0.488546
3 16 -23.439 -103.067 3.537 -18.363 -76.782 0.172 -23.439 -103.067 0.441 0.055434 0.176836 0.072318 0.037991 0.071483 0.176800
3 16 -23.439 -103.067 3.537 -18.043 -76.344 3.545 -18.363 -76.782 0.172 0.055434 0.176836 0.054772 0.035591 0.072318 0.037991
3 16 -20.300 -46.319 2.369 -17.784 -53.308 0.989 -13.871 -36.640 0.653 0.821806 0.916168 0.795655 0.945316 0.806556 0.857234
3 16 -29.143 -49.691 -1.356 -17.784 -53.308 0.989 -20.300 -46.319 2.369 0.603412 0.965491 0.602416 0.902533 0.635421 0.923606
3 16 34.643 -124.320 2.461 17.846 -90.363 1.703 -0.932 -113.927 1.665 0.221049 0.487356 0.319005 0.317135 0.408495 0.445125
3 16 34.643 -30.707 1.694 17.846 -90.363 1.703 34.643 -124.320 2.461 0.251446 0.003087 0.319005 0.317135 0.221049 0.487356
3 16 34.643 -30.707 1.694 21.668 -30.612 1.037 17.846 -90.363 1.703 0.251446 0.003087 0.318686 0.006790 0.319005 0.317135
3 16 -3.041 -234.311 1.910 16.344 -247.994 2.524 1.657 -225.711 0.981 0.272584 0.772718 0.240210 0.891409 0.225259 0.753659
3 16 16.344 -247.994 2.524 18.453 -252.480 3.453 26.831 -246.986 0.979 0.645707 0.444958 0.619604 0.443652 0.633168 0.394438
3 16 -0.359 -113.107 -2.794 34.643 -124.320 -1.865 26.513 -131.891 -0.938 0.314926 0.646038 0.332934 0.835747 0.279983 0.812618
3 16 16.650 -89.787 -3.630 34.643 -124.320 -1.865 -0.359 -113.107 -2.794 0.110304 0.370192 0.214005 0.543607 0.029515 0.496112
3 16 16.650 -89.787 -3.630 34.643 -20.000 -0.861 34.643 -124.320 -1.865 0.110304 0.370192 0.184329 0.003821 0.214005 0.543607
3 16 16.650 -89.787 -3.630 20.802 -30.684 -3.891 34.643 -20.000 -0.861 0.110304 0.370192 0.114132 0.063215 0.184329 0.003821
3 16 34.643 -20.000 -0.861 20.802 -30.684 -3.891 23.475 -20.000 -2.984 0.184329 0.003821 0.114132 0.063215 0.125513 0.007100
3 16 18.453 -252.480 -3.378 16.393 -247.993 -2.539 26.831 -246.986 -0.955 0.827856 0.987749 0.801969 0.989635 0.814310 0.936070
3 16 -22.071 -65.754 -3.968 -1.643 -41.175 -4.161 -18.363 -76.782 0.172 0.351545 0.741647 0.381143 0.578654 0.401689 0.776872
3 16 -29.018 -65.465 -2.420 -29.143 -49.691 -3.664 -22.071 -65.754 -3.968 0.265264 0.923870 0.183877 0.924310 0.266451 0.886946
3 16 -20.597 -46.030 -0.355 -17.892 -54.087 -4.066 -29.143 -49.691 -3.664 0.587646 0.961101 0.540810 0.971853 0.566315 0.914626
3 16 34.643 -124.320 -1.865 34.643 -30.707 1.694 34.643 -124.320 2.461 0.002153 0.546637 0.020064 0.061411 0.024579 0.546612
3 16 34.643 -124.320 -1.865 34.643 -20.000 -0.861 34.643 -30.707 1.694 0.002153 0.546637 0.006757 0.005932 0.020064 0.061411
3 16 26.513 -131.891 -0.938 34.643 -124.320 2.461 26.420 -131.975 1.497 0.390013 0.389404 0.446883 0.409193 0.388886 0.401988
3 16 26.513 -131.891 -0.938 34.643 -124.320 -1.865 34.643 -124.320 2.461 0.390013 0.389404 0.447735 0.386784 0.446883 0.409193
3 16 -14.006 -153.193 -2.123 -14.038 -154.879 2.493 -15.049 -153.530 2.552 0.830376 0.386226 0.811733 0.367583 0.819433 0.363385
3 16 -14.006 -153.193 -2.123 -12.118 -156.101 -2.011 -14.038 -154.879 2.493 0.830376 0.386226 0.814919 0.395016 0.811733 0.367583
3 16 -12.118 -156.101 -2.011 -5.003 -171.654 0.943 -14.038 -154.879 2.493 0.814919 0.395016 0.729167 0.420683 0.811733 0.367583
3 16 -12.118 -156.101 -2.011 -5.003 -171.654 -1.338 -5.003 -171.654 0.943 0.814919 0.395016 0.734432 0.431187 0.729167 0.420683
3 16 -10.710 -144.996 1.734 -14.006 -153.193 -2.123 -15.049 -153.530 2.552 0.197662 0.006011 0.220629 0.050495 0.195792 0.055637
3 16 -10.710 -144.996 1.734 -10.710 -144.996 -1.691 -14.006 -153.193 -2.123 0.197662 0.006011 0.215344 0.005108 0.220629 0.050495
3 16 -10.710 -144.996 -1.691 -12.585 -129.221 2.282 -12.441 -128.784 -2.038 0.342423 0.937109 0.324183 0.843434 0.344551 0.840132
3 16 -10.710 -144.996 -1.691 -10.710 -144.996 1.734 -12.585 -129.221 2.282 0.342423 0.937109 0.327425 0.935861 0.324183 0.843434
3 16 -26.815 -141.767 -1.511 -12.585 -129.221 2.282 -26.815 -141.767 1.067 0.330071 0.118448 0.348669 0.021090 0.343302 0.118624
3 16 -26.815 -141.767 -1.511 -12.441 -128.784 -2.038 -12.585 -129.221 2.282 0.330071 0.118448 0.326438 0.019117 0.348669 0.021090
3 16 -31.541 -139.573 0.931 -30.155 -142.591 -1.329 -30.155 -142.591 1.641 0.401551 0.186794 0.413244 0.204030 0.397850 0.204004
3 16 -31.541 -139.573 0.931 -31.541 -139.573 -1.484 -30.155 -142.591 -1.329 0.401551 0.186794 0.414065 0.186818 0.413244 0.204030
3 16 -29.557 -117.097 -1.315 -28.711 -107.513 1.522 -28.711 -107.513 -1.243 0.413428 0.069898 0.399389 0.019912 0.413718 0.020050
3 16 -28.711 -107.513 1.522 -23.439 -103.067 0.441 -28.711 -107.513 -1.243 0.839856 0.038867 0.856807 0.009601 0.855162 0.044583
3 16 -28.711 -107.513 1.522 -23.439 -103.067 3.537 -23.439 -103.067 0.441 0.839856 0.038867 0.841138 0.006115 0.856807 0.009601
3 16 -32.085 -81.694 -2.038 -34.302 -80.991 0.790 -34.302 -80.991 -2.541 0.761812 0.541554 0.778289 0.550965 0.761269 0.553870
3 16 -32.085 -81.694 -2.038 -32.057 -81.653 1.325 -34.302 -80.991 0.790 0.761812 0.541554 0.778982 0.538545 0.778289 0.550965
3 16 -34.643 -78.289 -2.400 -29.018 -65.465 -0.457 -29.018 -65.465 -2.420 0.601159 0.432988 0.588893 0.360843 0.599067 0.360575
3 16 -34.643 -78.289 -2.400 -34.643 -78.289 0.461 -29.018 -65.465 -0.457 0.601159 0.432988 0.586344 0.433617 0.588893 0.360843
3 16 -29.018 -65.465 -2.420 -29.143 -49.691 -1.356 -29.143 -49.691 -3.664 0.672046 0.091790 0.660948 0.010589 0.672879 0.009786
3 16 -29.018 -65.465 -2.420 -29.018 -65.465 -0.457 -29.143 -49.691 -1.356 0.672046 0.091790 0.661892 0.092472 0.660948 0.010589
3 16 -29.143 -49.691 -1.356 -20.597 -46.030 -0.355 -29.143 -49.691 -3.664 0.379648 0.068760 0.392004 0.020432 0.389888 0.072798
3 16 -29.143 -49.691 -1.356 -20.300 -46.319 2.369 -20.597 -46.030 -0.355 0.379648 0.068760 0.378907 0.014548 0.392004 0.020432
3 16 28.992 -181.094 1.377 33.643 -165.637 2.834 18.832 -186.553 3.179 0.627271 0.823316 0.648412 0.742711 0.659588 0.874551
3 16 -26.815 -141.767 1.067 -21.672 -123.441 5.278 -30.155 -142.591 1.641 0.275578 0.927899 0.320603 0.837456 0.286610 0.942215
3 16 -26.815 -141.767 1.067 -12.585 -129.221 2.282 -21.672 -123.441 5.278 0.275578 0.927899 0.263144 0.830199 0.320603 0.837456
3 16 -22.071 -65.754 -3.968 -32.085 -81.694 -2.038 -34.302 -80.991 -2.541 0.625166 0.876638 0.668453 0.964643 0.658855 0.972391
3 16 -32.085 -81.694 -2.038 -22.071 -65.754 -3.968 -18.363 -76.782 0.172 0.668453 0.964643 0.625166 0.876638 0.687605 0.890666
3 16 -13.871 -36.640 -3.421 -17.892 -54.087 -4.066 -20.597 -46.030 -0.355 0.064915 0.842186 0.078303 0.933723 0.044248 0.899414
3 16 -13.871 -36.640 0.653 -20.597 -46.030 -0.355 -20.300 -46.319 2.369 0.477904 0.829677 0.485879 0.889315 0.471638 0.890246
3 16 -13.871 -36.640 0.653 -13.871 -36.640 -3.421 -20.597 -46.030 -0.355 0.477904 0.829677 0.498987 0.828881 0.485879 0.889315
3 16 -2.950 -20.000 -3.042 -13.871 -36.640 0.653 -2.950 -20.000 2.018 0.494092 0.725939 0.477904 0.829677 0.467893 0.726737
3 16 -2.950 -20.000 -3.042 -13.871 -36.640 -3.421 -13.871 -36.640 0.653 0.494092 0.725939 0.498987 0.828881 0.477904 0.829677
3 16 -2.950 -20.000 2.018 5.489 -20.000 -3.089 -2.950 -20.000 -3.042 0.798553 0.705033 0.771065 0.748137 0.772334 0.704418
3 16 -2.950 -20.000 2.018 5.447 -20.000 3.171 5.489 -20.000 -3.089 0.798553 0.705033 0.803506 0.748684 0.771065 0.748137
3 16 23.475 -20.000 -2.984 34.643 -20.000 1.684 34.643 -20.000 -0.861 0.769313 0.841354 0.792200 0.899785 0.779012 0.899483
3 16 23.475 -20.000 -2.984 23.441 -20.000 4.073 34.643 -20.000 1.684 0.769313 0.841354 0.805889 0.842031 0.792200 0.899785
3 16 18.535 -279.568 -1.013 26.831 -246.986 0.979 18.452 -280.000 1.546 0.799993 0.203070 0.811716 0.028731 0.813291 0.205150
3 16 18.535 -279.568 -1.013 26.831 -246.986 -0.955 26.831 -246.986 0.979 0.799993 0.203070 0.801701 0.028641 0.811716 0.028731
3 16 -21.672 -123.441 5.278 -31.541 -139.573 0.931 -30.155 -142.591 1.641 0.172639 0.746005 0.215463 0.837133 0.205065 0.850526
3 16 -21.672 -123.441 5.278 -28.711 -107.513 1.522 -31.541 -139.573 0.931 0.172639 0.746005 0.222710 0.669353 0.215463 0.837133
3 16 -23.439 -103.067 3.537 -28.711 -107.513 1.522 -21.672 -123.441 5.278 0.197468 0.643220 0.222710 0.669353 0.172639 0.746005
3 16 26.420 -131.975 1.497 33.643 -165.623 -2.771 26.513 -131.891 -0.938 0.145202 0.689933 0.124011 0.868448 0.132679 0.688619
3 16 26.420 -131.975 1.497 33.643 -165.637 2.834 33.643 -165.623 -2.771 0.145202 0.689933 0.152762 0.866846 0.124011 0.868448
3 16 1.657 -225.711 0.981 18.832 -186.553 3.179 -5.003 -171.654 0.943 0.671730 0.285610 0.545184 0.103301 0.652390 0.003972
3 16 1.657 -225.711 0.981 16.344 -247.994 2.524 18.832 -186.553 3.179 0.671730 0.285610 0.618424 0.413502 0.545184 0.103301
3 16 -5.003 -171.654 -1.338 1.657 -225.711 0.981 -5.003 -171.654 0.943 0.472501 0.981711 0.754628 0.991040 0.472604 0.993520
3 16 -5.003 -171.654 -1.338 2.015 -225.711 -1.033 1.657 -225.711 0.981 0.472501 0.981711 0.754748 0.980217 0.754628 0.991040
3 16 18.832 -186.553 -3.014 2.015 -225.711 -1.033 -5.003 -171.654 -1.338 0.540285 0.105381 0.414688 0.287384 0.433878 0.005507
3 16 18.832 -186.553 -3.014 16.393 -247.993 -2.539 2.015 -225.711 -1.033 0.540285 0.105381 0.465747 0.415221 0.414688 0.287384
3 16 26.831 -246.986 -0.955 18.832 -186.553 -3.014 29.190 -181.125 -0.733 0.794069 0.345503 0.736721 0.034621 0.790325 0.003972
3 16 26.831 -246.986 -0.955 16.393 -247.993 -2.539 18.832 -186.553 -3.014 0.794069 0.345503 0.739658 0.353285 0.736721 0.034621
3 16 26.831 -246.986 0.979 29.190 -181.125 -0.733 28.992 -181.094 1.377 0.999651 0.346074 0.989296 0.004616 1.000279 0.004440
3 16 26.831 -246.986 0.979 26.831 -246.986 -0.955 29.190 -181.125 -0.733 0.999651 0.346074 0.989631 0.346117 0.989296 0.004616
3 16 18.832 -186.553 3.179 26.831 -246.986 0.979 28.992 -181.094 1.377 0.732081 0.033853 0.675681 0.344967 0.679826 0.003340
3 16 18.832 -186.553 3.179 16.344 -247.994 2.524 26.831 -246.986 0.979 0.732081 0.033853 0.730326 0.352680 0.675681 0.344967
3 16 29.190 -181.125 -0.733 33.643 -165.637 2.834 28.992 -181.094 1.377 0.356370 0.975008 0.376382 0.891802 0.367348 0.975337
3 16 29.190 -181.125 -0.733 33.643 -165.623 -2.771 33.643 -165.637 2.834 0.356370 0.975008 0.347335 0.891272 0.376382 0.891802
3 16 -21.110 -113.052 0.298 2.255 -86.513 2.232 -18.523 -122.821 0.081 0.685785 0.833194 0.774733 0.672666 0.709753 0.879773
3 16 -23.439 -103.067 0.441 2.255 -86.513 2.232 -21.110 -113.052 0.298 0.662779 0.785294 0.774733 0.672666 0.685785 0.833194
3 16 -23.439 -103.067 0.441 -18.363 -76.782 0.172 2.255 -86.513 2.232 0.662779 0.785294 0.658843 0.646613 0.774733 0.672666
3 16 -29.018 -65.465 -0.457 -17.784 -53.308 0.989 -29.143 -49.691 -1.356 0.832846 0.719790 0.821181 0.634471 0.881141 0.653667
3 16 -29.018 -65.465 -0.457 -21.922 -66.102 0.819 -17.784 -53.308 0.989 0.832846 0.719790 0.800387 0.700987 0.821181 0.634471
3 16 6.949 -30.911 3.363 -17.784 -53.308 0.989 -21.922 -66.102 0.819 0.783026 0.465365 0.821181 0.634471 0.800387 0.700987
3 16 6.949 -30.911 3.363 -13.871 -36.640 0.653 -17.784 -53.308 0.989 0.783026 0.465365 0.854911 0.552389 0.821181 0.634471
3 16 6.949 -30.911 3.363 -2.950 -20.000 2.018 -13.871 -36.640 0.653 0.783026 0.465365 0.857951 0.449042 0.854911 0.552389
3 16 6.949 -30.911 3.363 5.447 -20.000 3.171 -2.950 -20.000 2.018 0.783026 0.465365 0.822069 0.423720 0.857951 0.449042
3 16 -22.071 -65.754 -3.968 -29.143 -49.691 -3.664 -17.892 -54.087 -4.066 0.093997 0.952886 0.139315 0.877712 0.155472 0.934256
3 16 34.643 -30.707 1.694 23.441 -20.000 4.073 21.668 -30.612 1.037 0.365668 0.378124 0.425302 0.323162 0.432568 0.380301
3 16 34.643 -30.707 1.694 34.643 -20.000 1.684 23.441 -20.000 4.073 0.365668 0.378124 0.366293 0.322974 0.425302 0.323162
3 16 -34.302 -80.991 0.790 -29.018 -65.465 -0.457 -34.643 -78.289 0.461 0.819501 0.413108 0.738183 0.438587 0.805447 0.410995
3 16 -34.302 -80.991 0.790 -21.922 -66.102 0.819 -29.018 -65.465 -0.457 0.819501 0.413108 0.741266 0.475957 0.738183 0.438587
3 16 11.080 -20.000 -6.563 17.985 -22.806 -6.563 11.128 -22.894 -6.563 0.227363 0.038390 0.241979 0.002635 0.242363 0.038173
3 16 11.080 -20.000 -6.563 18.056 -20.000 -6.563 17.985 -22.806 -6.563 0.227363 0.038390 0.227436 0.002237 0.241979 0.002635
3 16 18.453 -252.480 3.453 -3.041 -234.311 1.910 6.443 -276.535 1.369 0.839821 0.726985 0.964295 0.655331 0.881049 0.860465
3 16 -3.041 -234.311 1.910 18.453 -252.480 3.453 16.344 -247.994 2.524 0.964295 0.655331 0.839821 0.726985 0.854341 0.705624
3 16 6.646 -276.024 -1.370 -3.041 -234.311 1.910 -2.427 -234.411 -1.910 0.168019 0.758823 0.151592 0.536899 0.171955 0.537772
3 16 6.646 -276.024 -1.370 6.443 -276.535 1.369 -3.041 -234.311 1.910 0.168019 0.758823 0.154086 0.761321 0.151592 0.536899
3 16 18.535 -279.568 -1.013 6.443 -276.535 1.369 6.646 -276.024 -1.370 0.832774 0.076292 0.818969 0.011382 0.833787 0.011827
3 16 18.535 -279.568 -1.013 18.452 -280.000 1.546 6.443 -276.535 1.369 0.832774 0.076292 0.819273 0.076410 0.818969 0.011382
3 16 26.420 -131.975 1.497 -12.585 -129.221 2.282 33.643 -165.637 2.834 0.522031 0.622147 0.633140 0.452592 0.638431 0.757578
3 16 26.420 -131.975 1.497 -0.932 -113.927 1.665 -12.585 -129.221 2.282 0.522031 0.622147 0.533430 0.452674 0.633140 0.452592
3 16 26.420 -131.975 1.497 34.643 -124.320 2.461 -0.932 -113.927 1.665 0.054881 0.765602 0.002153 0.790812 0.019567 0.599459
3 16 -28.711 -107.513 -1.243 -23.439 -103.067 0.441 -21.110 -113.052 0.298 0.473621 0.021579 0.508077 0.008674 0.502654 0.061543
3 16 -29.557 -117.097 -1.315 -21.110 -113.052 0.298 -18.523 -122.821 0.081 0.509402 0.041627 0.558304 0.048160 0.541660 0.097760
3 16 -29.557 -117.097 -1.315 -28.711 -107.513 -1.243 -21.110 -113.052 0.298 0.509402 0.041627 0.540014 0.002348 0.558304 0.048160
3 16 -5.003 -171.654 0.943 18.832 -186.553 3.179 -14.038 -154.879 2.493 0.142223 0.612984 0.111601 0.757250 0.115337 0.523617
3 16 33.643 -165.623 -2.771 -12.441 -128.784 -2.038 -0.359 -113.107 -2.794 0.929682 0.321877 0.881903 0.019814 0.983012 0.002022
3 16 33.643 -165.623 -2.771 -10.710 -144.996 -1.691 -12.441 -128.784 -2.038 0.929682 0.321877 0.831839 0.087916 0.881903 0.019814
3 16 18.832 -186.553 -3.014 -10.710 -144.996 -1.691 33.643 -165.623 -2.771 0.799864 0.350337 0.831839 0.087916 0.929682 0.321877
3 16 26.513 -131.891 -0.938 33.643 -165.623 -2.771 -0.359 -113.107 -2.794 0.100896 0.287278 0.045842 0.457228 0.027410 0.137021
3 16 18.832 -186.553 -3.014 33.643 -165.623 -2.771 29.190 -181.125 -0.733 0.818808 0.868848 0.830550 0.737436 0.853218 0.817948
3 16 2.255 -86.513 2.232 7.663 -30.443 -3.803 20.802 -30.684 -3.891 0.516441 0.719854 0.422501 0.441169 0.485451 0.414856
3 16 2.255 -86.513 2.232 -1.643 -41.175 -4.161 7.663 -30.443 -3.803 0.516441 0.719854 0.400721 0.511576 0.422501 0.441169
3 16 2.255 -86.513 2.232 -18.363 -76.782 0.172 -1.643 -41.175 -4.161 0.516441 0.719854 0.399528 0.710875 0.400721 0.511576
3 16 -12.118 -156.101 -2.011 -10.710 -144.996 -1.691 18.832 -186.553 -3.014 0.200001 0.086151 0.242061 0.046120 0.224558 0.309924
3 16 -14.006 -153.193 -2.123 -10.710 -144.996 -1.691 -12.118 -156.101 -2.011 0.201933 0.068282 0.242061 0.046120 0.200001 0.086151
3 16 -26.815 -141.767 -1.511 -18.523 -122.821 0.081 -12.441 -128.784 -2.038 0.374726 0.874363 0.338916 0.773168 0.384423 0.774180
3 16 -26.815 -141.767 -1.511 -30.155 -142.591 -1.329 -18.523 -122.821 0.081 0.374726 0.874363 0.365093 0.888671 0.338916 0.773168
3 16 -18.523 -122.821 0.081 -31.541 -139.573 -1.484 -29.557 -117.097 -1.315 0.064298 0.826899 0.013590 0.924807 0.002153 0.808417
3 16 -18.523 -122.821 0.081 -30.155 -142.591 -1.329 -31.541 -139.573 -1.484 0.064298 0.826899 0.023590 0.938840 0.013590 0.924807
3 16 18.535 -279.568 -1.013 18.453 -252.480 -3.378 26.831 -246.986 -0.955 0.447825 0.899255 0.410498 0.763198 0.448283 0.725767
3 16 18.535 -279.568 -1.013 6.646 -276.024 -1.370 18.453 -252.480 -3.378 0.447825 0.899255 0.383830 0.896857 0.410498 0.763198
3 16 18.452 -280.000 1.546 18.453 -252.480 3.453 6.443 -276.535 1.369 0.256044 0.993170 0.119761 0.956002 0.259065 0.930897
3 16 18.452 -280.000 1.546 26.831 -246.986 0.979 18.453 -252.480 3.453 0.256044 0.993170 0.082376 0.993475 0.119761 0.956002
3 16 -14.038 -154.879 2.493 -10.710 -144.996 1.734 -15.049 -153.530 2.552 0.938966 0.308005 0.983099 0.339461 0.938779 0.316748
3 16 -14.038 -154.879 2.493 18.832 -186.553 3.179 -10.710 -144.996 1.734 0.938966 0.308005 0.980691 0.075096 0.983099 0.339461
3 16 -23.439 -103.067 3.537 1.185 -90.151 6.300 -18.043 -76.344 3.545 0.898944 0.855714 0.968602 0.982730 0.845161 0.986371
3 16 -23.439 -103.067 3.537 -21.672 -123.441 5.278 1.185 -90.151 6.300 0.898944 0.855714 0.966346 0.773407 0.968602 0.982730
3 16 -32.057 -81.653 1.325 -21.922 -66.102 0.819 -34.302 -80.991 0.790 0.524553 0.960607 0.562342 0.872062 0.534222 0.968440
3 16 -18.043 -76.344 3.545 -21.922 -66.102 0.819 -32.057 -81.653 1.325 0.505193 0.884516 0.562342 0.872062 0.524553 0.960607
3 16 -29.018 -65.465 -2.420 -34.302 -80.991 -2.541 -34.643 -78.289 -2.400 0.276562 0.990676 0.361197 0.982733 0.349133 0.990094
3 16 -29.018 -65.465 -2.420 -22.071 -65.754 -3.968 -34.302 -80.991 -2.541 0.276562 0.990676 0.263175 0.956271 0.361197 0.982733
3 16 1.185 -90.151 6.300 -0.932 -113.927 1.665 17.846 -90.363 1.703 0.295402 0.542867 0.227324 0.648933 0.221049 0.492885
3 16 1.185 -90.151 6.300 -21.672 -123.441 5.278 -0.932 -113.927 1.665 0.295402 0.542867 0.288146 0.752113 0.227324 0.648933
3 16 -12.585 -129.221 2.282 -0.932 -113.927 1.665 -21.672 -123.441 5.278 0.230314 0.748598 0.227324 0.648933 0.288146 0.752113
3 16 -10.710 -144.996 1.734 33.643 -165.637 2.834 -12.585 -129.221 2.282 0.711856 0.390935 0.646214 0.635915 0.655291 0.331042
3 16 -10.710 -144.996 1.734 18.832 -186.553 3.179 33.643 -165.637 2.834 0.711856 0.390935 0.778612 0.646733 0.646214 0.635915
3 16 1.657 -225.711 0.981 -2.427 -234.411 -1.910 -3.041 -234.311 1.910 0.305482 0.900449 0.319310 0.958468 0.303135 0.956648
3 16 1.657 -225.711 0.981 2.015 -225.711 -1.033 -2.427 -234.411 -1.910 0.305482 0.900449 0.317044 0.899960 0.319310 0.958468
3 16 -2.427 -234.411 -1.910 18.453 -252.480 -3.378 6.646 -276.024 -1.370 0.522031 0.652418 0.617273 0.759096 0.540280 0.871944
3 16 16.393 -247.993 -2.539 18.453 -252.480 -3.378 -2.427 -234.411 -1.910 0.609875 0.734277 0.617273 0.759096 0.522031 0.652418
3 16 -17.892 -54.087 -4.066 -1.643 -41.175 -4.161 -22.071 -65.754 -3.968 0.331401 0.676219 0.374449 0.577543 0.340849 0.739754
3 16 -13.871 -36.640 -3.421 -1.643 -41.175 -4.161 -17.892 -54.087 -4.066 0.307345 0.586535 0.374449 0.577543 0.331401 0.676219
3 16 -2.950 -20.000 -3.042 -1.643 -41.175 -4.161 -13.871 -36.640 -3.421 0.316709 0.483779 0.374449 0.577543 0.307345 0.586535
3 16 -2.950 -20.000 -3.042 7.663 -30.443 -3.803 -1.643 -41.175 -4.161 0.316709 0.483779 0.390792 0.505740 0.374449 0.577543
3 16 -2.950 -20.000 -3.042 5.489 -20.000 -3.089 7.663 -30.443 -3.803 0.316709 0.483779 0.355297 0.463196 0.390792 0.505740
3 16 20.768 -19.991 2.250 23.475 -20.000 -2.984 20.768 -19.991 -2.250 0.796768 0.827959 0.769313 0.841354 0.773451 0.827423
3 16 20.768 -19.991 2.250 23.441 -20.000 4.073 23.475 -20.000 -2.984 0.796768 0.827959 0.805889 0.842031 0.769313 0.841354
3 16 12.393 -19.991 6.125 18.077 -20.000 6.563 16.893 -20.009 6.151 0.817940 0.785047 0.819452 0.814550 0.817476 0.808366
3 16 12.393 -19.991 6.125 11.168 -20.000 6.563 18.077 -20.000 6.563 0.817940 0.785047 0.820369 0.778758 0.819452 0.814550
3 16 18.056 -20.000 -6.563 12.393 -19.991 -6.125 16.893 -19.991 -6.125 0.751454 0.812814 0.754466 0.783533 0.753873 0.806850
3 16 18.056 -20.000 -6.563 11.080 -20.000 -6.563 12.393 -19.991 -6.125 0.751454 0.812814 0.752372 0.776671 0.754466 0.783533
3 16 5.489 -20.000 -3.089 8.518 -19.991 2.250 8.518 -19.991 -2.250 0.771065 0.748137 0.798358 0.764484 0.775040 0.763943
3 16 5.489 -20.000 -3.089 5.447 -20.000 3.171 8.518 -19.991 2.250 0.771065 0.748137 0.803506 0.748684 0.798358 0.764484
3 16 11.080 -20.000 -6.563 8.518 -19.991 -2.250 12.393 -19.991 -6.125 0.752372 0.776671 0.775040 0.763943 0.754466 0.783533
3 16 11.080 -20.000 -6.563 5.489 -20.000 -3.089 8.518 -19.991 -2.250 0.752372 0.776671 0.771065 0.748137 0.775040 0.763943
3 16 8.518 -19.991 2.250 11.168 -20.000 6.563 12.393 -19.991 6.125 0.798358 0.764484 0.820369 0.778758 0.817940 0.785047
3 16 8.518 -19.991 2.250 5.447 -20.000 3.171 11.168 -20.000 6.563 0.798358 0.764484 0.803506 0.748684 0.820369 0.778758
3 16 20.768 -19.991 -2.250 18.056 -20.000 -6.563 16.893 -19.991 -6.125 0.773451 0.827423 0.751454 0.812814 0.753873 0.806850
3 16 20.768 -19.991 -2.250 23.475 -20.000 -2.984 18.056 -20.000 -6.563 0.773451 0.827423 0.769313 0.841354 0.751454 0.812814
3 16 20.768 -19.991 2.250 18.077 -20.000 6.563 23.441 -20.000 4.073 0.796768 0.827959 0.819452 0.814550 0.805889 0.842031
3 16 20.768 -19.991 2.250 16.893 -20.009 6.151 18.077 -20.000 6.563 0.796768 0.827959 0.817476 0.808366 0.819452 0.814550
3 16 16.893 -19.991 -2.250 20.768 -19.991 -2.250 16.893 -19.991 -6.125 0.773079 0.808176 0.773451 0.827423 0.753873 0.806850
3 16 16.893 -20.009 6.151 20.768 -19.991 2.250 16.893 -19.991 2.250 0.817476 0.808366 0.796768 0.827959 0.798090 0.808749
3 16 8.518 -19.991 2.250 12.393 -19.991 6.125 12.393 -19.991 2.250 0.798358 0.764484 0.817940 0.785047 0.798735 0.783732
3 16 12.393 -19.991 -6.125 8.518 -19.991 -2.250 12.393 -19.991 -2.250 0.754466 0.783533 0.775040 0.763943 0.773717 0.783154
3 16 34.643 -20.000 -0.861 34.643 -20.000 1.684 34.643 -30.707 1.694 0.006757 0.005932 0.019950 0.005917 0.020064 0.061411
3 16 -26.815 -141.767 1.067 -30.155 -142.591 -1.329 -26.815 -141.767 -1.511 0.343302 0.118624 0.330641 0.136119 0.330071 0.118448
3 16 -26.815 -141.767 1.067 -30.155 -142.591 1.641 -30.155 -142.591 -1.329 0.343302 0.118624 0.345887 0.136359 0.330641 0.136119
3 16 -31.541 -139.573 0.931 -29.557 -117.097 -1.315 -31.541 -139.573 -1.484 0.401551 0.186794 0.413428 0.069898 0.414065 0.186818
3 16 -31.541 -139.573 0.931 -28.711 -107.513 1.522 -29.557 -117.097 -1.315 0.401551 0.186794 0.399389 0.019912 0.413428 0.069898
3 16 -18.363 -76.782 0.172 -32.057 -81.653 1.325 -32.085 -81.694 -2.038 0.760946 0.465168 0.778982 0.538545 0.761812 0.541554
3 16 -18.363 -76.782 0.172 -18.043 -76.344 3.545 -32.057 -81.653 1.325 0.760946 0.465168 0.777888 0.460034 0.778982 0.538545
3 16 -34.302 -80.991 -2.541 -34.643 -78.289 0.461 -34.643 -78.289 -2.400 0.602480 0.447066 0.586344 0.433617 0.601159 0.432988
3 16 -34.302 -80.991 -2.541 -34.302 -80.991 0.790 -34.643 -78.289 0.461 0.602480 0.447066 0.585228 0.447792 0.586344 0.433617
2 24 20.768 0.000 2.250 16.893 0.000 2.250
2 24 12.393 0.000 2.250 8.518 0.000 2.250
2 24 12.393 0.000 -6.125 12.393 0.000 -2.250
2 24 12.393 0.000 2.250 12.393 0.000 6.125
2 24 -29.018 -65.465 -0.457 -34.643 -78.289 0.461
2 24 8.518 0.000 -2.250 8.518 0.000 2.250
2 24 16.893 0.000 6.125 12.393 0.000 6.125
2 24 20.768 0.000 -2.250 16.893 0.000 -2.250
2 24 12.393 0.000 -2.250 8.518 0.000 -2.250
2 24 16.893 0.000 -6.125 16.893 0.000 -2.250
2 24 16.893 0.000 2.250 16.893 0.000 6.125
2 24 16.893 -20.009 6.151 12.393 -19.991 6.125
2 24 8.518 -19.991 -2.250 8.518 -19.991 2.250
2 24 12.393 0.000 2.250 12.393 -19.991 2.250
2 24 -29.018 -65.465 -2.420 -34.643 -78.289 -2.400
2 24 16.893 0.000 6.125 16.893 -20.009 6.151
2 24 8.518 0.000 -2.250 8.518 -19.991 -2.250
2 24 12.393 0.000 6.125 12.393 -19.991 6.125
2 24 8.518 0.000 2.250 8.518 -19.991 2.250
2 24 16.893 0.000 2.250 16.893 -19.991 2.250
2 24 12.393 0.000 -2.250 12.393 -19.991 -2.250
2 24 34.643 -20.000 -0.861 34.643 -20.000 1.684
2 24 16.893 -19.991 2.250 16.893 -20.009 6.151
2 24 16.893 -19.991 -6.125 16.893 -19.991 -2.250
2 24 20.768 -19.991 -2.250 16.893 -19.991 -2.250
2 24 12.393 -19.991 -2.250 8.518 -19.991 -2.250
2 24 11.080 -20.000 -6.563 5.489 -20.000 -3.089
2 24 20.768 0.000 -2.250 20.768 0.000 2.250
2 24 16.893 0.000 -6.125 12.393 0.000 -6.125
2 24 16.893 0.000 -2.250 16.893 -19.991 -2.250
2 24 16.893 0.000 -6.125 16.893 -19.991 -6.125
2 24 20.768 0.000 -2.250 20.768 -19.991 -2.250
2 24 -13.871 -36.640 -3.421 -20.597 -46.030 -0.355
2 24 20.768 -19.991 2.250 16.893 -19.991 2.250
2 24 12.393 -19.991 2.250 8.518 -19.991 2.250
2 24 12.393 -19.991 -6.125 12.393 -19.991 -2.250
2 24 12.393 -19.991 2.250 12.393 -19.991 6.125
2 24 20.768 0.000 2.250 20.768 -19.991 2.250
2 24 12.393 0.000 -6.125 12.393 -19.991 -6.125
2 24 -13.871 -36.640 0.653 -20.300 -46.319 2.369
2 24 20.768 -19.991 -2.250 20.768 -19.991 2.250
2 24 16.893 -19.991 -6.125 12.393 -19.991 -6.125
2 24 34.643 -20.000 -0.861 23.475 -20.000 -2.984
2 24 33.643 -165.637 2.834 26.420 -131.975 1.497
2 24 -18.363 -76.782 0.172 -23.439 -103.067 0.441
2 24 18.056 -20.000 -6.563 11.080 -20.000 -6.563
2 24 11.168 -20.000 6.563 5.447 -20.000 3.171
2 24 34.643 -124.320 2.461 26.420 -131.975 1.497
2 24 23.441 -20.000 4.073 18.077 -20.000 6.563
2 24 -12.441 -128.784 -2.038 -26.815 -141.767 -1.511
2 24 -10.710 -144.996 -1.691 -14.006 -153.193 -2.123
2 24 -29.143 -49.691 -3.664 -29.143 -49.691 -1.356
2 24 -5.003 -171.654 -1.338 -12.118 -156.101 -2.011
2 24 2.015 -225.711 -1.033 -2.427 -234.411 -1.910
2 24 34.643 -20.000 -0.861 34.643 -124.320 -1.865
2 24 29.190 -181.125 -0.733 26.831 -246.986 -0.955
2 24 5.447 -20.000 3.171 -2.950 -20.000 2.018
2 24 28.992 -181.094 1.377 26.831 -246.986 0.979
2 24 18.077 -20.000 6.563 11.168 -20.000 6.563
2 24 23.475 -20.000 -2.984 18.056 -20.000 -6.563
2 24 -2.950 -20.000 2.018 -13.871 -36.640 0.653
2 24 -18.043 -76.344 3.545 -18.363 -76.782 0.172
2 24 -32.085 -81.694 -2.038 -34.302 -80.991 -2.541
2 24 -18.043 -76.344 3.545 -23.439 -103.067 3.537
2 24 -12.585 -129.221 2.282 -26.815 -141.767 1.067
2 24 5.489 -20.000 -3.089 -2.950 -20.000 -3.042
2 24 -20.300 -46.319 2.369 -29.143 -49.691 -1.356
2 24 -18.043 -76.344 3.545 -32.057 -81.653 1.325
2 24 34.643 -30.707 1.694 34.643 -124.320 2.461
2 24 34.643 -20.000 1.684 34.643 -30.707 1.694
2 24 1.657 -225.711 0.981 -3.041 -234.311 1.910
2 24 6.646 -276.024 -1.370 6.443 -276.535 1.369
2 24 34.643 -124.320 -1.865 26.513 -131.891 -0.938
2 24 -2.950 -20.000 -3.042 -13.871 -36.640 -3.421
2 24 -17.892 -54.087 -4.066 -20.597 -46.030 -0.355
2 24 -29.018 -65.465 -2.420 -29.143 -49.691 -3.664
2 24 -20.597 -46.030 -0.355 -29.143 -49.691 -3.664
2 24 -10.710 -144.996 -1.691 -12.441 -128.784 -2.038
2 24 -2.950 -20.000 -3.042 -2.950 -20.000 2.018
2 24 34.643 -124.320 -1.865 34.643 -124.320 2.461
2 24 -23.439 -103.067 0.441 -28.711 -107.513 -1.243
2 24 26.513 -131.891 -0.938 26.420 -131.975 1.497
2 24 -14.038 -154.879 2.493 -15.049 -153.530 2.552
2 24 -14.006 -153.193 -2.123 -15.049 -153.530 2.552
2 24 -12.118 -156.101 -2.011 -14.006 -153.193 -2.123
2 24 -5.003 -171.654 0.943 -14.038 -154.879 2.493
2 24 -10.710 -144.996 1.734 -15.049 -153.530 2.552
2 24 -12.441 -128.784 -2.038 -12.585 -129.221 2.282
2 24 -10.710 -144.996 1.734 -12.585 -129.221 2.282
2 24 -30.155 -142.591 -1.329 -30.155 -142.591 1.641
2 24 -30.155 -142.591 1.641 -31.541 -139.573 0.931
2 24 -30.155 -142.591 -1.329 -31.541 -139.573 -1.484
2 24 -28.711 -107.513 -1.243 -28.711 -107.513 1.522
2 24 -28.711 -107.513 -1.243 -31.541 -139.573 -1.484
2 24 -23.439 -103.067 3.537 -28.711 -107.513 1.522
2 24 -18.363 -76.782 0.172 -32.085 -81.694 -2.038
2 24 -34.302 -80.991 -2.541 -34.302 -80.991 0.790
2 24 -32.057 -81.653 1.325 -34.302 -80.991 0.790
2 24 -29.018 -65.465 -0.457 -29.143 -49.691 -1.356
2 24 33.643 -165.637 2.834 28.992 -181.094 1.377
2 24 34.643 -20.000 1.684 23.441 -20.000 4.073
2 24 2.015 -225.711 -1.033 -5.003 -171.654 -1.338
2 24 -26.815 -141.767 1.067 -30.155 -142.591 1.641
2 24 6.443 -276.535 1.369 -3.041 -234.311 1.910
2 24 -34.302 -80.991 -2.541 -34.643 -78.289 -2.400
2 24 26.831 -246.986 0.979 18.452 -280.000 1.546
2 24 18.535 -279.568 -1.013 18.452 -280.000 1.546
2 24 26.831 -246.986 -0.955 18.535 -279.568 -1.013
2 24 -28.711 -107.513 1.522 -31.541 -139.573 0.931
2 24 1.657 -225.711 0.981 -5.003 -171.654 0.943
2 24 33.643 -165.623 -2.771 26.513 -131.891 -0.938
2 24 33.643 -165.623 -2.771 29.190 -181.125 -0.733
2 24 6.646 -276.024 -1.370 -2.427 -234.411 -1.910
2 24 -34.302 -80.991 0.790 -34.643 -78.289 0.461
2 24 18.535 -279.568 -1.013 6.646 -276.024 -1.370
2 24 18.452 -280.000 1.546 6.443 -276.535 1.369
2 24 -26.815 -141.767 -1.511 -30.155 -142.591 -1.329
